# Region        : cellZone component_0
# Cells         : 821
# Volume        : 1.76812212e+00
# Time          	volAverage(T)
1               	3.00046061e+02
2               	3.00091891e+02
3               	3.00135464e+02
4               	3.00177228e+02
5               	3.00218031e+02
6               	3.00258089e+02
7               	3.00297469e+02
8               	3.00336233e+02
9               	3.00374509e+02
10              	3.00412389e+02
11              	3.00449806e+02
12              	3.00486745e+02
13              	3.00523025e+02
14              	3.00559010e+02
15              	3.00594849e+02
16              	3.00630378e+02
17              	3.00666099e+02
18              	3.00701438e+02
19              	3.00736229e+02
20              	3.00770559e+02
21              	3.00804356e+02
22              	3.00837808e+02
23              	3.00870700e+02
24              	3.00903858e+02
25              	3.00935879e+02
26              	3.00967606e+02
27              	3.00998864e+02
28              	3.01029682e+02
29              	3.01060078e+02
30              	3.01091494e+02
31              	3.01121116e+02
32              	3.01150563e+02
33              	3.01179998e+02
34              	3.01208661e+02
35              	3.01237248e+02
36              	3.01266926e+02
37              	3.01295003e+02
38              	3.01322986e+02
39              	3.01350389e+02
40              	3.01377402e+02
41              	3.01404764e+02
42              	3.01430902e+02
43              	3.01457332e+02
44              	3.01483314e+02
45              	3.01508522e+02
46              	3.01532874e+02
47              	3.01557603e+02
48              	3.01582505e+02
49              	3.01607274e+02
50              	3.01631858e+02
51              	3.01656175e+02
52              	3.01680064e+02
53              	3.01703850e+02
54              	3.01727996e+02
55              	3.01752583e+02
56              	3.01775287e+02
57              	3.01796775e+02
58              	3.01817858e+02
59              	3.01838784e+02
60              	3.01859576e+02
61              	3.01880016e+02
62              	3.01900473e+02
63              	3.01920241e+02
64              	3.01939698e+02
65              	3.01959034e+02
66              	3.01978230e+02
67              	3.01997888e+02
68              	3.02017762e+02
69              	3.02036738e+02
70              	3.02055364e+02
71              	3.02074056e+02
72              	3.02092859e+02
73              	3.02111944e+02
74              	3.02130926e+02
75              	3.02149533e+02
76              	3.02167997e+02
77              	3.02186080e+02
78              	3.02204165e+02
79              	3.02222201e+02
80              	3.02239592e+02
81              	3.02256254e+02
82              	3.02272450e+02
83              	3.02288223e+02
84              	3.02303804e+02
85              	3.02319183e+02
86              	3.02334493e+02
87              	3.02349380e+02
88              	3.02364544e+02
89              	3.02379502e+02
90              	3.02394136e+02
91              	3.02409137e+02
92              	3.02423987e+02
93              	3.02438307e+02
94              	3.02452373e+02
95              	3.02466627e+02
96              	3.02481016e+02
97              	3.02495630e+02
98              	3.02510121e+02
99              	3.02524319e+02
100             	3.02538206e+02
101             	3.02552549e+02
102             	3.02566502e+02
103             	3.02579953e+02
104             	3.02592913e+02
105             	3.02606002e+02
106             	3.02618512e+02
107             	3.02630948e+02
108             	3.02643064e+02
109             	3.02654807e+02
110             	3.02666374e+02
111             	3.02677907e+02
112             	3.02689561e+02
113             	3.02701187e+02
114             	3.02712477e+02
115             	3.02723510e+02
116             	3.02734748e+02
117             	3.02746573e+02
118             	3.02758163e+02
119             	3.02769587e+02
120             	3.02780821e+02
121             	3.02791838e+02
122             	3.02802598e+02
123             	3.02813439e+02
124             	3.02824514e+02
125             	3.02835608e+02
126             	3.02846322e+02
127             	3.02857017e+02
128             	3.02867387e+02
129             	3.02877741e+02
130             	3.02888265e+02
131             	3.02898692e+02
132             	3.02908750e+02
133             	3.02918601e+02
134             	3.02928024e+02
135             	3.02937743e+02
136             	3.02947247e+02
137             	3.02956646e+02
138             	3.02966078e+02
139             	3.02975872e+02
140             	3.02985249e+02
141             	3.02994539e+02
142             	3.03003765e+02
143             	3.03012735e+02
144             	3.03021720e+02
145             	3.03030673e+02
146             	3.03040051e+02
147             	3.03049054e+02
148             	3.03057976e+02
149             	3.03067010e+02
150             	3.03075926e+02
151             	3.03084264e+02
152             	3.03092400e+02
153             	3.03100425e+02
154             	3.03108200e+02
155             	3.03115854e+02
156             	3.03123212e+02
157             	3.03130909e+02
158             	3.03138446e+02
159             	3.03145806e+02
160             	3.03153198e+02
161             	3.03160699e+02
162             	3.03168462e+02
163             	3.03175731e+02
164             	3.03183051e+02
165             	3.03190267e+02
166             	3.03197351e+02
167             	3.03204745e+02
168             	3.03212441e+02
169             	3.03220065e+02
170             	3.03227807e+02
171             	3.03235202e+02
172             	3.03242039e+02
173             	3.03248919e+02
174             	3.03255407e+02
175             	3.03261801e+02
176             	3.03268213e+02
177             	3.03274403e+02
178             	3.03280238e+02
179             	3.03286187e+02
180             	3.03292557e+02
181             	3.03298946e+02
182             	3.03305479e+02
183             	3.03311848e+02
184             	3.03318469e+02
185             	3.03324952e+02
186             	3.03331373e+02
187             	3.03337856e+02
188             	3.03344512e+02
189             	3.03350970e+02
190             	3.03357091e+02
191             	3.03363111e+02
192             	3.03369070e+02
193             	3.03374881e+02
194             	3.03380424e+02
195             	3.03385780e+02
196             	3.03391122e+02
197             	3.03396377e+02
198             	3.03401717e+02
199             	3.03407050e+02
200             	3.03412327e+02
201             	3.03417586e+02
202             	3.03422854e+02
203             	3.03428226e+02
204             	3.03433626e+02
205             	3.03438973e+02
206             	3.03444131e+02
207             	3.03449458e+02
208             	3.03454919e+02
209             	3.03460187e+02
210             	3.03465442e+02
211             	3.03470390e+02
212             	3.03475088e+02
213             	3.03479625e+02
214             	3.03484114e+02
215             	3.03488485e+02
216             	3.03492716e+02
217             	3.03496589e+02
218             	3.03500719e+02
219             	3.03504962e+02
220             	3.03509364e+02
221             	3.03513893e+02
222             	3.03518354e+02
223             	3.03522804e+02
224             	3.03527314e+02
225             	3.03531859e+02
226             	3.03536326e+02
227             	3.03540820e+02
228             	3.03545225e+02
229             	3.03549378e+02
230             	3.03553473e+02
231             	3.03557528e+02
232             	3.03561544e+02
233             	3.03565508e+02
234             	3.03569445e+02
235             	3.03573250e+02
236             	3.03577181e+02
237             	3.03580932e+02
238             	3.03584692e+02
239             	3.03588352e+02
240             	3.03591653e+02
241             	3.03595227e+02
242             	3.03598777e+02
243             	3.03602411e+02
244             	3.03605890e+02
245             	3.03609345e+02
246             	3.03612731e+02
247             	3.03616372e+02
248             	3.03619932e+02
249             	3.03623567e+02
250             	3.03627240e+02
251             	3.03630666e+02
252             	3.03633973e+02
253             	3.03637076e+02
254             	3.03640160e+02
255             	3.03643205e+02
256             	3.03646136e+02
257             	3.03649003e+02
258             	3.03651823e+02
259             	3.03654611e+02
260             	3.03657215e+02
261             	3.03659889e+02
262             	3.03662687e+02
263             	3.03665492e+02
264             	3.03668339e+02
265             	3.03671155e+02
266             	3.03674110e+02
267             	3.03676935e+02
268             	3.03679720e+02
269             	3.03682734e+02
270             	3.03685871e+02
271             	3.03688895e+02
272             	3.03691701e+02
273             	3.03694406e+02
274             	3.03696956e+02
275             	3.03699459e+02
276             	3.03701946e+02
277             	3.03704319e+02
278             	3.03706661e+02
279             	3.03708887e+02
280             	3.03710734e+02
281             	3.03712967e+02
282             	3.03715158e+02
283             	3.03717387e+02
284             	3.03719680e+02
285             	3.03721992e+02
286             	3.03724170e+02
287             	3.03726349e+02
288             	3.03728358e+02
289             	3.03730309e+02
290             	3.03732284e+02
291             	3.03734565e+02
292             	3.03736935e+02
293             	3.03738969e+02
294             	3.03741082e+02
295             	3.03742996e+02
296             	3.03744882e+02
297             	3.03746794e+02
298             	3.03748620e+02
299             	3.03749938e+02
300             	3.03751710e+02
301             	3.03753596e+02
302             	3.03755529e+02
303             	3.03757451e+02
304             	3.03759453e+02
305             	3.03761397e+02
306             	3.03763196e+02
307             	3.03765000e+02
308             	3.03767067e+02
309             	3.03769262e+02
310             	3.03770948e+02
311             	3.03772495e+02
312             	3.03774123e+02
313             	3.03775753e+02
314             	3.03777422e+02
315             	3.03779010e+02
316             	3.03780208e+02
317             	3.03781365e+02
318             	3.03782957e+02
319             	3.03784661e+02
320             	3.03786262e+02
321             	3.03787882e+02
322             	3.03789632e+02
323             	3.03791550e+02
324             	3.03793636e+02
325             	3.03795513e+02
326             	3.03796928e+02
327             	3.03798209e+02
328             	3.03799491e+02
329             	3.03800644e+02
330             	3.03801708e+02
331             	3.03802650e+02
332             	3.03803394e+02
333             	3.03804194e+02
334             	3.03805260e+02
335             	3.03806358e+02
336             	3.03807474e+02
337             	3.03808649e+02
338             	3.03809875e+02
339             	3.03811121e+02
340             	3.03812409e+02
341             	3.03813868e+02
342             	3.03815339e+02
343             	3.03816508e+02
344             	3.03817596e+02
345             	3.03818767e+02
346             	3.03819815e+02
347             	3.03820943e+02
348             	3.03822022e+02
349             	3.03822913e+02
350             	3.03823471e+02
351             	3.03824288e+02
352             	3.03825290e+02
353             	3.03826298e+02
354             	3.03827399e+02
355             	3.03828573e+02
356             	3.03829801e+02
357             	3.03831074e+02
358             	3.03832396e+02
359             	3.03833744e+02
360             	3.03835256e+02
361             	3.03836621e+02
362             	3.03837907e+02
363             	3.03839163e+02
364             	3.03840382e+02
365             	3.03841609e+02
366             	3.03842725e+02
367             	3.03843661e+02
368             	3.03844273e+02
369             	3.03845100e+02
370             	3.03846018e+02
371             	3.03846838e+02
372             	3.03847602e+02
373             	3.03848551e+02
374             	3.03849486e+02
375             	3.03850500e+02
376             	3.03851658e+02
377             	3.03853006e+02
378             	3.03853949e+02
379             	3.03854707e+02
380             	3.03855440e+02
381             	3.03856124e+02
382             	3.03856775e+02
383             	3.03857292e+02
384             	3.03857598e+02
385             	3.03858028e+02
386             	3.03858615e+02
387             	3.03859313e+02
388             	3.03860077e+02
389             	3.03860846e+02
390             	3.03861700e+02
391             	3.03862592e+02
392             	3.03863529e+02
393             	3.03864436e+02
394             	3.03865345e+02
395             	3.03866301e+02
396             	3.03867333e+02
397             	3.03868331e+02
398             	3.03869452e+02
399             	3.03870466e+02
400             	3.03871418e+02
401             	3.03872278e+02
402             	3.03873072e+02
403             	3.03873754e+02
404             	3.03874378e+02
405             	3.03874951e+02
406             	3.03875486e+02
407             	3.03876013e+02
408             	3.03876590e+02
409             	3.03877018e+02
410             	3.03877401e+02
411             	3.03878031e+02
412             	3.03878827e+02
413             	3.03879706e+02
414             	3.03880547e+02
415             	3.03881340e+02
416             	3.03882086e+02
417             	3.03882895e+02
418             	3.03883634e+02
419             	3.03884293e+02
420             	3.03884944e+02
421             	3.03885653e+02
422             	3.03886147e+02
423             	3.03886546e+02
424             	3.03886908e+02
425             	3.03887227e+02
426             	3.03887577e+02
427             	3.03887956e+02
428             	3.03888366e+02
429             	3.03888808e+02
430             	3.03889299e+02
431             	3.03889801e+02
432             	3.03890228e+02
433             	3.03890828e+02
434             	3.03891178e+02
435             	3.03891717e+02
436             	3.03892343e+02
437             	3.03892968e+02
438             	3.03893608e+02
439             	3.03894286e+02
440             	3.03895122e+02
441             	3.03896064e+02
442             	3.03896772e+02
443             	3.03897395e+02
444             	3.03897894e+02
445             	3.03898444e+02
446             	3.03898941e+02
447             	3.03899198e+02
448             	3.03899056e+02
449             	3.03899366e+02
450             	3.03899709e+02
451             	3.03900036e+02
452             	3.03900479e+02
453             	3.03901073e+02
454             	3.03901702e+02
455             	3.03902713e+02
456             	3.03903493e+02
457             	3.03903889e+02
458             	3.03904244e+02
459             	3.03904595e+02
460             	3.03904935e+02
461             	3.03905190e+02
462             	3.03905321e+02
463             	3.03905039e+02
464             	3.03905234e+02
465             	3.03905396e+02
466             	3.03905628e+02
467             	3.03905944e+02
468             	3.03906267e+02
469             	3.03906590e+02
470             	3.03906669e+02
471             	3.03906787e+02
472             	3.03907134e+02
473             	3.03907559e+02
474             	3.03907720e+02
475             	3.03907827e+02
476             	3.03908061e+02
477             	3.03908258e+02
478             	3.03908305e+02
479             	3.03908146e+02
480             	3.03907484e+02
481             	3.03907290e+02
482             	3.03907198e+02
483             	3.03907137e+02
484             	3.03907241e+02
485             	3.03907506e+02
486             	3.03907830e+02
487             	3.03908140e+02
488             	3.03908574e+02
489             	3.03909013e+02
490             	3.03909620e+02
491             	3.03910088e+02
492             	3.03910457e+02
493             	3.03910807e+02
494             	3.03911137e+02
495             	3.03911427e+02
496             	3.03911679e+02
497             	3.03911917e+02
498             	3.03912134e+02
499             	3.03912285e+02
500             	3.03912545e+02
501             	3.03912669e+02
502             	3.03912903e+02
503             	3.03913173e+02
504             	3.03913489e+02
505             	3.03913956e+02
506             	3.03914446e+02
507             	3.03914958e+02
508             	3.03915458e+02
509             	3.03915967e+02
510             	3.03916465e+02
511             	3.03916931e+02
512             	3.03917393e+02
513             	3.03917842e+02
514             	3.03918255e+02
515             	3.03918597e+02
516             	3.03918834e+02
517             	3.03919004e+02
518             	3.03919087e+02
519             	3.03919153e+02
520             	3.03919229e+02
521             	3.03919352e+02
522             	3.03919486e+02
523             	3.03919642e+02
524             	3.03919831e+02
525             	3.03919910e+02
526             	3.03919785e+02
527             	3.03919760e+02
528             	3.03919918e+02
529             	3.03920169e+02
530             	3.03920457e+02
531             	3.03920770e+02
532             	3.03921146e+02
533             	3.03921663e+02
534             	3.03922269e+02
535             	3.03922885e+02
536             	3.03923303e+02
537             	3.03923717e+02
538             	3.03924076e+02
539             	3.03924461e+02
540             	3.03924825e+02
541             	3.03925150e+02
542             	3.03925428e+02
543             	3.03925642e+02
544             	3.03925798e+02
545             	3.03925912e+02
546             	3.03926025e+02
547             	3.03925958e+02
548             	3.03926018e+02
549             	3.03926232e+02
550             	3.03926380e+02
551             	3.03926527e+02
552             	3.03926743e+02
553             	3.03926873e+02
554             	3.03926987e+02
555             	3.03927095e+02
556             	3.03927171e+02
557             	3.03927217e+02
558             	3.03927255e+02
559             	3.03927297e+02
560             	3.03927412e+02
561             	3.03927456e+02
562             	3.03927443e+02
563             	3.03927413e+02
564             	3.03927414e+02
565             	3.03927574e+02
566             	3.03927970e+02
567             	3.03928238e+02
568             	3.03928501e+02
569             	3.03928721e+02
570             	3.03929101e+02
571             	3.03929515e+02
572             	3.03929667e+02
573             	3.03929997e+02
574             	3.03930117e+02
575             	3.03930332e+02
576             	3.03930596e+02
577             	3.03930761e+02
578             	3.03930977e+02
579             	3.03931252e+02
580             	3.03931430e+02
581             	3.03931561e+02
582             	3.03931678e+02
583             	3.03931790e+02
584             	3.03931960e+02
585             	3.03932204e+02
586             	3.03932436e+02
587             	3.03932767e+02
588             	3.03933094e+02
589             	3.03933445e+02
590             	3.03933747e+02
591             	3.03933868e+02
592             	3.03934036e+02
593             	3.03934238e+02
594             	3.03934449e+02
595             	3.03934699e+02
596             	3.03934727e+02
597             	3.03934808e+02
598             	3.03934986e+02
599             	3.03935130e+02
600             	3.03935288e+02
601             	3.03935460e+02
602             	3.03935390e+02
603             	3.03935470e+02
604             	3.03935634e+02
605             	3.03935828e+02
606             	3.03935820e+02
607             	3.03935899e+02
608             	3.03936017e+02
609             	3.03936151e+02
610             	3.03936298e+02
611             	3.03936452e+02
612             	3.03936608e+02
613             	3.03936612e+02
614             	3.03936778e+02
615             	3.03936886e+02
616             	3.03936998e+02
617             	3.03937111e+02
618             	3.03937216e+02
619             	3.03937311e+02
620             	3.03937441e+02
621             	3.03937581e+02
622             	3.03937736e+02
623             	3.03937673e+02
624             	3.03937688e+02
625             	3.03937769e+02
626             	3.03937880e+02
627             	3.03938021e+02
628             	3.03938179e+02
629             	3.03938158e+02
630             	3.03938262e+02
631             	3.03938385e+02
632             	3.03938539e+02
633             	3.03938583e+02
634             	3.03938741e+02
635             	3.03938928e+02
636             	3.03939137e+02
637             	3.03939202e+02
638             	3.03939344e+02
639             	3.03939516e+02
640             	3.03939742e+02
641             	3.03939972e+02
642             	3.03939972e+02
643             	3.03940059e+02
644             	3.03940205e+02
645             	3.03940322e+02
646             	3.03940430e+02
647             	3.03940503e+02
648             	3.03940304e+02
649             	3.03940248e+02
650             	3.03940217e+02
651             	3.03940205e+02
652             	3.03940215e+02
653             	3.03940047e+02
654             	3.03939997e+02
655             	3.03940028e+02
656             	3.03940051e+02
657             	3.03940091e+02
658             	3.03940140e+02
659             	3.03940181e+02
660             	3.03940214e+02
661             	3.03940140e+02
662             	3.03940270e+02
663             	3.03940461e+02
664             	3.03940503e+02
665             	3.03940647e+02
666             	3.03940782e+02
667             	3.03940989e+02
668             	3.03941147e+02
669             	3.03941281e+02
670             	3.03941425e+02
671             	3.03941669e+02
672             	3.03941849e+02
673             	3.03942038e+02
674             	3.03942216e+02
675             	3.03942383e+02
676             	3.03942563e+02
677             	3.03942749e+02
678             	3.03942932e+02
679             	3.03943098e+02
680             	3.03943269e+02
681             	3.03943428e+02
682             	3.03943559e+02
683             	3.03943668e+02
684             	3.03943757e+02
685             	3.03943835e+02
686             	3.03943925e+02
687             	3.03943807e+02
688             	3.03943746e+02
689             	3.03943766e+02
690             	3.03943800e+02
691             	3.03943670e+02
692             	3.03943632e+02
693             	3.03943635e+02
694             	3.03943675e+02
695             	3.03943550e+02
696             	3.03943529e+02
697             	3.03943558e+02
698             	3.03943630e+02
699             	3.03943534e+02
700             	3.03943519e+02
701             	3.03943545e+02
702             	3.03943608e+02
703             	3.03943513e+02
704             	3.03943497e+02
705             	3.03943560e+02
706             	3.03943669e+02
707             	3.03943618e+02
708             	3.03943657e+02
709             	3.03943733e+02
710             	3.03943832e+02
711             	3.03943911e+02
712             	3.03943977e+02
713             	3.03943874e+02
714             	3.03943862e+02
715             	3.03943930e+02
716             	3.03944042e+02
717             	3.03944146e+02
718             	3.03944293e+02
719             	3.03944421e+02
720             	3.03944371e+02
721             	3.03944448e+02
722             	3.03944550e+02
723             	3.03944661e+02
724             	3.03944782e+02
725             	3.03944913e+02
726             	3.03945031e+02
727             	3.03945144e+02
728             	3.03945018e+02
729             	3.03944956e+02
730             	3.03944909e+02
731             	3.03944852e+02
732             	3.03944792e+02
733             	3.03944528e+02
734             	3.03944352e+02
735             	3.03944218e+02
736             	3.03944105e+02
737             	3.03944021e+02
738             	3.03943965e+02
739             	3.03943939e+02
740             	3.03943942e+02
741             	3.03943747e+02
742             	3.03943673e+02
743             	3.03943654e+02
744             	3.03943669e+02
745             	3.03943712e+02
746             	3.03943790e+02
747             	3.03943666e+02
748             	3.03943636e+02
749             	3.03943609e+02
750             	3.03943700e+02
751             	3.03943645e+02
752             	3.03943680e+02
753             	3.03943748e+02
754             	3.03943862e+02
755             	3.03943814e+02
756             	3.03943879e+02
757             	3.03944002e+02
758             	3.03944178e+02
759             	3.03944200e+02
760             	3.03944338e+02
761             	3.03944530e+02
762             	3.03944721e+02
763             	3.03944754e+02
764             	3.03944860e+02
765             	3.03945014e+02
766             	3.03945195e+02
767             	3.03945236e+02
768             	3.03945350e+02
769             	3.03945490e+02
770             	3.03945653e+02
771             	3.03945820e+02
772             	3.03945754e+02
773             	3.03945739e+02
774             	3.03945730e+02
775             	3.03945703e+02
776             	3.03945655e+02
777             	3.03945614e+02
778             	3.03945580e+02
779             	3.03945331e+02
780             	3.03945166e+02
781             	3.03945033e+02
782             	3.03944925e+02
783             	3.03944846e+02
784             	3.03944794e+02
785             	3.03944564e+02
786             	3.03944438e+02
787             	3.03944362e+02
788             	3.03944327e+02
789             	3.03944326e+02
790             	3.03944131e+02
791             	3.03944068e+02
792             	3.03944069e+02
793             	3.03944119e+02
794             	3.03944228e+02
795             	3.03944137e+02
796             	3.03944140e+02
797             	3.03944174e+02
798             	3.03944231e+02
799             	3.03944122e+02
800             	3.03944117e+02
801             	3.03944196e+02
802             	3.03944292e+02
803             	3.03944429e+02
804             	3.03944580e+02
805             	3.03944748e+02
806             	3.03944692e+02
807             	3.03944717e+02
808             	3.03944771e+02
809             	3.03944863e+02
810             	3.03944819e+02
811             	3.03944895e+02
812             	3.03945047e+02
813             	3.03945248e+02
814             	3.03945254e+02
815             	3.03945314e+02
816             	3.03945377e+02
817             	3.03945437e+02
818             	3.03945305e+02
819             	3.03945224e+02
820             	3.03945158e+02
821             	3.03945109e+02
822             	3.03945077e+02
823             	3.03944863e+02
824             	3.03944754e+02
825             	3.03944682e+02
826             	3.03944638e+02
827             	3.03944622e+02
828             	3.03944614e+02
829             	3.03944612e+02
830             	3.03944397e+02
831             	3.03944266e+02
832             	3.03944146e+02
833             	3.03943858e+02
834             	3.03943733e+02
835             	3.03943671e+02
836             	3.03943593e+02
837             	3.03943482e+02
838             	3.03943369e+02
839             	3.03943308e+02
840             	3.03943373e+02
841             	3.03943252e+02
842             	3.03943223e+02
843             	3.03943202e+02
844             	3.03943238e+02
845             	3.03943303e+02
846             	3.03943380e+02
847             	3.03943455e+02
848             	3.03943512e+02
849             	3.03943568e+02
850             	3.03943604e+02
851             	3.03943641e+02
852             	3.03943772e+02
853             	3.03943678e+02
854             	3.03943684e+02
855             	3.03943725e+02
856             	3.03943790e+02
857             	3.03943876e+02
858             	3.03943748e+02
859             	3.03943715e+02
860             	3.03943736e+02
861             	3.03943812e+02
862             	3.03943802e+02
863             	3.03943757e+02
864             	3.03943691e+02
865             	3.03943623e+02
866             	3.03943563e+02
867             	3.03943495e+02
868             	3.03943421e+02
869             	3.03943373e+02
870             	3.03943370e+02
871             	3.03943406e+02
872             	3.03943267e+02
873             	3.03943222e+02
874             	3.03943186e+02
875             	3.03943162e+02
876             	3.03943132e+02
877             	3.03942893e+02
878             	3.03942735e+02
879             	3.03942620e+02
880             	3.03942555e+02
881             	3.03942538e+02
882             	3.03942594e+02
883             	3.03942453e+02
884             	3.03942431e+02
885             	3.03942474e+02
886             	3.03942570e+02
887             	3.03942695e+02
888             	3.03942820e+02
889             	3.03942936e+02
890             	3.03942843e+02
891             	3.03942877e+02
892             	3.03942945e+02
893             	3.03943047e+02
894             	3.03942983e+02
895             	3.03943010e+02
896             	3.03943082e+02
897             	3.03943199e+02
898             	3.03943155e+02
899             	3.03943225e+02
900             	3.03943336e+02
901             	3.03943473e+02
902             	3.03943634e+02
903             	3.03943551e+02
904             	3.03943535e+02
905             	3.03943524e+02
906             	3.03943514e+02
907             	3.03943506e+02
908             	3.03943293e+02
909             	3.03943155e+02
910             	3.03943039e+02
911             	3.03942952e+02
912             	3.03942897e+02
913             	3.03942649e+02
914             	3.03942498e+02
915             	3.03942378e+02
916             	3.03942284e+02
917             	3.03942245e+02
918             	3.03942240e+02
919             	3.03942055e+02
920             	3.03941968e+02
921             	3.03941907e+02
922             	3.03941908e+02
923             	3.03941915e+02
924             	3.03941932e+02
925             	3.03941960e+02
926             	3.03941776e+02
927             	3.03941684e+02
928             	3.03941633e+02
929             	3.03941601e+02
930             	3.03941604e+02
931             	3.03941444e+02
932             	3.03941420e+02
933             	3.03941434e+02
934             	3.03941491e+02
935             	3.03941590e+02
936             	3.03941523e+02
937             	3.03941549e+02
938             	3.03941609e+02
939             	3.03941709e+02
940             	3.03941826e+02
941             	3.03941969e+02
942             	3.03942157e+02
943             	3.03942151e+02
944             	3.03942259e+02
945             	3.03942409e+02
946             	3.03942571e+02
947             	3.03942747e+02
948             	3.03942715e+02
949             	3.03942756e+02
950             	3.03942773e+02
951             	3.03942767e+02
952             	3.03942763e+02
953             	3.03942557e+02
954             	3.03942451e+02
955             	3.03942386e+02
956             	3.03942350e+02
957             	3.03942341e+02
958             	3.03942329e+02
959             	3.03942359e+02
960             	3.03942222e+02
961             	3.03942176e+02
962             	3.03942202e+02
963             	3.03942246e+02
964             	3.03942331e+02
965             	3.03942200e+02
966             	3.03942153e+02
967             	3.03942140e+02
968             	3.03942166e+02
969             	3.03942056e+02
970             	3.03942060e+02
971             	3.03942114e+02
972             	3.03942201e+02
973             	3.03942122e+02
974             	3.03942161e+02
975             	3.03942227e+02
976             	3.03942335e+02
977             	3.03942468e+02
978             	3.03942655e+02
979             	3.03942654e+02
980             	3.03942763e+02
981             	3.03942919e+02
982             	3.03943100e+02
983             	3.03943105e+02
984             	3.03943193e+02
985             	3.03943316e+02
986             	3.03943467e+02
987             	3.03943428e+02
988             	3.03943474e+02
989             	3.03943551e+02
990             	3.03943633e+02
991             	3.03943513e+02
992             	3.03943464e+02
993             	3.03943432e+02
994             	3.03943411e+02
995             	3.03943199e+02
996             	3.03943062e+02
997             	3.03942956e+02
998             	3.03942880e+02
999             	3.03942647e+02
1000            	3.03942517e+02
1001            	3.03942435e+02
1002            	3.03942396e+02
1003            	3.03942394e+02
1004            	3.03942403e+02
1005            	3.03942230e+02
1006            	3.03942169e+02
1007            	3.03942125e+02
1008            	3.03942109e+02
1009            	3.03942150e+02
1010            	3.03941998e+02
1011            	3.03941944e+02
1012            	3.03941909e+02
1013            	3.03941881e+02
1014            	3.03941855e+02
1015            	3.03941834e+02
1016            	3.03941637e+02
1017            	3.03941542e+02
1018            	3.03941501e+02
1019            	3.03941514e+02
1020            	3.03941597e+02
1021            	3.03941514e+02
1022            	3.03941541e+02
1023            	3.03941650e+02
1024            	3.03941739e+02
1025            	3.03941855e+02
1026            	3.03941981e+02
1027            	3.03942117e+02
1028            	3.03942249e+02
1029            	3.03942361e+02
1030            	3.03942475e+02
1031            	3.03942556e+02
1032            	3.03942654e+02
1033            	3.03942505e+02
1034            	3.03942453e+02
1035            	3.03942397e+02
1036            	3.03942335e+02
1037            	3.03942268e+02
1038            	3.03941993e+02
1039            	3.03941810e+02
1040            	3.03941669e+02
1041            	3.03941573e+02
1042            	3.03941531e+02
1043            	3.03941298e+02
1044            	3.03941182e+02
1045            	3.03941125e+02
1046            	3.03941105e+02
1047            	3.03941101e+02
1048            	3.03941109e+02
1049            	3.03941128e+02
1050            	3.03941158e+02
1051            	3.03941196e+02
1052            	3.03941238e+02
1053            	3.03941100e+02
1054            	3.03941104e+02
1055            	3.03941163e+02
1056            	3.03941242e+02
1057            	3.03941346e+02
1058            	3.03941231e+02
1059            	3.03941204e+02
1060            	3.03941217e+02
1061            	3.03941280e+02
1062            	3.03941187e+02
1063            	3.03941196e+02
1064            	3.03941252e+02
1065            	3.03941370e+02
1066            	3.03941513e+02
1067            	3.03941461e+02
1068            	3.03941503e+02
1069            	3.03941574e+02
1070            	3.03941706e+02
1071            	3.03941893e+02
1072            	3.03941892e+02
1073            	3.03941998e+02
1074            	3.03942147e+02
1075            	3.03942326e+02
1076            	3.03942331e+02
1077            	3.03942406e+02
1078            	3.03942493e+02
1079            	3.03942587e+02
1080            	3.03942493e+02
1081            	3.03942462e+02
1082            	3.03942406e+02
1083            	3.03942337e+02
1084            	3.03942095e+02
1085            	3.03941955e+02
1086            	3.03941852e+02
1087            	3.03941783e+02
1088            	3.03941757e+02
1089            	3.03941522e+02
1090            	3.03941408e+02
1091            	3.03941359e+02
1092            	3.03941334e+02
1093            	3.03941325e+02
1094            	3.03941143e+02
1095            	3.03941019e+02
1096            	3.03940938e+02
1097            	3.03940869e+02
1098            	3.03940823e+02
1099            	3.03940808e+02
1100            	3.03940594e+02
1101            	3.03940516e+02
1102            	3.03940510e+02
1103            	3.03940546e+02
1104            	3.03940568e+02
1105            	3.03940637e+02
1106            	3.03940739e+02
1107            	3.03940840e+02
1108            	3.03940920e+02
1109            	3.03941030e+02
1110            	3.03941151e+02
1111            	3.03941273e+02
1112            	3.03941397e+02
1113            	3.03941322e+02
1114            	3.03941333e+02
1115            	3.03941379e+02
1116            	3.03941456e+02
1117            	3.03941376e+02
1118            	3.03941413e+02
1119            	3.03941495e+02
1120            	3.03941625e+02
1121            	3.03941592e+02
1122            	3.03941629e+02
1123            	3.03941685e+02
1124            	3.03941768e+02
1125            	3.03941821e+02
1126            	3.03941839e+02
1127            	3.03941837e+02
1128            	3.03941817e+02
1129            	3.03941800e+02
1130            	3.03941784e+02
1131            	3.03941558e+02
1132            	3.03941397e+02
1133            	3.03941321e+02
1134            	3.03941279e+02
1135            	3.03941281e+02
1136            	3.03941070e+02
1137            	3.03940949e+02
1138            	3.03940868e+02
1139            	3.03940814e+02
1140            	3.03940783e+02
1141            	3.03940787e+02
1142            	3.03940837e+02
1143            	3.03940696e+02
1144            	3.03940670e+02
1145            	3.03940704e+02
1146            	3.03940776e+02
1147            	3.03940885e+02
1148            	3.03940796e+02
1149            	3.03940804e+02
1150            	3.03940852e+02
1151            	3.03940928e+02
1152            	3.03941035e+02
1153            	3.03941186e+02
1154            	3.03941359e+02
1155            	3.03941331e+02
1156            	3.03941438e+02
1157            	3.03941534e+02
1158            	3.03941651e+02
1159            	3.03941773e+02
1160            	3.03941895e+02
1161            	3.03942014e+02
1162            	3.03942136e+02
1163            	3.03942248e+02
1164            	3.03942354e+02
1165            	3.03942444e+02
1166            	3.03942541e+02
1167            	3.03942615e+02
1168            	3.03942651e+02
1169            	3.03942619e+02
1170            	3.03942416e+02
1171            	3.03942317e+02
1172            	3.03942272e+02
1173            	3.03942286e+02
1174            	3.03942144e+02
1175            	3.03942100e+02
1176            	3.03942059e+02
1177            	3.03942073e+02
1178            	3.03942128e+02
1179            	3.03941982e+02
1180            	3.03941969e+02
1181            	3.03941993e+02
1182            	3.03942040e+02
1183            	3.03942079e+02
1184            	3.03942141e+02
1185            	3.03942121e+02
1186            	3.03942103e+02
1187            	3.03942100e+02
1188            	3.03942110e+02
1189            	3.03942131e+02
1190            	3.03942194e+02
1191            	3.03942231e+02
1192            	3.03942322e+02
1193            	3.03942209e+02
1194            	3.03942238e+02
1195            	3.03942288e+02
1196            	3.03942371e+02
1197            	3.03942276e+02
1198            	3.03942281e+02
1199            	3.03942331e+02
1200            	3.03942396e+02
1201            	3.03942506e+02
1202            	3.03942472e+02
1203            	3.03942562e+02
1204            	3.03942715e+02
1205            	3.03942908e+02
1206            	3.03943127e+02
1207            	3.03943161e+02
1208            	3.03943283e+02
1209            	3.03943422e+02
1210            	3.03943553e+02
1211            	3.03943703e+02
1212            	3.03943593e+02
1213            	3.03943514e+02
1214            	3.03943419e+02
1215            	3.03943320e+02
1216            	3.03943244e+02
1217            	3.03942942e+02
1218            	3.03942733e+02
1219            	3.03942574e+02
1220            	3.03942453e+02
1221            	3.03942364e+02
1222            	3.03942078e+02
1223            	3.03941898e+02
1224            	3.03941775e+02
1225            	3.03941694e+02
1226            	3.03941664e+02
1227            	3.03941453e+02
1228            	3.03941315e+02
1229            	3.03941241e+02
1230            	3.03941188e+02
1231            	3.03941149e+02
1232            	3.03941079e+02
1233            	3.03940867e+02
1234            	3.03940771e+02
1235            	3.03940722e+02
1236            	3.03940701e+02
1237            	3.03940696e+02
1238            	3.03940715e+02
1239            	3.03940523e+02
1240            	3.03940464e+02
1241            	3.03940453e+02
1242            	3.03940486e+02
1243            	3.03940561e+02
1244            	3.03940664e+02
1245            	3.03940583e+02
1246            	3.03940617e+02
1247            	3.03940709e+02
1248            	3.03940836e+02
1249            	3.03940972e+02
1250            	3.03941141e+02
1251            	3.03941126e+02
1252            	3.03941217e+02
1253            	3.03941340e+02
1254            	3.03941481e+02
1255            	3.03941648e+02
1256            	3.03941600e+02
1257            	3.03941614e+02
1258            	3.03941619e+02
1259            	3.03941623e+02
1260            	3.03941628e+02
1261            	3.03941430e+02
1262            	3.03941327e+02
1263            	3.03941266e+02
1264            	3.03941236e+02
1265            	3.03941227e+02
1266            	3.03941241e+02
1267            	3.03941268e+02
1268            	3.03941098e+02
1269            	3.03941070e+02
1270            	3.03941080e+02
1271            	3.03941117e+02
1272            	3.03941180e+02
1273            	3.03941041e+02
1274            	3.03941018e+02
1275            	3.03941045e+02
1276            	3.03941087e+02
1277            	3.03941184e+02
1278            	3.03941094e+02
1279            	3.03941103e+02
1280            	3.03941149e+02
1281            	3.03941217e+02
1282            	3.03941344e+02
1283            	3.03941261e+02
1284            	3.03941287e+02
1285            	3.03941366e+02
1286            	3.03941474e+02
1287            	3.03941608e+02
1288            	3.03941578e+02
1289            	3.03941657e+02
1290            	3.03941784e+02
1291            	3.03941933e+02
1292            	3.03942122e+02
1293            	3.03942103e+02
1294            	3.03942189e+02
1295            	3.03942305e+02
1296            	3.03942438e+02
1297            	3.03942380e+02
1298            	3.03942404e+02
1299            	3.03942451e+02
1300            	3.03942516e+02
1301            	3.03942418e+02
1302            	3.03942368e+02
1303            	3.03942297e+02
1304            	3.03942233e+02
1305            	3.03941990e+02
1306            	3.03941842e+02
1307            	3.03941733e+02
1308            	3.03941657e+02
1309            	3.03941616e+02
1310            	3.03941615e+02
1311            	3.03941412e+02
1312            	3.03941350e+02
1313            	3.03941338e+02
1314            	3.03941348e+02
1315            	3.03941358e+02
1316            	3.03941204e+02
1317            	3.03941143e+02
1318            	3.03941078e+02
1319            	3.03941048e+02
1320            	3.03941036e+02
1321            	3.03941060e+02
1322            	3.03940891e+02
1323            	3.03940830e+02
1324            	3.03940819e+02
1325            	3.03940841e+02
1326            	3.03940891e+02
1327            	3.03940750e+02
1328            	3.03940720e+02
1329            	3.03940741e+02
1330            	3.03940809e+02
1331            	3.03940921e+02
1332            	3.03941073e+02
1333            	3.03941239e+02
1334            	3.03941426e+02
1335            	3.03941629e+02
1336            	3.03941829e+02
1337            	3.03942022e+02
1338            	3.03942006e+02
1339            	3.03942073e+02
1340            	3.03942176e+02
1341            	3.03942303e+02
1342            	3.03942441e+02
1343            	3.03942362e+02
1344            	3.03942339e+02
1345            	3.03942319e+02
1346            	3.03942299e+02
1347            	3.03942295e+02
1348            	3.03942085e+02
1349            	3.03941973e+02
1350            	3.03941900e+02
1351            	3.03941855e+02
1352            	3.03941853e+02
1353            	3.03941647e+02
1354            	3.03941538e+02
1355            	3.03941489e+02
1356            	3.03941485e+02
1357            	3.03941525e+02
1358            	3.03941401e+02
1359            	3.03941380e+02
1360            	3.03941404e+02
1361            	3.03941363e+02
1362            	3.03941417e+02
1363            	3.03941296e+02
1364            	3.03941270e+02
1365            	3.03941264e+02
1366            	3.03941267e+02
1367            	3.03941308e+02
1368            	3.03941141e+02
1369            	3.03941103e+02
1370            	3.03941135e+02
1371            	3.03941245e+02
1372            	3.03941394e+02
1373            	3.03941554e+02
1374            	3.03941697e+02
1375            	3.03941876e+02
1376            	3.03942068e+02
1377            	3.03942276e+02
1378            	3.03942494e+02
1379            	3.03942715e+02
1380            	3.03942731e+02
1381            	3.03942798e+02
1382            	3.03942917e+02
1383            	3.03943045e+02
1384            	3.03943200e+02
1385            	3.03943130e+02
1386            	3.03943109e+02
1387            	3.03943074e+02
1388            	3.03943028e+02
1389            	3.03942786e+02
1390            	3.03942605e+02
1391            	3.03942447e+02
1392            	3.03942326e+02
1393            	3.03942026e+02
1394            	3.03941834e+02
1395            	3.03941701e+02
1396            	3.03941617e+02
1397            	3.03941588e+02
1398            	3.03941367e+02
1399            	3.03941251e+02
1400            	3.03941185e+02
1401            	3.03941160e+02
1402            	3.03941151e+02
1403            	3.03941195e+02
1404            	3.03941042e+02
1405            	3.03940959e+02
1406            	3.03940929e+02
1407            	3.03940948e+02
1408            	3.03940998e+02
1409            	3.03940859e+02
1410            	3.03940803e+02
1411            	3.03940774e+02
1412            	3.03940764e+02
1413            	3.03940773e+02
1414            	3.03940598e+02
1415            	3.03940548e+02
1416            	3.03940544e+02
1417            	3.03940597e+02
1418            	3.03940517e+02
1419            	3.03940581e+02
1420            	3.03940679e+02
1421            	3.03940790e+02
1422            	3.03940940e+02
1423            	3.03941118e+02
1424            	3.03941302e+02
1425            	3.03941483e+02
1426            	3.03941459e+02
1427            	3.03941514e+02
1428            	3.03941565e+02
1429            	3.03941668e+02
1430            	3.03941594e+02
1431            	3.03941576e+02
1432            	3.03941552e+02
1433            	3.03941502e+02
1434            	3.03941260e+02
1435            	3.03941132e+02
1436            	3.03941048e+02
1437            	3.03940978e+02
1438            	3.03940950e+02
1439            	3.03940933e+02
1440            	3.03940933e+02
1441            	3.03940959e+02
1442            	3.03941010e+02
1443            	3.03941071e+02
1444            	3.03941142e+02
1445            	3.03941018e+02
1446            	3.03940996e+02
1447            	3.03941020e+02
1448            	3.03941082e+02
1449            	3.03941176e+02
1450            	3.03941034e+02
1451            	3.03941008e+02
1452            	3.03941024e+02
1453            	3.03941075e+02
1454            	3.03940970e+02
1455            	3.03940959e+02
1456            	3.03940983e+02
1457            	3.03941056e+02
1458            	3.03940987e+02
1459            	3.03941025e+02
1460            	3.03941101e+02
1461            	3.03941196e+02
1462            	3.03941325e+02
1463            	3.03941248e+02
1464            	3.03941300e+02
1465            	3.03941390e+02
1466            	3.03941526e+02
1467            	3.03941689e+02
1468            	3.03941845e+02
1469            	3.03942001e+02
1470            	3.03942163e+02
1471            	3.03942329e+02
1472            	3.03942490e+02
1473            	3.03942421e+02
1474            	3.03942441e+02
1475            	3.03942477e+02
1476            	3.03942508e+02
1477            	3.03942508e+02
1478            	3.03942263e+02
1479            	3.03942095e+02
1480            	3.03941958e+02
1481            	3.03941841e+02
1482            	3.03941751e+02
1483            	3.03941445e+02
1484            	3.03941264e+02
1485            	3.03941142e+02
1486            	3.03941062e+02
1487            	3.03941014e+02
1488            	3.03940774e+02
1489            	3.03940619e+02
1490            	3.03940507e+02
1491            	3.03940429e+02
1492            	3.03940371e+02
1493            	3.03940362e+02
1494            	3.03940160e+02
1495            	3.03940074e+02
1496            	3.03940057e+02
1497            	3.03940092e+02
1498            	3.03940165e+02
1499            	3.03940057e+02
1500            	3.03940042e+02
1501            	3.03940063e+02
1502            	3.03940113e+02
1503            	3.03940192e+02
1504            	3.03940096e+02
1505            	3.03940112e+02
1506            	3.03940185e+02
1507            	3.03940296e+02
1508            	3.03940438e+02
1509            	3.03940625e+02
1510            	3.03940599e+02
1511            	3.03940679e+02
1512            	3.03940803e+02
1513            	3.03940951e+02
1514            	3.03941114e+02
1515            	3.03941278e+02
1516            	3.03941458e+02
1517            	3.03941647e+02
1518            	3.03941829e+02
1519            	3.03941779e+02
1520            	3.03941783e+02
1521            	3.03941786e+02
1522            	3.03941784e+02
1523            	3.03941781e+02
1524            	3.03941801e+02
1525            	3.03941595e+02
1526            	3.03941491e+02
1527            	3.03941435e+02
1528            	3.03941422e+02
1529            	3.03941405e+02
1530            	3.03941222e+02
1531            	3.03941157e+02
1532            	3.03941146e+02
1533            	3.03941182e+02
1534            	3.03941255e+02
1535            	3.03941358e+02
1536            	3.03941259e+02
1537            	3.03941266e+02
1538            	3.03941292e+02
1539            	3.03941312e+02
1540            	3.03941355e+02
1541            	3.03941188e+02
1542            	3.03941101e+02
1543            	3.03941063e+02
1544            	3.03941076e+02
1545            	3.03940947e+02
1546            	3.03940935e+02
1547            	3.03941023e+02
1548            	3.03941119e+02
1549            	3.03941264e+02
1550            	3.03941455e+02
1551            	3.03941688e+02
1552            	3.03941726e+02
1553            	3.03941836e+02
1554            	3.03941932e+02
1555            	3.03942070e+02
1556            	3.03942216e+02
1557            	3.03942174e+02
1558            	3.03942210e+02
1559            	3.03942234e+02
1560            	3.03942245e+02
1561            	3.03942259e+02
1562            	3.03942256e+02
1563            	3.03942039e+02
1564            	3.03941896e+02
1565            	3.03941773e+02
1566            	3.03941670e+02
1567            	3.03941618e+02
1568            	3.03941376e+02
1569            	3.03941241e+02
1570            	3.03941156e+02
1571            	3.03941106e+02
1572            	3.03941072e+02
1573            	3.03941044e+02
1574            	3.03941027e+02
1575            	3.03941029e+02
1576            	3.03941024e+02
1577            	3.03941025e+02
1578            	3.03941040e+02
1579            	3.03941076e+02
1580            	3.03940884e+02
1581            	3.03940752e+02
1582            	3.03940702e+02
1583            	3.03940700e+02
1584            	3.03940724e+02
1585            	3.03940558e+02
1586            	3.03940490e+02
1587            	3.03940463e+02
1588            	3.03940494e+02
1589            	3.03940585e+02
1590            	3.03940504e+02
1591            	3.03940508e+02
1592            	3.03940585e+02
1593            	3.03940705e+02
1594            	3.03940679e+02
1595            	3.03940766e+02
1596            	3.03940907e+02
1597            	3.03941078e+02
1598            	3.03941085e+02
1599            	3.03941195e+02
1600            	3.03941351e+02
1601            	3.03941552e+02
1602            	3.03941585e+02
1603            	3.03941730e+02
1604            	3.03941893e+02
1605            	3.03942082e+02
1606            	3.03942071e+02
1607            	3.03942120e+02
1608            	3.03942176e+02
1609            	3.03942219e+02
1610            	3.03942255e+02
1611            	3.03942054e+02
1612            	3.03941928e+02
1613            	3.03941829e+02
1614            	3.03941753e+02
1615            	3.03941709e+02
1616            	3.03941676e+02
1617            	3.03941641e+02
1618            	3.03941597e+02
1619            	3.03941557e+02
1620            	3.03941532e+02
1621            	3.03941452e+02
1622            	3.03941412e+02
1623            	3.03941388e+02
1624            	3.03941371e+02
1625            	3.03941167e+02
1626            	3.03941086e+02
1627            	3.03941061e+02
1628            	3.03941069e+02
1629            	3.03940925e+02
1630            	3.03940855e+02
1631            	3.03940816e+02
1632            	3.03940811e+02
1633            	3.03940653e+02
1634            	3.03940625e+02
1635            	3.03940685e+02
1636            	3.03940820e+02
1637            	3.03940807e+02
1638            	3.03940927e+02
1639            	3.03941084e+02
1640            	3.03941286e+02
1641            	3.03941316e+02
1642            	3.03941425e+02
1643            	3.03941539e+02
1644            	3.03941656e+02
1645            	3.03941776e+02
1646            	3.03941899e+02
1647            	3.03942009e+02
1648            	3.03941940e+02
1649            	3.03941950e+02
1650            	3.03942081e+02
1651            	3.03942061e+02
1652            	3.03942019e+02
1653            	3.03941945e+02
1654            	3.03941849e+02
1655            	3.03941730e+02
1656            	3.03941597e+02
1657            	3.03941457e+02
1658            	3.03941313e+02
1659            	3.03941176e+02
1660            	3.03941040e+02
1661            	3.03940918e+02
1662            	3.03940591e+02
1663            	3.03940366e+02
1664            	3.03940204e+02
1665            	3.03940081e+02
1666            	3.03940000e+02
1667            	3.03939724e+02
1668            	3.03939602e+02
1669            	3.03939540e+02
1670            	3.03939517e+02
1671            	3.03939337e+02
1672            	3.03939259e+02
1673            	3.03939259e+02
1674            	3.03939292e+02
1675            	3.03939333e+02
1676            	3.03939383e+02
1677            	3.03939251e+02
1678            	3.03939213e+02
1679            	3.03939262e+02
1680            	3.03939349e+02
1681            	3.03939257e+02
1682            	3.03939272e+02
1683            	3.03939321e+02
1684            	3.03939396e+02
1685            	3.03939515e+02
1686            	3.03939427e+02
1687            	3.03939427e+02
1688            	3.03939466e+02
1689            	3.03939546e+02
1690            	3.03939475e+02
1691            	3.03939501e+02
1692            	3.03939590e+02
1693            	3.03939687e+02
1694            	3.03939832e+02
1695            	3.03939899e+02
1696            	3.03939948e+02
1697            	3.03939760e+02
1698            	3.03939649e+02
1699            	3.03939562e+02
1700            	3.03939478e+02
1701            	3.03939382e+02
1702            	3.03939237e+02
1703            	3.03939131e+02
1704            	3.03939069e+02
1705            	3.03938856e+02
1706            	3.03938731e+02
1707            	3.03938633e+02
1708            	3.03938537e+02
1709            	3.03938453e+02
1710            	3.03938189e+02
1711            	3.03938033e+02
1712            	3.03937941e+02
1713            	3.03937893e+02
1714            	3.03937894e+02
1715            	3.03937771e+02
1716            	3.03937772e+02
1717            	3.03937831e+02
1718            	3.03937926e+02
1719            	3.03938052e+02
1720            	3.03938201e+02
1721            	3.03938367e+02
1722            	3.03938557e+02
1723            	3.03938525e+02
1724            	3.03938574e+02
1725            	3.03938660e+02
1726            	3.03938769e+02
1727            	3.03938911e+02
1728            	3.03938856e+02
1729            	3.03938900e+02
1730            	3.03938992e+02
1731            	3.03939124e+02
1732            	3.03939089e+02
1733            	3.03939170e+02
1734            	3.03939306e+02
1735            	3.03939479e+02
1736            	3.03939646e+02
1737            	3.03939827e+02
1738            	3.03940019e+02
1739            	3.03940213e+02
1740            	3.03940199e+02
1741            	3.03940257e+02
1742            	3.03940312e+02
1743            	3.03940355e+02
1744            	3.03940411e+02
1745            	3.03940253e+02
1746            	3.03940176e+02
1747            	3.03940132e+02
1748            	3.03940119e+02
1749            	3.03940145e+02
1750            	3.03940021e+02
1751            	3.03940004e+02
1752            	3.03940034e+02
1753            	3.03940098e+02
1754            	3.03940190e+02
1755            	3.03940102e+02
1756            	3.03940089e+02
1757            	3.03940102e+02
1758            	3.03940113e+02
1759            	3.03940131e+02
1760            	3.03939991e+02
1761            	3.03939955e+02
1762            	3.03939970e+02
1763            	3.03940028e+02
1764            	3.03940134e+02
1765            	3.03940028e+02
1766            	3.03940013e+02
1767            	3.03940035e+02
1768            	3.03940089e+02
1769            	3.03940190e+02
1770            	3.03940099e+02
1771            	3.03940139e+02
1772            	3.03940237e+02
1773            	3.03940374e+02
1774            	3.03940542e+02
1775            	3.03940519e+02
1776            	3.03940570e+02
1777            	3.03940649e+02
1778            	3.03940762e+02
1779            	3.03940908e+02
1780            	3.03940894e+02
1781            	3.03940961e+02
1782            	3.03941046e+02
1783            	3.03941110e+02
1784            	3.03941166e+02
1785            	3.03941017e+02
1786            	3.03940947e+02
1787            	3.03940901e+02
1788            	3.03940869e+02
1789            	3.03940808e+02
1790            	3.03940771e+02
1791            	3.03940763e+02
1792            	3.03940560e+02
1793            	3.03940472e+02
1794            	3.03940436e+02
1795            	3.03940417e+02
1796            	3.03940397e+02
1797            	3.03940159e+02
1798            	3.03940016e+02
1799            	3.03939929e+02
1800            	3.03939905e+02
1801            	3.03939737e+02
1802            	3.03939703e+02
1803            	3.03939718e+02
1804            	3.03939799e+02
1805            	3.03939943e+02
1806            	3.03939922e+02
1807            	3.03940009e+02
1808            	3.03940138e+02
1809            	3.03940293e+02
1810            	3.03940274e+02
1811            	3.03940339e+02
1812            	3.03940439e+02
1813            	3.03940574e+02
1814            	3.03940744e+02
1815            	3.03940698e+02
1816            	3.03940790e+02
1817            	3.03940906e+02
1818            	3.03941063e+02
1819            	3.03941055e+02
1820            	3.03941164e+02
1821            	3.03941321e+02
1822            	3.03941494e+02
1823            	3.03941675e+02
1824            	3.03941857e+02
1825            	3.03942036e+02
1826            	3.03942205e+02
1827            	3.03942184e+02
1828            	3.03942279e+02
1829            	3.03942352e+02
1830            	3.03942408e+02
1831            	3.03942268e+02
1832            	3.03942200e+02
1833            	3.03942155e+02
1834            	3.03942131e+02
1835            	3.03941937e+02
1836            	3.03941842e+02
1837            	3.03941787e+02
1838            	3.03941788e+02
1839            	3.03941825e+02
1840            	3.03941700e+02
1841            	3.03941684e+02
1842            	3.03941722e+02
1843            	3.03941775e+02
1844            	3.03941789e+02
1845            	3.03941588e+02
1846            	3.03941460e+02
1847            	3.03941385e+02
1848            	3.03941340e+02
1849            	3.03941339e+02
1850            	3.03941171e+02
1851            	3.03941095e+02
1852            	3.03941066e+02
1853            	3.03941077e+02
1854            	3.03941136e+02
1855            	3.03940991e+02
1856            	3.03940961e+02
1857            	3.03940995e+02
1858            	3.03941074e+02
1859            	3.03941190e+02
1860            	3.03941129e+02
1861            	3.03941179e+02
1862            	3.03941276e+02
1863            	3.03941398e+02
1864            	3.03941550e+02
1865            	3.03941508e+02
1866            	3.03941567e+02
1867            	3.03941713e+02
1868            	3.03941819e+02
1869            	3.03941938e+02
1870            	3.03942052e+02
1871            	3.03942152e+02
1872            	3.03942221e+02
1873            	3.03942032e+02
1874            	3.03941936e+02
1875            	3.03941848e+02
1876            	3.03941768e+02
1877            	3.03941700e+02
1878            	3.03941441e+02
1879            	3.03941279e+02
1880            	3.03941159e+02
1881            	3.03941076e+02
1882            	3.03941048e+02
1883            	3.03940852e+02
1884            	3.03940770e+02
1885            	3.03940761e+02
1886            	3.03940798e+02
1887            	3.03940873e+02
1888            	3.03940978e+02
1889            	3.03940885e+02
1890            	3.03940907e+02
1891            	3.03940959e+02
1892            	3.03941013e+02
1893            	3.03940964e+02
1894            	3.03941025e+02
1895            	3.03941126e+02
1896            	3.03941259e+02
1897            	3.03941205e+02
1898            	3.03941250e+02
1899            	3.03941343e+02
1900            	3.03941490e+02
1901            	3.03941491e+02
1902            	3.03941610e+02
1903            	3.03941781e+02
1904            	3.03941979e+02
1905            	3.03941994e+02
1906            	3.03942098e+02
1907            	3.03942242e+02
1908            	3.03942403e+02
1909            	3.03942405e+02
1910            	3.03942499e+02
1911            	3.03942635e+02
1912            	3.03942799e+02
1913            	3.03942769e+02
1914            	3.03942831e+02
1915            	3.03942936e+02
1916            	3.03943053e+02
1917            	3.03943149e+02
1918            	3.03943033e+02
1919            	3.03943002e+02
1920            	3.03942987e+02
1921            	3.03942981e+02
1922            	3.03942946e+02
1923            	3.03942689e+02
1924            	3.03942552e+02
1925            	3.03942471e+02
1926            	3.03942468e+02
1927            	3.03942483e+02
1928            	3.03942272e+02
1929            	3.03942151e+02
1930            	3.03942084e+02
1931            	3.03942070e+02
1932            	3.03942105e+02
1933            	3.03941976e+02
1934            	3.03941970e+02
1935            	3.03942004e+02
1936            	3.03942077e+02
1937            	3.03942196e+02
1938            	3.03942340e+02
1939            	3.03942497e+02
1940            	3.03942660e+02
1941            	3.03942631e+02
1942            	3.03942664e+02
1943            	3.03942815e+02
1944            	3.03943015e+02
1945            	3.03943036e+02
1946            	3.03943142e+02
1947            	3.03943279e+02
1948            	3.03943448e+02
1949            	3.03943455e+02
1950            	3.03943573e+02
1951            	3.03943749e+02
1952            	3.03943987e+02
1953            	3.03944076e+02
1954            	3.03944275e+02
1955            	3.03944519e+02
1956            	3.03944780e+02
1957            	3.03945065e+02
1958            	3.03945118e+02
1959            	3.03945237e+02
1960            	3.03945356e+02
1961            	3.03945472e+02
1962            	3.03945613e+02
1963            	3.03945511e+02
1964            	3.03945483e+02
1965            	3.03945470e+02
1966            	3.03945456e+02
1967            	3.03945451e+02
1968            	3.03945464e+02
1969            	3.03945236e+02
1970            	3.03945140e+02
1971            	3.03944994e+02
1972            	3.03944941e+02
1973            	3.03944906e+02
1974            	3.03944684e+02
1975            	3.03944560e+02
1976            	3.03944480e+02
1977            	3.03944481e+02
1978            	3.03944520e+02
1979            	3.03944379e+02
1980            	3.03944366e+02
1981            	3.03944401e+02
1982            	3.03944469e+02
1983            	3.03944592e+02
1984            	3.03944756e+02
1985            	3.03944941e+02
1986            	3.03945129e+02
1987            	3.03945316e+02
1988            	3.03945513e+02
1989            	3.03945498e+02
1990            	3.03945579e+02
1991            	3.03945692e+02
1992            	3.03945824e+02
1993            	3.03945967e+02
1994            	3.03945973e+02
1995            	3.03946105e+02
1996            	3.03946315e+02
1997            	3.03946588e+02
1998            	3.03946707e+02
1999            	3.03946872e+02
2000            	3.03947028e+02
