# Region        : cellZone fluid
# Cells         : 9561
# Volume        : 1.81213452e+01
# Time          	volAverage(T)
1               	2.99999994e+02
2               	3.00000043e+02
3               	3.00000384e+02
4               	3.00000948e+02
5               	3.00001526e+02
6               	3.00002061e+02
7               	3.00002759e+02
8               	3.00003429e+02
9               	3.00004326e+02
10              	3.00005294e+02
11              	3.00006234e+02
12              	3.00007347e+02
13              	3.00008524e+02
14              	3.00009440e+02
15              	3.00010869e+02
16              	3.00012054e+02
17              	3.00013459e+02
18              	3.00014510e+02
19              	3.00016044e+02
20              	3.00017429e+02
21              	3.00018955e+02
22              	3.00020629e+02
23              	3.00021694e+02
24              	3.00023233e+02
25              	3.00024567e+02
26              	3.00026396e+02
27              	3.00028184e+02
28              	3.00030020e+02
29              	3.00031857e+02
30              	3.00033329e+02
31              	3.00034167e+02
32              	3.00034750e+02
33              	3.00036652e+02
34              	3.00038344e+02
35              	3.00039794e+02
36              	3.00041281e+02
37              	3.00043068e+02
38              	3.00044454e+02
39              	3.00046819e+02
40              	3.00048600e+02
41              	3.00049841e+02
42              	3.00051816e+02
43              	3.00053684e+02
44              	3.00054506e+02
45              	3.00056287e+02
46              	3.00057611e+02
47              	3.00058928e+02
48              	3.00060897e+02
49              	3.00062733e+02
50              	3.00064325e+02
51              	3.00066060e+02
52              	3.00067634e+02
53              	3.00070115e+02
54              	3.00072610e+02
55              	3.00074517e+02
56              	3.00076985e+02
57              	3.00078268e+02
58              	3.00079159e+02
59              	3.00080072e+02
60              	3.00080404e+02
61              	3.00082612e+02
62              	3.00083318e+02
63              	3.00084306e+02
64              	3.00085179e+02
65              	3.00087413e+02
66              	3.00088638e+02
67              	3.00090436e+02
68              	3.00092566e+02
69              	3.00094831e+02
70              	3.00096854e+02
71              	3.00098967e+02
72              	3.00099542e+02
73              	3.00099912e+02
74              	3.00102273e+02
75              	3.00103336e+02
76              	3.00103297e+02
77              	3.00103740e+02
78              	3.00105352e+02
79              	3.00106827e+02
80              	3.00107924e+02
81              	3.00109581e+02
82              	3.00111240e+02
83              	3.00113688e+02
84              	3.00114441e+02
85              	3.00117120e+02
86              	3.00117799e+02
87              	3.00119859e+02
88              	3.00119797e+02
89              	3.00121472e+02
90              	3.00122455e+02
91              	3.00122757e+02
92              	3.00123598e+02
93              	3.00124335e+02
94              	3.00125486e+02
95              	3.00126131e+02
96              	3.00128607e+02
97              	3.00129636e+02
98              	3.00130703e+02
99              	3.00130993e+02
100             	3.00130983e+02
101             	3.00131074e+02
102             	3.00132724e+02
103             	3.00134394e+02
104             	3.00134346e+02
105             	3.00134104e+02
106             	3.00134809e+02
107             	3.00134391e+02
108             	3.00136456e+02
109             	3.00135885e+02
110             	3.00136081e+02
111             	3.00136362e+02
112             	3.00137954e+02
113             	3.00138094e+02
114             	3.00138670e+02
115             	3.00139080e+02
116             	3.00140591e+02
117             	3.00140911e+02
118             	3.00141698e+02
119             	3.00142505e+02
120             	3.00143120e+02
121             	3.00143257e+02
122             	3.00144150e+02
123             	3.00144793e+02
124             	3.00144044e+02
125             	3.00143836e+02
126             	3.00144053e+02
127             	3.00144856e+02
128             	3.00145335e+02
129             	3.00145742e+02
130             	3.00145735e+02
131             	3.00145494e+02
132             	3.00146825e+02
133             	3.00147615e+02
134             	3.00147830e+02
135             	3.00147893e+02
136             	3.00147717e+02
137             	3.00147010e+02
138             	3.00146808e+02
139             	3.00147607e+02
140             	3.00148497e+02
141             	3.00148878e+02
142             	3.00149430e+02
143             	3.00149631e+02
144             	3.00149636e+02
145             	3.00149970e+02
146             	3.00150273e+02
147             	3.00150126e+02
148             	3.00150418e+02
149             	3.00150726e+02
150             	3.00150948e+02
151             	3.00151661e+02
152             	3.00151006e+02
153             	3.00150257e+02
154             	3.00151021e+02
155             	3.00150001e+02
156             	3.00150641e+02
157             	3.00150508e+02
158             	3.00151263e+02
159             	3.00151993e+02
160             	3.00152755e+02
161             	3.00153353e+02
162             	3.00153680e+02
163             	3.00153798e+02
164             	3.00154016e+02
165             	3.00154261e+02
166             	3.00154367e+02
167             	3.00154209e+02
168             	3.00153830e+02
169             	3.00154306e+02
170             	3.00154818e+02
171             	3.00154625e+02
172             	3.00153509e+02
173             	3.00153754e+02
174             	3.00154324e+02
175             	3.00154366e+02
176             	3.00154762e+02
177             	3.00155179e+02
178             	3.00155447e+02
179             	3.00155754e+02
180             	3.00156141e+02
181             	3.00156348e+02
182             	3.00156627e+02
183             	3.00156568e+02
184             	3.00156446e+02
185             	3.00155401e+02
186             	3.00156039e+02
187             	3.00155400e+02
188             	3.00155754e+02
189             	3.00156244e+02
190             	3.00156744e+02
191             	3.00157077e+02
192             	3.00157417e+02
193             	3.00157554e+02
194             	3.00157620e+02
195             	3.00157884e+02
196             	3.00158012e+02
197             	3.00158225e+02
198             	3.00158192e+02
199             	3.00158579e+02
200             	3.00158512e+02
201             	3.00158449e+02
202             	3.00158345e+02
203             	3.00158145e+02
204             	3.00158681e+02
205             	3.00158850e+02
206             	3.00159135e+02
207             	3.00159366e+02
208             	3.00159351e+02
209             	3.00159205e+02
210             	3.00158892e+02
211             	3.00159383e+02
212             	3.00158428e+02
213             	3.00158832e+02
214             	3.00159157e+02
215             	3.00159440e+02
216             	3.00159539e+02
217             	3.00159762e+02
218             	3.00159814e+02
219             	3.00159830e+02
220             	3.00160008e+02
221             	3.00160163e+02
222             	3.00160165e+02
223             	3.00160688e+02
224             	3.00160664e+02
225             	3.00160304e+02
226             	3.00160903e+02
227             	3.00160804e+02
228             	3.00160417e+02
229             	3.00160399e+02
230             	3.00160944e+02
231             	3.00161320e+02
232             	3.00161068e+02
233             	3.00160861e+02
234             	3.00160678e+02
235             	3.00161099e+02
236             	3.00160822e+02
237             	3.00161196e+02
238             	3.00160746e+02
239             	3.00160883e+02
240             	3.00160720e+02
241             	3.00160630e+02
242             	3.00160846e+02
243             	3.00160928e+02
244             	3.00161112e+02
245             	3.00161247e+02
246             	3.00161571e+02
247             	3.00161855e+02
248             	3.00161792e+02
249             	3.00161803e+02
250             	3.00161725e+02
251             	3.00161835e+02
252             	3.00161779e+02
253             	3.00162055e+02
254             	3.00162222e+02
255             	3.00162143e+02
256             	3.00161976e+02
257             	3.00161712e+02
258             	3.00161162e+02
259             	3.00161469e+02
260             	3.00160891e+02
261             	3.00161248e+02
262             	3.00161491e+02
263             	3.00161309e+02
264             	3.00161489e+02
265             	3.00161751e+02
266             	3.00161862e+02
267             	3.00161931e+02
268             	3.00162120e+02
269             	3.00162626e+02
270             	3.00162631e+02
271             	3.00162717e+02
272             	3.00162885e+02
273             	3.00162695e+02
274             	3.00162237e+02
275             	3.00163049e+02
276             	3.00162110e+02
277             	3.00161402e+02
278             	3.00161849e+02
279             	3.00161421e+02
280             	3.00161229e+02
281             	3.00161074e+02
282             	3.00161310e+02
283             	3.00161774e+02
284             	3.00161909e+02
285             	3.00162034e+02
286             	3.00162163e+02
287             	3.00162665e+02
288             	3.00163060e+02
289             	3.00162908e+02
290             	3.00163215e+02
291             	3.00163041e+02
292             	3.00163328e+02
293             	3.00163367e+02
294             	3.00163350e+02
295             	3.00163255e+02
296             	3.00163227e+02
297             	3.00163190e+02
298             	3.00163250e+02
299             	3.00163401e+02
300             	3.00163536e+02
301             	3.00163573e+02
302             	3.00163613e+02
303             	3.00163538e+02
304             	3.00163365e+02
305             	3.00163079e+02
306             	3.00163333e+02
307             	3.00162941e+02
308             	3.00162567e+02
309             	3.00162151e+02
310             	3.00161820e+02
311             	3.00161523e+02
312             	3.00161261e+02
313             	3.00161681e+02
314             	3.00161568e+02
315             	3.00161519e+02
316             	3.00161540e+02
317             	3.00161654e+02
318             	3.00161999e+02
319             	3.00162520e+02
320             	3.00163087e+02
321             	3.00163072e+02
322             	3.00163095e+02
323             	3.00163396e+02
324             	3.00163723e+02
325             	3.00163757e+02
326             	3.00163627e+02
327             	3.00163220e+02
328             	3.00162768e+02
329             	3.00162205e+02
330             	3.00162668e+02
331             	3.00162346e+02
332             	3.00162143e+02
333             	3.00161936e+02
334             	3.00161842e+02
335             	3.00162193e+02
336             	3.00162289e+02
337             	3.00162638e+02
338             	3.00163036e+02
339             	3.00163183e+02
340             	3.00163606e+02
341             	3.00163543e+02
342             	3.00163544e+02
343             	3.00163876e+02
344             	3.00164063e+02
345             	3.00164087e+02
346             	3.00163933e+02
347             	3.00163641e+02
348             	3.00163306e+02
349             	3.00162768e+02
350             	3.00163276e+02
351             	3.00163117e+02
352             	3.00162994e+02
353             	3.00162832e+02
354             	3.00163232e+02
355             	3.00163137e+02
356             	3.00162842e+02
357             	3.00163167e+02
358             	3.00163177e+02
359             	3.00163138e+02
360             	3.00163115e+02
361             	3.00163060e+02
362             	3.00163059e+02
363             	3.00163054e+02
364             	3.00163179e+02
365             	3.00163351e+02
366             	3.00163294e+02
367             	3.00163150e+02
368             	3.00162871e+02
369             	3.00163099e+02
370             	3.00163160e+02
371             	3.00163216e+02
372             	3.00163530e+02
373             	3.00163370e+02
374             	3.00163770e+02
375             	3.00163373e+02
376             	3.00163512e+02
377             	3.00163556e+02
378             	3.00163552e+02
379             	3.00163496e+02
380             	3.00163424e+02
381             	3.00163311e+02
382             	3.00163289e+02
383             	3.00163232e+02
384             	3.00163181e+02
385             	3.00163113e+02
386             	3.00163175e+02
387             	3.00163545e+02
388             	3.00163218e+02
389             	3.00163635e+02
390             	3.00163191e+02
391             	3.00163352e+02
392             	3.00163546e+02
393             	3.00163713e+02
394             	3.00163553e+02
395             	3.00163404e+02
396             	3.00163686e+02
397             	3.00163914e+02
398             	3.00164165e+02
399             	3.00164272e+02
400             	3.00164356e+02
401             	3.00164094e+02
402             	3.00163893e+02
403             	3.00163457e+02
404             	3.00163713e+02
405             	3.00163358e+02
406             	3.00162935e+02
407             	3.00163282e+02
408             	3.00163326e+02
409             	3.00162977e+02
410             	3.00162808e+02
411             	3.00162759e+02
412             	3.00162866e+02
413             	3.00163278e+02
414             	3.00163192e+02
415             	3.00163456e+02
416             	3.00163719e+02
417             	3.00163941e+02
418             	3.00164271e+02
419             	3.00163950e+02
420             	3.00164347e+02
421             	3.00164617e+02
422             	3.00164869e+02
423             	3.00164728e+02
424             	3.00164881e+02
425             	3.00165049e+02
426             	3.00165086e+02
427             	3.00165017e+02
428             	3.00164850e+02
429             	3.00164609e+02
430             	3.00164270e+02
431             	3.00164647e+02
432             	3.00163997e+02
433             	3.00164167e+02
434             	3.00163933e+02
435             	3.00163781e+02
436             	3.00163659e+02
437             	3.00163513e+02
438             	3.00163401e+02
439             	3.00163206e+02
440             	3.00163180e+02
441             	3.00163284e+02
442             	3.00163641e+02
443             	3.00163477e+02
444             	3.00163864e+02
445             	3.00164145e+02
446             	3.00164529e+02
447             	3.00164891e+02
448             	3.00164508e+02
449             	3.00164650e+02
450             	3.00165048e+02
451             	3.00165166e+02
452             	3.00165133e+02
453             	3.00164626e+02
454             	3.00163992e+02
455             	3.00163919e+02
456             	3.00164207e+02
457             	3.00163986e+02
458             	3.00163867e+02
459             	3.00163860e+02
460             	3.00164084e+02
461             	3.00164413e+02
462             	3.00163647e+02
463             	3.00163974e+02
464             	3.00163257e+02
465             	3.00163324e+02
466             	3.00163370e+02
467             	3.00163322e+02
468             	3.00163291e+02
469             	3.00163289e+02
470             	3.00163445e+02
471             	3.00163874e+02
472             	3.00164211e+02
473             	3.00164564e+02
474             	3.00164101e+02
475             	3.00164236e+02
476             	3.00164682e+02
477             	3.00164900e+02
478             	3.00165052e+02
479             	3.00164992e+02
480             	3.00164857e+02
481             	3.00164469e+02
482             	3.00163814e+02
483             	3.00164078e+02
484             	3.00163771e+02
485             	3.00163456e+02
486             	3.00163152e+02
487             	3.00163308e+02
488             	3.00163603e+02
489             	3.00163950e+02
490             	3.00163634e+02
491             	3.00164255e+02
492             	3.00164093e+02
493             	3.00164432e+02
494             	3.00164827e+02
495             	3.00164686e+02
496             	3.00165087e+02
497             	3.00165233e+02
498             	3.00165048e+02
499             	3.00164878e+02
500             	3.00164577e+02
501             	3.00164437e+02
502             	3.00164408e+02
503             	3.00164299e+02
504             	3.00164169e+02
505             	3.00164064e+02
506             	3.00164149e+02
507             	3.00164373e+02
508             	3.00164683e+02
509             	3.00164302e+02
510             	3.00164446e+02
511             	3.00164516e+02
512             	3.00164557e+02
513             	3.00164495e+02
514             	3.00164410e+02
515             	3.00164170e+02
516             	3.00164198e+02
517             	3.00163894e+02
518             	3.00163587e+02
519             	3.00163396e+02
520             	3.00163461e+02
521             	3.00163654e+02
522             	3.00163971e+02
523             	3.00164307e+02
524             	3.00164700e+02
525             	3.00165094e+02
526             	3.00165464e+02
527             	3.00165745e+02
528             	3.00165986e+02
529             	3.00166105e+02
530             	3.00166062e+02
531             	3.00165971e+02
532             	3.00165660e+02
533             	3.00165256e+02
534             	3.00164986e+02
535             	3.00164441e+02
536             	3.00163746e+02
537             	3.00163914e+02
538             	3.00164149e+02
539             	3.00163628e+02
540             	3.00163306e+02
541             	3.00163130e+02
542             	3.00163264e+02
543             	3.00163526e+02
544             	3.00163990e+02
545             	3.00164378e+02
546             	3.00164777e+02
547             	3.00165121e+02
548             	3.00164641e+02
549             	3.00165142e+02
550             	3.00165491e+02
551             	3.00165635e+02
552             	3.00165734e+02
553             	3.00165536e+02
554             	3.00165303e+02
555             	3.00164837e+02
556             	3.00164150e+02
557             	3.00164591e+02
558             	3.00164046e+02
559             	3.00164370e+02
560             	3.00164082e+02
561             	3.00163905e+02
562             	3.00163935e+02
563             	3.00164130e+02
564             	3.00164443e+02
565             	3.00164010e+02
566             	3.00164337e+02
567             	3.00163769e+02
568             	3.00164049e+02
569             	3.00164326e+02
570             	3.00164564e+02
571             	3.00164738e+02
572             	3.00164943e+02
573             	3.00165119e+02
574             	3.00165342e+02
575             	3.00165005e+02
576             	3.00165403e+02
577             	3.00165577e+02
578             	3.00165604e+02
579             	3.00165440e+02
580             	3.00165233e+02
581             	3.00164693e+02
582             	3.00163899e+02
583             	3.00163427e+02
584             	3.00163867e+02
585             	3.00163466e+02
586             	3.00163763e+02
587             	3.00163521e+02
588             	3.00163486e+02
589             	3.00163812e+02
590             	3.00163593e+02
591             	3.00164186e+02
592             	3.00163984e+02
593             	3.00164285e+02
594             	3.00164647e+02
595             	3.00164978e+02
596             	3.00164667e+02
597             	3.00164554e+02
598             	3.00165055e+02
599             	3.00165214e+02
600             	3.00165130e+02
601             	3.00164855e+02
602             	3.00164389e+02
603             	3.00163549e+02
604             	3.00164196e+02
605             	3.00163889e+02
606             	3.00163807e+02
607             	3.00163984e+02
608             	3.00164433e+02
609             	3.00163963e+02
610             	3.00164297e+02
611             	3.00164694e+02
612             	3.00164714e+02
613             	3.00164981e+02
614             	3.00165185e+02
615             	3.00164867e+02
616             	3.00165070e+02
617             	3.00165045e+02
618             	3.00164804e+02
619             	3.00164153e+02
620             	3.00163380e+02
621             	3.00163659e+02
622             	3.00164179e+02
623             	3.00164022e+02
624             	3.00164196e+02
625             	3.00164495e+02
626             	3.00164967e+02
627             	3.00164388e+02
628             	3.00164917e+02
629             	3.00165325e+02
630             	3.00165680e+02
631             	3.00165816e+02
632             	3.00165961e+02
633             	3.00165867e+02
634             	3.00165686e+02
635             	3.00165345e+02
636             	3.00165319e+02
637             	3.00164951e+02
638             	3.00164355e+02
639             	3.00164676e+02
640             	3.00163873e+02
641             	3.00164084e+02
642             	3.00163808e+02
643             	3.00163893e+02
644             	3.00164185e+02
645             	3.00164388e+02
646             	3.00164422e+02
647             	3.00164494e+02
648             	3.00164274e+02
649             	3.00163755e+02
650             	3.00164347e+02
651             	3.00163718e+02
652             	3.00164149e+02
653             	3.00164075e+02
654             	3.00164081e+02
655             	3.00164205e+02
656             	3.00164467e+02
657             	3.00164672e+02
658             	3.00164863e+02
659             	3.00164910e+02
660             	3.00164475e+02
661             	3.00165206e+02
662             	3.00164922e+02
663             	3.00164960e+02
664             	3.00164331e+02
665             	3.00164728e+02
666             	3.00163805e+02
667             	3.00164050e+02
668             	3.00163480e+02
669             	3.00163239e+02
670             	3.00163597e+02
671             	3.00163999e+02
672             	3.00163679e+02
673             	3.00163412e+02
674             	3.00163255e+02
675             	3.00163691e+02
676             	3.00164393e+02
677             	3.00164598e+02
678             	3.00164658e+02
679             	3.00164682e+02
680             	3.00164795e+02
681             	3.00164631e+02
682             	3.00165048e+02
683             	3.00164725e+02
684             	3.00164065e+02
685             	3.00164517e+02
686             	3.00163914e+02
687             	3.00163412e+02
688             	3.00162897e+02
689             	3.00163363e+02
690             	3.00162804e+02
691             	3.00163234e+02
692             	3.00162968e+02
693             	3.00163224e+02
694             	3.00163333e+02
695             	3.00163344e+02
696             	3.00163481e+02
697             	3.00163986e+02
698             	3.00164501e+02
699             	3.00164393e+02
700             	3.00164400e+02
701             	3.00164377e+02
702             	3.00164758e+02
703             	3.00164666e+02
704             	3.00164332e+02
705             	3.00163731e+02
706             	3.00164421e+02
707             	3.00163583e+02
708             	3.00163683e+02
709             	3.00163969e+02
710             	3.00163942e+02
711             	3.00164340e+02
712             	3.00164080e+02
713             	3.00163390e+02
714             	3.00163784e+02
715             	3.00164145e+02
716             	3.00164235e+02
717             	3.00164209e+02
718             	3.00164263e+02
719             	3.00164143e+02
720             	3.00164065e+02
721             	3.00163958e+02
722             	3.00163718e+02
723             	3.00164321e+02
724             	3.00163519e+02
725             	3.00163630e+02
726             	3.00163875e+02
727             	3.00164263e+02
728             	3.00164375e+02
729             	3.00164165e+02
730             	3.00163940e+02
731             	3.00163698e+02
732             	3.00164218e+02
733             	3.00164124e+02
734             	3.00163617e+02
735             	3.00164086e+02
736             	3.00163040e+02
737             	3.00163432e+02
738             	3.00163189e+02
739             	3.00163097e+02
740             	3.00163452e+02
741             	3.00163511e+02
742             	3.00163700e+02
743             	3.00163821e+02
744             	3.00163890e+02
745             	3.00163815e+02
746             	3.00163776e+02
747             	3.00163872e+02
748             	3.00164135e+02
749             	3.00163826e+02
750             	3.00163820e+02
751             	3.00163546e+02
752             	3.00164167e+02
753             	3.00164555e+02
754             	3.00164901e+02
755             	3.00165122e+02
756             	3.00164840e+02
757             	3.00165023e+02
758             	3.00165221e+02
759             	3.00165318e+02
760             	3.00165302e+02
761             	3.00164875e+02
762             	3.00164029e+02
763             	3.00163953e+02
764             	3.00163506e+02
765             	3.00162907e+02
766             	3.00163359e+02
767             	3.00163561e+02
768             	3.00163545e+02
769             	3.00163320e+02
770             	3.00163900e+02
771             	3.00163865e+02
772             	3.00163985e+02
773             	3.00164502e+02
774             	3.00164850e+02
775             	3.00164852e+02
776             	3.00164615e+02
777             	3.00164314e+02
778             	3.00164077e+02
779             	3.00163592e+02
780             	3.00163682e+02
781             	3.00163932e+02
782             	3.00164482e+02
783             	3.00164716e+02
784             	3.00164980e+02
785             	3.00165174e+02
786             	3.00165146e+02
787             	3.00164895e+02
788             	3.00164887e+02
789             	3.00165059e+02
790             	3.00164880e+02
791             	3.00164413e+02
792             	3.00164741e+02
793             	3.00164024e+02
794             	3.00164037e+02
795             	3.00163848e+02
796             	3.00163732e+02
797             	3.00163952e+02
798             	3.00163889e+02
799             	3.00164208e+02
800             	3.00163672e+02
801             	3.00163879e+02
802             	3.00164241e+02
803             	3.00163849e+02
804             	3.00164270e+02
805             	3.00164512e+02
806             	3.00164581e+02
807             	3.00164541e+02
808             	3.00164293e+02
809             	3.00164044e+02
810             	3.00163658e+02
811             	3.00163657e+02
812             	3.00163442e+02
813             	3.00163219e+02
814             	3.00162956e+02
815             	3.00162712e+02
816             	3.00163186e+02
817             	3.00163217e+02
818             	3.00163391e+02
819             	3.00163739e+02
820             	3.00164118e+02
821             	3.00164471e+02
822             	3.00164367e+02
823             	3.00164283e+02
824             	3.00164591e+02
825             	3.00164223e+02
826             	3.00163978e+02
827             	3.00163804e+02
828             	3.00163650e+02
829             	3.00163368e+02
830             	3.00163095e+02
831             	3.00162960e+02
832             	3.00162991e+02
833             	3.00163348e+02
834             	3.00163889e+02
835             	3.00164191e+02
836             	3.00164606e+02
837             	3.00165003e+02
838             	3.00165169e+02
839             	3.00165156e+02
840             	3.00164919e+02
841             	3.00164540e+02
842             	3.00164491e+02
843             	3.00164147e+02
844             	3.00163643e+02
845             	3.00163934e+02
846             	3.00163370e+02
847             	3.00163054e+02
848             	3.00163134e+02
849             	3.00163234e+02
850             	3.00163202e+02
851             	3.00163166e+02
852             	3.00163255e+02
853             	3.00163291e+02
854             	3.00163231e+02
855             	3.00163711e+02
856             	3.00163710e+02
857             	3.00163876e+02
858             	3.00164199e+02
859             	3.00164403e+02
860             	3.00164574e+02
861             	3.00164643e+02
862             	3.00164712e+02
863             	3.00164245e+02
864             	3.00164453e+02
865             	3.00164492e+02
866             	3.00164295e+02
867             	3.00163973e+02
868             	3.00163666e+02
869             	3.00163343e+02
870             	3.00163582e+02
871             	3.00163516e+02
872             	3.00163609e+02
873             	3.00163758e+02
874             	3.00163924e+02
875             	3.00163939e+02
876             	3.00163819e+02
877             	3.00163456e+02
878             	3.00162984e+02
879             	3.00163390e+02
880             	3.00163091e+02
881             	3.00163450e+02
882             	3.00163542e+02
883             	3.00163787e+02
884             	3.00163815e+02
885             	3.00163579e+02
886             	3.00164180e+02
887             	3.00163455e+02
888             	3.00163739e+02
889             	3.00163840e+02
890             	3.00164000e+02
891             	3.00164102e+02
892             	3.00164228e+02
893             	3.00164186e+02
894             	3.00163931e+02
895             	3.00163065e+02
896             	3.00163225e+02
897             	3.00162801e+02
898             	3.00163076e+02
899             	3.00163204e+02
900             	3.00163272e+02
901             	3.00163112e+02
902             	3.00164138e+02
903             	3.00164376e+02
904             	3.00164767e+02
905             	3.00164354e+02
906             	3.00164462e+02
907             	3.00164516e+02
908             	3.00164904e+02
909             	3.00164702e+02
910             	3.00164692e+02
911             	3.00164748e+02
912             	3.00164656e+02
913             	3.00164492e+02
914             	3.00164488e+02
915             	3.00164722e+02
916             	3.00165155e+02
917             	3.00165686e+02
918             	3.00165773e+02
919             	3.00165590e+02
920             	3.00165602e+02
921             	3.00165477e+02
922             	3.00164614e+02
923             	3.00164797e+02
924             	3.00163673e+02
925             	3.00163939e+02
926             	3.00164010e+02
927             	3.00164354e+02
928             	3.00164521e+02
929             	3.00163929e+02
930             	3.00164276e+02
931             	3.00164127e+02
932             	3.00164009e+02
933             	3.00163742e+02
934             	3.00164072e+02
935             	3.00163494e+02
936             	3.00163847e+02
937             	3.00163758e+02
938             	3.00163501e+02
939             	3.00163570e+02
940             	3.00164167e+02
941             	3.00163966e+02
942             	3.00163911e+02
943             	3.00164271e+02
944             	3.00164260e+02
945             	3.00164433e+02
946             	3.00164366e+02
947             	3.00164198e+02
948             	3.00163906e+02
949             	3.00163256e+02
950             	3.00163644e+02
951             	3.00162684e+02
952             	3.00163175e+02
953             	3.00163066e+02
954             	3.00163296e+02
955             	3.00163525e+02
956             	3.00163811e+02
957             	3.00164072e+02
958             	3.00164082e+02
959             	3.00164320e+02
960             	3.00164352e+02
961             	3.00164243e+02
962             	3.00164159e+02
963             	3.00164139e+02
964             	3.00164244e+02
965             	3.00164545e+02
966             	3.00164853e+02
967             	3.00165301e+02
968             	3.00165536e+02
969             	3.00165660e+02
970             	3.00165483e+02
971             	3.00164917e+02
972             	3.00164693e+02
973             	3.00164143e+02
974             	3.00163553e+02
975             	3.00163909e+02
976             	3.00163881e+02
977             	3.00163486e+02
978             	3.00163168e+02
979             	3.00163238e+02
980             	3.00163743e+02
981             	3.00164217e+02
982             	3.00164795e+02
983             	3.00164399e+02
984             	3.00164003e+02
985             	3.00164745e+02
986             	3.00165250e+02
987             	3.00165624e+02
988             	3.00165839e+02
989             	3.00165788e+02
990             	3.00165156e+02
991             	3.00165002e+02
992             	3.00164558e+02
993             	3.00163865e+02
994             	3.00164207e+02
995             	3.00164516e+02
996             	3.00163798e+02
997             	3.00164032e+02
998             	3.00164420e+02
999             	3.00164187e+02
1000            	3.00163905e+02
1001            	3.00164477e+02
1002            	3.00165146e+02
1003            	3.00165515e+02
1004            	3.00165274e+02
1005            	3.00164923e+02
1006            	3.00164727e+02
1007            	3.00165167e+02
1008            	3.00164681e+02
1009            	3.00164698e+02
1010            	3.00164347e+02
1011            	3.00163654e+02
1012            	3.00163916e+02
1013            	3.00164118e+02
1014            	3.00164456e+02
1015            	3.00163814e+02
1016            	3.00163916e+02
1017            	3.00163944e+02
1018            	3.00163930e+02
1019            	3.00163907e+02
1020            	3.00163765e+02
1021            	3.00164201e+02
1022            	3.00164333e+02
1023            	3.00164598e+02
1024            	3.00164827e+02
1025            	3.00165057e+02
1026            	3.00165171e+02
1027            	3.00165189e+02
1028            	3.00164910e+02
1029            	3.00164800e+02
1030            	3.00164371e+02
1031            	3.00163794e+02
1032            	3.00163572e+02
1033            	3.00163210e+02
1034            	3.00162974e+02
1035            	3.00163138e+02
1036            	3.00163642e+02
1037            	3.00164446e+02
1038            	3.00164325e+02
1039            	3.00164335e+02
1040            	3.00164889e+02
1041            	3.00165234e+02
1042            	3.00165123e+02
1043            	3.00164601e+02
1044            	3.00164712e+02
1045            	3.00164011e+02
1046            	3.00163976e+02
1047            	3.00163557e+02
1048            	3.00163782e+02
1049            	3.00163883e+02
1050            	3.00164547e+02
1051            	3.00164367e+02
1052            	3.00164266e+02
1053            	3.00164636e+02
1054            	3.00164488e+02
1055            	3.00164535e+02
1056            	3.00164380e+02
1057            	3.00164171e+02
1058            	3.00164488e+02
1059            	3.00164789e+02
1060            	3.00164655e+02
1061            	3.00164399e+02
1062            	3.00164588e+02
1063            	3.00164514e+02
1064            	3.00164094e+02
1065            	3.00164223e+02
1066            	3.00163537e+02
1067            	3.00163794e+02
1068            	3.00164123e+02
1069            	3.00164298e+02
1070            	3.00164642e+02
1071            	3.00164993e+02
1072            	3.00164536e+02
1073            	3.00164770e+02
1074            	3.00164804e+02
1075            	3.00164779e+02
1076            	3.00164610e+02
1077            	3.00164569e+02
1078            	3.00164593e+02
1079            	3.00164336e+02
1080            	3.00164646e+02
1081            	3.00165034e+02
1082            	3.00164733e+02
1083            	3.00164732e+02
1084            	3.00164880e+02
1085            	3.00164214e+02
1086            	3.00164306e+02
1087            	3.00164373e+02
1088            	3.00164446e+02
1089            	3.00164544e+02
1090            	3.00164692e+02
1091            	3.00165010e+02
1092            	3.00164211e+02
1093            	3.00164551e+02
1094            	3.00164892e+02
1095            	3.00165149e+02
1096            	3.00165296e+02
1097            	3.00165334e+02
1098            	3.00164834e+02
1099            	3.00164912e+02
1100            	3.00164889e+02
1101            	3.00164737e+02
1102            	3.00164208e+02
1103            	3.00164127e+02
1104            	3.00163713e+02
1105            	3.00163258e+02
1106            	3.00162836e+02
1107            	3.00162507e+02
1108            	3.00162822e+02
1109            	3.00162989e+02
1110            	3.00163222e+02
1111            	3.00163277e+02
1112            	3.00163346e+02
1113            	3.00163645e+02
1114            	3.00164005e+02
1115            	3.00164337e+02
1116            	3.00164599e+02
1117            	3.00164870e+02
1118            	3.00164793e+02
1119            	3.00164753e+02
1120            	3.00164382e+02
1121            	3.00164440e+02
1122            	3.00164187e+02
1123            	3.00163903e+02
1124            	3.00163595e+02
1125            	3.00163402e+02
1126            	3.00163313e+02
1127            	3.00163541e+02
1128            	3.00163865e+02
1129            	3.00163474e+02
1130            	3.00163806e+02
1131            	3.00163990e+02
1132            	3.00164087e+02
1133            	3.00164143e+02
1134            	3.00163997e+02
1135            	3.00163952e+02
1136            	3.00163962e+02
1137            	3.00163771e+02
1138            	3.00163409e+02
1139            	3.00163212e+02
1140            	3.00163385e+02
1141            	3.00163584e+02
1142            	3.00163960e+02
1143            	3.00164567e+02
1144            	3.00165261e+02
1145            	3.00165043e+02
1146            	3.00164744e+02
1147            	3.00165382e+02
1148            	3.00165613e+02
1149            	3.00165377e+02
1150            	3.00165172e+02
1151            	3.00164306e+02
1152            	3.00164575e+02
1153            	3.00163739e+02
1154            	3.00163905e+02
1155            	3.00163341e+02
1156            	3.00162987e+02
1157            	3.00162878e+02
1158            	3.00163318e+02
1159            	3.00163885e+02
1160            	3.00163853e+02
1161            	3.00164388e+02
1162            	3.00164379e+02
1163            	3.00164795e+02
1164            	3.00164812e+02
1165            	3.00164754e+02
1166            	3.00164848e+02
1167            	3.00164620e+02
1168            	3.00164702e+02
1169            	3.00164763e+02
1170            	3.00164321e+02
1171            	3.00164086e+02
1172            	3.00164286e+02
1173            	3.00164754e+02
1174            	3.00164243e+02
1175            	3.00164023e+02
1176            	3.00164192e+02
1177            	3.00164394e+02
1178            	3.00164566e+02
1179            	3.00164187e+02
1180            	3.00163748e+02
1181            	3.00163661e+02
1182            	3.00163495e+02
1183            	3.00163232e+02
1184            	3.00162810e+02
1185            	3.00163363e+02
1186            	3.00162949e+02
1187            	3.00162700e+02
1188            	3.00162732e+02
1189            	3.00163141e+02
1190            	3.00163469e+02
1191            	3.00163650e+02
1192            	3.00163973e+02
1193            	3.00164531e+02
1194            	3.00164412e+02
1195            	3.00164273e+02
1196            	3.00164652e+02
1197            	3.00164768e+02
1198            	3.00164603e+02
1199            	3.00164316e+02
1200            	3.00164173e+02
1201            	3.00163870e+02
1202            	3.00163465e+02
1203            	3.00163432e+02
1204            	3.00163834e+02
1205            	3.00164068e+02
1206            	3.00164000e+02
1207            	3.00163910e+02
1208            	3.00164131e+02
1209            	3.00164194e+02
1210            	3.00164193e+02
1211            	3.00164212e+02
1212            	3.00164310e+02
1213            	3.00164426e+02
1214            	3.00164568e+02
1215            	3.00164621e+02
1216            	3.00164824e+02
1217            	3.00164732e+02
1218            	3.00164453e+02
1219            	3.00164046e+02
1220            	3.00163610e+02
1221            	3.00163999e+02
1222            	3.00164298e+02
1223            	3.00163276e+02
1224            	3.00163784e+02
1225            	3.00163675e+02
1226            	3.00163812e+02
1227            	3.00164215e+02
1228            	3.00164445e+02
1229            	3.00164897e+02
1230            	3.00164544e+02
1231            	3.00164555e+02
1232            	3.00164625e+02
1233            	3.00164620e+02
1234            	3.00164323e+02
1235            	3.00164008e+02
1236            	3.00163392e+02
1237            	3.00163080e+02
1238            	3.00162714e+02
1239            	3.00162779e+02
1240            	3.00163044e+02
1241            	3.00163348e+02
1242            	3.00163598e+02
1243            	3.00163880e+02
1244            	3.00164076e+02
1245            	3.00164116e+02
1246            	3.00164253e+02
1247            	3.00164469e+02
1248            	3.00164692e+02
1249            	3.00164858e+02
1250            	3.00164886e+02
1251            	3.00164763e+02
1252            	3.00164235e+02
1253            	3.00163575e+02
1254            	3.00163992e+02
1255            	3.00164638e+02
1256            	3.00164064e+02
1257            	3.00163853e+02
1258            	3.00163902e+02
1259            	3.00164128e+02
1260            	3.00163581e+02
1261            	3.00163838e+02
1262            	3.00163316e+02
1263            	3.00163571e+02
1264            	3.00163745e+02
1265            	3.00163996e+02
1266            	3.00164150e+02
1267            	3.00164201e+02
1268            	3.00164335e+02
1269            	3.00164452e+02
1270            	3.00164447e+02
1271            	3.00164492e+02
1272            	3.00164538e+02
1273            	3.00164614e+02
1274            	3.00164749e+02
1275            	3.00165042e+02
1276            	3.00165477e+02
1277            	3.00164362e+02
1278            	3.00164306e+02
1279            	3.00164577e+02
1280            	3.00164779e+02
1281            	3.00164837e+02
1282            	3.00164438e+02
1283            	3.00163792e+02
1284            	3.00164013e+02
1285            	3.00164204e+02
1286            	3.00163581e+02
1287            	3.00163905e+02
1288            	3.00163486e+02
1289            	3.00163369e+02
1290            	3.00163494e+02
1291            	3.00163988e+02
1292            	3.00164450e+02
1293            	3.00164670e+02
1294            	3.00164319e+02
1295            	3.00164790e+02
1296            	3.00164620e+02
1297            	3.00164615e+02
1298            	3.00164661e+02
1299            	3.00164682e+02
1300            	3.00164719e+02
1301            	3.00164953e+02
1302            	3.00164785e+02
1303            	3.00165045e+02
1304            	3.00165027e+02
1305            	3.00165236e+02
1306            	3.00164166e+02
1307            	3.00164141e+02
1308            	3.00164256e+02
1309            	3.00164425e+02
1310            	3.00163979e+02
1311            	3.00163612e+02
1312            	3.00163654e+02
1313            	3.00163273e+02
1314            	3.00163625e+02
1315            	3.00163281e+02
1316            	3.00162920e+02
1317            	3.00163077e+02
1318            	3.00163193e+02
1319            	3.00163714e+02
1320            	3.00163821e+02
1321            	3.00164494e+02
1322            	3.00164361e+02
1323            	3.00164899e+02
1324            	3.00164977e+02
1325            	3.00164888e+02
1326            	3.00164766e+02
1327            	3.00164734e+02
1328            	3.00164748e+02
1329            	3.00164539e+02
1330            	3.00164554e+02
1331            	3.00164641e+02
1332            	3.00164568e+02
1333            	3.00164187e+02
1334            	3.00164509e+02
1335            	3.00164614e+02
1336            	3.00164760e+02
1337            	3.00164993e+02
1338            	3.00165208e+02
1339            	3.00164495e+02
1340            	3.00164911e+02
1341            	3.00165266e+02
1342            	3.00165580e+02
1343            	3.00165105e+02
1344            	3.00165337e+02
1345            	3.00165396e+02
1346            	3.00165256e+02
1347            	3.00164658e+02
1348            	3.00164857e+02
1349            	3.00165253e+02
1350            	3.00165300e+02
1351            	3.00165522e+02
1352            	3.00165853e+02
1353            	3.00166418e+02
1354            	3.00166851e+02
1355            	3.00165632e+02
1356            	3.00166152e+02
1357            	3.00166412e+02
1358            	3.00166419e+02
1359            	3.00165177e+02
1360            	3.00164499e+02
1361            	3.00164728e+02
1362            	3.00165527e+02
1363            	3.00164977e+02
1364            	3.00165179e+02
1365            	3.00165812e+02
1366            	3.00164534e+02
1367            	3.00164312e+02
1368            	3.00164315e+02
1369            	3.00164808e+02
1370            	3.00164446e+02
1371            	3.00164844e+02
1372            	3.00164103e+02
1373            	3.00164538e+02
1374            	3.00164782e+02
1375            	3.00164739e+02
1376            	3.00164489e+02
1377            	3.00165073e+02
1378            	3.00165755e+02
1379            	3.00165627e+02
1380            	3.00165336e+02
1381            	3.00165147e+02
1382            	3.00165440e+02
1383            	3.00165377e+02
1384            	3.00164999e+02
1385            	3.00165190e+02
1386            	3.00164851e+02
1387            	3.00164609e+02
1388            	3.00164292e+02
1389            	3.00164589e+02
1390            	3.00164973e+02
1391            	3.00165499e+02
1392            	3.00165977e+02
1393            	3.00164527e+02
1394            	3.00164228e+02
1395            	3.00164448e+02
1396            	3.00163460e+02
1397            	3.00163983e+02
1398            	3.00164708e+02
1399            	3.00164561e+02
1400            	3.00164681e+02
1401            	3.00164999e+02
1402            	3.00164825e+02
1403            	3.00164773e+02
1404            	3.00164801e+02
1405            	3.00165386e+02
1406            	3.00165683e+02
1407            	3.00165890e+02
1408            	3.00165736e+02
1409            	3.00165563e+02
1410            	3.00165338e+02
1411            	3.00164747e+02
1412            	3.00163735e+02
1413            	3.00163778e+02
1414            	3.00163985e+02
1415            	3.00163660e+02
1416            	3.00163335e+02
1417            	3.00163066e+02
1418            	3.00163245e+02
1419            	3.00163731e+02
1420            	3.00163627e+02
1421            	3.00164290e+02
1422            	3.00164294e+02
1423            	3.00164418e+02
1424            	3.00164544e+02
1425            	3.00165131e+02
1426            	3.00165462e+02
1427            	3.00165432e+02
1428            	3.00165117e+02
1429            	3.00165233e+02
1430            	3.00164936e+02
1431            	3.00164455e+02
1432            	3.00163606e+02
1433            	3.00163965e+02
1434            	3.00164118e+02
1435            	3.00163538e+02
1436            	3.00163725e+02
1437            	3.00163670e+02
1438            	3.00163890e+02
1439            	3.00164205e+02
1440            	3.00164648e+02
1441            	3.00165011e+02
1442            	3.00164504e+02
1443            	3.00165087e+02
1444            	3.00164625e+02
1445            	3.00165138e+02
1446            	3.00165154e+02
1447            	3.00165177e+02
1448            	3.00164980e+02
1449            	3.00164877e+02
1450            	3.00164778e+02
1451            	3.00164552e+02
1452            	3.00164210e+02
1453            	3.00163940e+02
1454            	3.00163644e+02
1455            	3.00164272e+02
1456            	3.00164680e+02
1457            	3.00164612e+02
1458            	3.00164573e+02
1459            	3.00164631e+02
1460            	3.00164606e+02
1461            	3.00164595e+02
1462            	3.00164872e+02
1463            	3.00164812e+02
1464            	3.00164551e+02
1465            	3.00164645e+02
1466            	3.00164864e+02
1467            	3.00164495e+02
1468            	3.00164278e+02
1469            	3.00164737e+02
1470            	3.00164240e+02
1471            	3.00163650e+02
1472            	3.00163829e+02
1473            	3.00163975e+02
1474            	3.00164366e+02
1475            	3.00163707e+02
1476            	3.00164142e+02
1477            	3.00164883e+02
1478            	3.00164605e+02
1479            	3.00164730e+02
1480            	3.00164862e+02
1481            	3.00164812e+02
1482            	3.00164605e+02
1483            	3.00164062e+02
1484            	3.00164563e+02
1485            	3.00163924e+02
1486            	3.00164260e+02
1487            	3.00164846e+02
1488            	3.00164597e+02
1489            	3.00164128e+02
1490            	3.00164370e+02
1491            	3.00164108e+02
1492            	3.00163651e+02
1493            	3.00163659e+02
1494            	3.00163849e+02
1495            	3.00163821e+02
1496            	3.00163418e+02
1497            	3.00163778e+02
1498            	3.00162659e+02
1499            	3.00163210e+02
1500            	3.00163690e+02
1501            	3.00163903e+02
1502            	3.00163847e+02
1503            	3.00163679e+02
1504            	3.00163508e+02
1505            	3.00163920e+02
1506            	3.00163789e+02
1507            	3.00164633e+02
1508            	3.00164018e+02
1509            	3.00164569e+02
1510            	3.00164501e+02
1511            	3.00164977e+02
1512            	3.00165303e+02
1513            	3.00164756e+02
1514            	3.00164565e+02
1515            	3.00164310e+02
1516            	3.00164442e+02
1517            	3.00164283e+02
1518            	3.00163915e+02
1519            	3.00163415e+02
1520            	3.00163437e+02
1521            	3.00163152e+02
1522            	3.00163359e+02
1523            	3.00163637e+02
1524            	3.00163677e+02
1525            	3.00163836e+02
1526            	3.00164144e+02
1527            	3.00164214e+02
1528            	3.00164370e+02
1529            	3.00164711e+02
1530            	3.00165011e+02
1531            	3.00165020e+02
1532            	3.00164786e+02
1533            	3.00164173e+02
1534            	3.00163774e+02
1535            	3.00164348e+02
1536            	3.00163718e+02
1537            	3.00164091e+02
1538            	3.00164225e+02
1539            	3.00164420e+02
1540            	3.00164169e+02
1541            	3.00163920e+02
1542            	3.00164465e+02
1543            	3.00164578e+02
1544            	3.00164181e+02
1545            	3.00164207e+02
1546            	3.00164356e+02
1547            	3.00164169e+02
1548            	3.00163847e+02
1549            	3.00164153e+02
1550            	3.00163619e+02
1551            	3.00163771e+02
1552            	3.00163385e+02
1553            	3.00163768e+02
1554            	3.00163500e+02
1555            	3.00163722e+02
1556            	3.00164078e+02
1557            	3.00163732e+02
1558            	3.00164125e+02
1559            	3.00164657e+02
1560            	3.00165024e+02
1561            	3.00164836e+02
1562            	3.00165133e+02
1563            	3.00165308e+02
1564            	3.00165391e+02
1565            	3.00165429e+02
1566            	3.00165307e+02
1567            	3.00165124e+02
1568            	3.00164282e+02
1569            	3.00163227e+02
1570            	3.00162723e+02
1571            	3.00163227e+02
1572            	3.00163596e+02
1573            	3.00163102e+02
1574            	3.00163011e+02
1575            	3.00163587e+02
1576            	3.00163623e+02
1577            	3.00163917e+02
1578            	3.00164481e+02
1579            	3.00165066e+02
1580            	3.00164678e+02
1581            	3.00164442e+02
1582            	3.00165035e+02
1583            	3.00165260e+02
1584            	3.00164607e+02
1585            	3.00164714e+02
1586            	3.00164079e+02
1587            	3.00163270e+02
1588            	3.00163565e+02
1589            	3.00163063e+02
1590            	3.00163466e+02
1591            	3.00163441e+02
1592            	3.00163626e+02
1593            	3.00163826e+02
1594            	3.00164047e+02
1595            	3.00164274e+02
1596            	3.00164205e+02
1597            	3.00164151e+02
1598            	3.00164093e+02
1599            	3.00163991e+02
1600            	3.00164185e+02
1601            	3.00164237e+02
1602            	3.00164282e+02
1603            	3.00164137e+02
1604            	3.00163796e+02
1605            	3.00164118e+02
1606            	3.00163671e+02
1607            	3.00164060e+02
1608            	3.00163716e+02
1609            	3.00163449e+02
1610            	3.00163233e+02
1611            	3.00163787e+02
1612            	3.00163767e+02
1613            	3.00163769e+02
1614            	3.00163783e+02
1615            	3.00163616e+02
1616            	3.00163297e+02
1617            	3.00163039e+02
1618            	3.00163472e+02
1619            	3.00163134e+02
1620            	3.00162865e+02
1621            	3.00162985e+02
1622            	3.00162922e+02
1623            	3.00163404e+02
1624            	3.00163421e+02
1625            	3.00163465e+02
1626            	3.00163602e+02
1627            	3.00164046e+02
1628            	3.00164398e+02
1629            	3.00164511e+02
1630            	3.00164806e+02
1631            	3.00164564e+02
1632            	3.00164385e+02
1633            	3.00164495e+02
1634            	3.00164485e+02
1635            	3.00164339e+02
1636            	3.00164134e+02
1637            	3.00163802e+02
1638            	3.00163470e+02
1639            	3.00163822e+02
1640            	3.00163533e+02
1641            	3.00163840e+02
1642            	3.00163515e+02
1643            	3.00163317e+02
1644            	3.00163148e+02
1645            	3.00162923e+02
1646            	3.00163080e+02
1647            	3.00162987e+02
1648            	3.00163139e+02
1649            	3.00163475e+02
1650            	3.00163733e+02
1651            	3.00164097e+02
1652            	3.00164440e+02
1653            	3.00164313e+02
1654            	3.00164630e+02
1655            	3.00164566e+02
1656            	3.00164446e+02
1657            	3.00164413e+02
1658            	3.00164235e+02
1659            	3.00163930e+02
1660            	3.00163649e+02
1661            	3.00163692e+02
1662            	3.00163662e+02
1663            	3.00163620e+02
1664            	3.00163808e+02
1665            	3.00164136e+02
1666            	3.00164542e+02
1667            	3.00164579e+02
1668            	3.00164609e+02
1669            	3.00164598e+02
1670            	3.00164513e+02
1671            	3.00164217e+02
1672            	3.00164136e+02
1673            	3.00163871e+02
1674            	3.00163954e+02
1675            	3.00164011e+02
1676            	3.00164185e+02
1677            	3.00164416e+02
1678            	3.00163947e+02
1679            	3.00164352e+02
1680            	3.00164667e+02
1681            	3.00164864e+02
1682            	3.00164982e+02
1683            	3.00164528e+02
1684            	3.00163914e+02
1685            	3.00164365e+02
1686            	3.00163739e+02
1687            	3.00164072e+02
1688            	3.00163761e+02
1689            	3.00163385e+02
1690            	3.00163012e+02
1691            	3.00163482e+02
1692            	3.00163125e+02
1693            	3.00162810e+02
1694            	3.00163228e+02
1695            	3.00163230e+02
1696            	3.00163460e+02
1697            	3.00163765e+02
1698            	3.00164166e+02
1699            	3.00163999e+02
1700            	3.00164444e+02
1701            	3.00164751e+02
1702            	3.00164618e+02
1703            	3.00164951e+02
1704            	3.00165158e+02
1705            	3.00165209e+02
1706            	3.00165205e+02
1707            	3.00164975e+02
1708            	3.00164933e+02
1709            	3.00164483e+02
1710            	3.00164207e+02
1711            	3.00163912e+02
1712            	3.00163883e+02
1713            	3.00163743e+02
1714            	3.00163696e+02
1715            	3.00163787e+02
1716            	3.00164099e+02
1717            	3.00164413e+02
1718            	3.00164641e+02
1719            	3.00164741e+02
1720            	3.00164825e+02
1721            	3.00164734e+02
1722            	3.00164425e+02
1723            	3.00163962e+02
1724            	3.00163399e+02
1725            	3.00163234e+02
1726            	3.00162990e+02
1727            	3.00162737e+02
1728            	3.00163019e+02
1729            	3.00163052e+02
1730            	3.00163344e+02
1731            	3.00163966e+02
1732            	3.00164072e+02
1733            	3.00164123e+02
1734            	3.00164623e+02
1735            	3.00164992e+02
1736            	3.00165126e+02
1737            	3.00165136e+02
1738            	3.00165119e+02
1739            	3.00164793e+02
1740            	3.00164808e+02
1741            	3.00164688e+02
1742            	3.00164544e+02
1743            	3.00164254e+02
1744            	3.00163969e+02
1745            	3.00163644e+02
1746            	3.00163991e+02
1747            	3.00164525e+02
1748            	3.00164195e+02
1749            	3.00164202e+02
1750            	3.00164314e+02
1751            	3.00164256e+02
1752            	3.00164166e+02
1753            	3.00164027e+02
1754            	3.00164121e+02
1755            	3.00163322e+02
1756            	3.00163358e+02
1757            	3.00163627e+02
1758            	3.00163960e+02
1759            	3.00164692e+02
1760            	3.00164229e+02
1761            	3.00164629e+02
1762            	3.00165042e+02
1763            	3.00165270e+02
1764            	3.00165288e+02
1765            	3.00165126e+02
1766            	3.00164584e+02
1767            	3.00164679e+02
1768            	3.00164569e+02
1769            	3.00164299e+02
1770            	3.00163844e+02
1771            	3.00164036e+02
1772            	3.00163762e+02
1773            	3.00163758e+02
1774            	3.00164128e+02
1775            	3.00164682e+02
1776            	3.00163839e+02
1777            	3.00164250e+02
1778            	3.00164995e+02
1779            	3.00164467e+02
1780            	3.00164269e+02
1781            	3.00164733e+02
1782            	3.00164797e+02
1783            	3.00164710e+02
1784            	3.00164593e+02
1785            	3.00164241e+02
1786            	3.00164675e+02
1787            	3.00164250e+02
1788            	3.00164059e+02
1789            	3.00163897e+02
1790            	3.00164168e+02
1791            	3.00164505e+02
1792            	3.00164582e+02
1793            	3.00164568e+02
1794            	3.00164783e+02
1795            	3.00164566e+02
1796            	3.00164559e+02
1797            	3.00164558e+02
1798            	3.00164248e+02
1799            	3.00163567e+02
1800            	3.00163924e+02
1801            	3.00164108e+02
1802            	3.00164650e+02
1803            	3.00164474e+02
1804            	3.00164703e+02
1805            	3.00164304e+02
1806            	3.00164696e+02
1807            	3.00164092e+02
1808            	3.00164278e+02
1809            	3.00164428e+02
1810            	3.00164587e+02
1811            	3.00164078e+02
1812            	3.00164260e+02
1813            	3.00163735e+02
1814            	3.00164161e+02
1815            	3.00163909e+02
1816            	3.00163511e+02
1817            	3.00163812e+02
1818            	3.00164229e+02
1819            	3.00164051e+02
1820            	3.00164255e+02
1821            	3.00164104e+02
1822            	3.00163879e+02
1823            	3.00163343e+02
1824            	3.00163430e+02
1825            	3.00163256e+02
1826            	3.00163491e+02
1827            	3.00163037e+02
1828            	3.00163351e+02
1829            	3.00162932e+02
1830            	3.00163437e+02
1831            	3.00163293e+02
1832            	3.00163358e+02
1833            	3.00163686e+02
1834            	3.00163869e+02
1835            	3.00164172e+02
1836            	3.00164522e+02
1837            	3.00164726e+02
1838            	3.00164920e+02
1839            	3.00165024e+02
1840            	3.00165044e+02
1841            	3.00164763e+02
1842            	3.00164516e+02
1843            	3.00164664e+02
1844            	3.00164331e+02
1845            	3.00163835e+02
1846            	3.00164135e+02
1847            	3.00164347e+02
1848            	3.00164235e+02
1849            	3.00164561e+02
1850            	3.00164012e+02
1851            	3.00164324e+02
1852            	3.00164930e+02
1853            	3.00163835e+02
1854            	3.00163891e+02
1855            	3.00164315e+02
1856            	3.00164428e+02
1857            	3.00164409e+02
1858            	3.00164362e+02
1859            	3.00164302e+02
1860            	3.00164506e+02
1861            	3.00164168e+02
1862            	3.00163842e+02
1863            	3.00164099e+02
1864            	3.00164521e+02
1865            	3.00163652e+02
1866            	3.00163758e+02
1867            	3.00164003e+02
1868            	3.00164280e+02
1869            	3.00164141e+02
1870            	3.00164422e+02
1871            	3.00164711e+02
1872            	3.00164905e+02
1873            	3.00164709e+02
1874            	3.00164537e+02
1875            	3.00164501e+02
1876            	3.00164350e+02
1877            	3.00163967e+02
1878            	3.00163785e+02
1879            	3.00163283e+02
1880            	3.00162909e+02
1881            	3.00163358e+02
1882            	3.00163191e+02
1883            	3.00163176e+02
1884            	3.00163443e+02
1885            	3.00163962e+02
1886            	3.00163998e+02
1887            	3.00164433e+02
1888            	3.00164701e+02
1889            	3.00164916e+02
1890            	3.00165009e+02
1891            	3.00165078e+02
1892            	3.00164884e+02
1893            	3.00164732e+02
1894            	3.00164388e+02
1895            	3.00164051e+02
1896            	3.00164008e+02
1897            	3.00164036e+02
1898            	3.00163993e+02
1899            	3.00163964e+02
1900            	3.00164658e+02
1901            	3.00164493e+02
1902            	3.00164195e+02
1903            	3.00164120e+02
1904            	3.00163957e+02
1905            	3.00164063e+02
1906            	3.00164004e+02
1907            	3.00163841e+02
1908            	3.00164243e+02
1909            	3.00164032e+02
1910            	3.00163952e+02
1911            	3.00164110e+02
1912            	3.00164313e+02
1913            	3.00163470e+02
1914            	3.00163228e+02
1915            	3.00162852e+02
1916            	3.00163098e+02
1917            	3.00163504e+02
1918            	3.00163284e+02
1919            	3.00163007e+02
1920            	3.00163410e+02
1921            	3.00163510e+02
1922            	3.00163611e+02
1923            	3.00163695e+02
1924            	3.00163813e+02
1925            	3.00164149e+02
1926            	3.00164002e+02
1927            	3.00164298e+02
1928            	3.00164068e+02
1929            	3.00163856e+02
1930            	3.00163924e+02
1931            	3.00163809e+02
1932            	3.00163607e+02
1933            	3.00163310e+02
1934            	3.00163700e+02
1935            	3.00163919e+02
1936            	3.00164012e+02
1937            	3.00163938e+02
1938            	3.00163882e+02
1939            	3.00164303e+02
1940            	3.00163834e+02
1941            	3.00164249e+02
1942            	3.00164415e+02
1943            	3.00163947e+02
1944            	3.00164554e+02
1945            	3.00163987e+02
1946            	3.00163898e+02
1947            	3.00163714e+02
1948            	3.00163359e+02
1949            	3.00163697e+02
1950            	3.00163487e+02
1951            	3.00163491e+02
1952            	3.00163519e+02
1953            	3.00163740e+02
1954            	3.00163878e+02
1955            	3.00163698e+02
1956            	3.00163462e+02
1957            	3.00163862e+02
1958            	3.00163442e+02
1959            	3.00163647e+02
1960            	3.00163557e+02
1961            	3.00163263e+02
1962            	3.00163516e+02
1963            	3.00163293e+02
1964            	3.00163464e+02
1965            	3.00163222e+02
1966            	3.00163012e+02
1967            	3.00163370e+02
1968            	3.00163763e+02
1969            	3.00163683e+02
1970            	3.00163303e+02
1971            	3.00163390e+02
1972            	3.00163472e+02
1973            	3.00163775e+02
1974            	3.00164061e+02
1975            	3.00164339e+02
1976            	3.00164231e+02
1977            	3.00164154e+02
1978            	3.00164000e+02
1979            	3.00163967e+02
1980            	3.00163706e+02
1981            	3.00163310e+02
1982            	3.00163047e+02
1983            	3.00162624e+02
1984            	3.00162182e+02
1985            	3.00162675e+02
1986            	3.00163076e+02
1987            	3.00163601e+02
1988            	3.00164051e+02
1989            	3.00164614e+02
1990            	3.00164408e+02
1991            	3.00164332e+02
1992            	3.00164342e+02
1993            	3.00164833e+02
1994            	3.00164832e+02
1995            	3.00164330e+02
1996            	3.00164052e+02
1997            	3.00163368e+02
1998            	3.00163693e+02
1999            	3.00163251e+02
2000            	3.00163410e+02
