/*--------------------------------*- C++ -*----------------------------------*\
| =========                 |                                                 |
| \\      /  F ield         | OpenFOAM: The Open Source CFD Toolbox           |
|  \\    /   O peration     | Version:  2506                                  |
|   \\  /    A nd           | Website:  www.openfoam.com                      |
|    \\/     M anipulation  |                                                 |
\*---------------------------------------------------------------------------*/
FoamFile
{
    version     2.0;
    format      binary;
    arch        "LSB;label=32;scalar=64";
    class       faceSet;
    location    "constant/polyMesh/sets";
    object      walls;
}
// * * * * * * * * * * * * * * * * * * * * * * * * * * * * * * * * * * * * * //


442
(
2048
1028
2066
20504
2080
2081
1060
1064
1065
1068
45
1072
2098
1075
1077
2102
1079
2110
1087
2115
2116
1093
2118
1096
1098
1099
1101
1104
1106
1107
100
2149
101
2152
2153
106
2156
2159
114
1140
1141
2169
2173
1152
2177
2179
1155
2181
2182
1158
1159
2185
2188
2190
2193
2195
147
1172
1173
16535
1191
1207
1208
1213
199
1277
1299
277
286
287
291
297
1323
306
312
1346
1349
336
342
347
349
350
1378
354
357
360
362
363
365
366
1391
369
373
1398
376
378
380
382
384
385
387
390
393
394
1420
396
397
399
400
402
412
414
1443
419
422
425
428
430
433
436
1461
439
1465
441
442
443
445
447
449
451
1485
1495
1498
1502
483
488
16875
1518
504
506
508
511
1536
515
1540
1542
518
1544
520
523
525
1551
528
531
532
534
537
1563
1564
540
543
545
547
549
1575
551
552
554
556
1583
560
1586
562
565
1591
567
568
1593
570
571
1596
572
573
574
578
16964
580
1605
582
1608
584
587
1612
589
591
593
595
598
600
1627
603
606
609
612
614
615
616
617
618
619
620
623
625
628
630
632
636
638
640
643
644
1671
647
648
651
653
656
1682
658
1683
1685
661
663
1688
666
668
670
672
673
675
1700
677
680
681
684
686
688
689
692
697
700
1726
703
706
709
713
715
1740
717
719
721
728
731
733
734
736
738
739
743
744
1769
745
1771
747
1773
749
1775
752
1777
1779
755
1781
757
759
1784
761
1786
1787
763
765
767
769
771
773
774
777
779
780
782
783
786
787
789
790
791
798
799
1827
803
804
1831
807
810
813
1840
816
1842
819
1845
822
1847
1848
825
1850
828
1854
831
1857
834
836
1861
838
1864
840
842
1867
1868
844
1870
846
1872
848
1873
849
850
851
1876
852
853
1878
855
1881
857
858
1883
859
1885
861
1886
1887
863
864
865
869
1894
871
1897
1898
874
1901
877
1902
879
1905
881
882
885
887
890
893
895
897
902
904
906
1931
908
910
911
913
916
1943
919
1944
920
1946
922
1948
924
926
1952
929
1954
931
932
933
934
936
939
1965
941
6063
943
945
947
949
950
951
954
955
956
20412
958
959
963
1988
964
966
968
969
972
2004
2009
2011
995
2026
1005
1006
1009
1012
1013
2045
)


// ************************************************************************* //
