# Region        : cellZone component_3
# Cells         : 288
# Volume        : 5.36827982e-01
# Time          	volAverage(T)
1               	3.00223426e+02
2               	3.00444980e+02
3               	3.00654858e+02
4               	3.00857802e+02
5               	3.01057817e+02
6               	3.01255478e+02
7               	3.01451250e+02
8               	3.01645416e+02
9               	3.01838430e+02
10              	3.02030075e+02
11              	3.02220243e+02
12              	3.02408358e+02
13              	3.02595786e+02
14              	3.02782411e+02
15              	3.02966566e+02
16              	3.03148656e+02
17              	3.03329375e+02
18              	3.03509837e+02
19              	3.03689703e+02
20              	3.03869731e+02
21              	3.04048548e+02
22              	3.04224813e+02
23              	3.04401422e+02
24              	3.04576072e+02
25              	3.04748407e+02
26              	3.04919216e+02
27              	3.05086932e+02
28              	3.05252100e+02
29              	3.05415604e+02
30              	3.05576856e+02
31              	3.05736611e+02
32              	3.05894541e+02
33              	3.06051034e+02
34              	3.06206414e+02
35              	3.06358164e+02
36              	3.06507710e+02
37              	3.06654812e+02
38              	3.06804188e+02
39              	3.06951286e+02
40              	3.07098038e+02
41              	3.07244929e+02
42              	3.07392618e+02
43              	3.07538642e+02
44              	3.07684009e+02
45              	3.07827837e+02
46              	3.07969101e+02
47              	3.08107760e+02
48              	3.08243815e+02
49              	3.08378283e+02
50              	3.08510387e+02
51              	3.08640395e+02
52              	3.08768788e+02
53              	3.08895414e+02
54              	3.09019807e+02
55              	3.09142275e+02
56              	3.09264121e+02
57              	3.09383514e+02
58              	3.09502242e+02
59              	3.09617484e+02
60              	3.09733317e+02
61              	3.09846680e+02
62              	3.09957718e+02
63              	3.10068165e+02
64              	3.10176956e+02
65              	3.10282427e+02
66              	3.10386707e+02
67              	3.10487049e+02
68              	3.10585242e+02
69              	3.10681136e+02
70              	3.10777724e+02
71              	3.10873106e+02
72              	3.10967236e+02
73              	3.11061034e+02
74              	3.11155123e+02
75              	3.11247819e+02
76              	3.11339383e+02
77              	3.11428341e+02
78              	3.11515472e+02
79              	3.11599797e+02
80              	3.11683374e+02
81              	3.11763647e+02
82              	3.11844908e+02
83              	3.11924865e+02
84              	3.12003437e+02
85              	3.12082643e+02
86              	3.12159519e+02
87              	3.12236727e+02
88              	3.12311830e+02
89              	3.12387403e+02
90              	3.12461600e+02
91              	3.12532662e+02
92              	3.12603333e+02
93              	3.12671717e+02
94              	3.12738891e+02
95              	3.12804546e+02
96              	3.12868372e+02
97              	3.12931921e+02
98              	3.12994919e+02
99              	3.13057194e+02
100             	3.13118511e+02
101             	3.13179000e+02
102             	3.13238621e+02
103             	3.13298165e+02
104             	3.13357171e+02
105             	3.13415814e+02
106             	3.13473789e+02
107             	3.13530359e+02
108             	3.13586287e+02
109             	3.13641051e+02
110             	3.13694216e+02
111             	3.13745395e+02
112             	3.13795679e+02
113             	3.13844878e+02
114             	3.13893938e+02
115             	3.13941671e+02
116             	3.13989224e+02
117             	3.14035417e+02
118             	3.14081520e+02
119             	3.14127241e+02
120             	3.14171541e+02
121             	3.14215865e+02
122             	3.14260352e+02
123             	3.14304702e+02
124             	3.14348036e+02
125             	3.14391011e+02
126             	3.14432633e+02
127             	3.14473977e+02
128             	3.14514393e+02
129             	3.14553818e+02
130             	3.14591831e+02
131             	3.14629018e+02
132             	3.14665434e+02
133             	3.14701197e+02
134             	3.14736333e+02
135             	3.14771497e+02
136             	3.14806715e+02
137             	3.14841765e+02
138             	3.14876019e+02
139             	3.14910275e+02
140             	3.14944235e+02
141             	3.14977554e+02
142             	3.15010376e+02
143             	3.15042377e+02
144             	3.15073423e+02
145             	3.15103707e+02
146             	3.15133551e+02
147             	3.15162763e+02
148             	3.15191348e+02
149             	3.15219174e+02
150             	3.15246895e+02
151             	3.15274192e+02
152             	3.15300933e+02
153             	3.15327307e+02
154             	3.15353350e+02
155             	3.15379264e+02
156             	3.15404955e+02
157             	3.15430499e+02
158             	3.15456022e+02
159             	3.15481383e+02
160             	3.15506353e+02
161             	3.15531252e+02
162             	3.15555437e+02
163             	3.15578790e+02
164             	3.15601792e+02
165             	3.15624164e+02
166             	3.15646174e+02
167             	3.15667648e+02
168             	3.15688578e+02
169             	3.15708946e+02
170             	3.15729165e+02
171             	3.15749292e+02
172             	3.15769435e+02
173             	3.15789742e+02
174             	3.15810212e+02
175             	3.15830645e+02
176             	3.15850443e+02
177             	3.15869619e+02
178             	3.15889528e+02
179             	3.15908546e+02
180             	3.15927185e+02
181             	3.15945291e+02
182             	3.15962756e+02
183             	3.15979759e+02
184             	3.15996629e+02
185             	3.16013421e+02
186             	3.16030210e+02
187             	3.16047101e+02
188             	3.16064080e+02
189             	3.16081021e+02
190             	3.16097610e+02
191             	3.16114305e+02
192             	3.16130859e+02
193             	3.16147294e+02
194             	3.16163475e+02
195             	3.16179494e+02
196             	3.16195320e+02
197             	3.16211036e+02
198             	3.16226437e+02
199             	3.16241692e+02
200             	3.16256773e+02
201             	3.16271525e+02
202             	3.16285989e+02
203             	3.16300210e+02
204             	3.16314265e+02
205             	3.16327943e+02
206             	3.16341597e+02
207             	3.16355256e+02
208             	3.16368741e+02
209             	3.16382297e+02
210             	3.16395891e+02
211             	3.16409416e+02
212             	3.16422860e+02
213             	3.16436195e+02
214             	3.16449467e+02
215             	3.16462653e+02
216             	3.16475779e+02
217             	3.16488655e+02
218             	3.16501432e+02
219             	3.16514142e+02
220             	3.16526641e+02
221             	3.16538981e+02
222             	3.16551244e+02
223             	3.16563415e+02
224             	3.16575465e+02
225             	3.16587310e+02
226             	3.16598811e+02
227             	3.16610074e+02
228             	3.16621384e+02
229             	3.16632617e+02
230             	3.16643841e+02
231             	3.16655074e+02
232             	3.16666331e+02
233             	3.16677582e+02
234             	3.16688661e+02
235             	3.16699654e+02
236             	3.16710615e+02
237             	3.16721521e+02
238             	3.16732314e+02
239             	3.16743038e+02
240             	3.16753499e+02
241             	3.16763986e+02
242             	3.16774209e+02
243             	3.16784453e+02
244             	3.16794618e+02
245             	3.16804626e+02
246             	3.16814486e+02
247             	3.16824228e+02
248             	3.16833881e+02
249             	3.16843393e+02
250             	3.16852825e+02
251             	3.16862217e+02
252             	3.16871503e+02
253             	3.16880837e+02
254             	3.16890170e+02
255             	3.16899453e+02
256             	3.16908700e+02
257             	3.16917910e+02
258             	3.16927068e+02
259             	3.16936145e+02
260             	3.16944954e+02
261             	3.16953775e+02
262             	3.16962548e+02
263             	3.16971283e+02
264             	3.16979839e+02
265             	3.16988275e+02
266             	3.16996612e+02
267             	3.17004845e+02
268             	3.17012967e+02
269             	3.17021028e+02
270             	3.17029009e+02
271             	3.17036889e+02
272             	3.17044667e+02
273             	3.17052386e+02
274             	3.17060099e+02
275             	3.17067756e+02
276             	3.17075403e+02
277             	3.17083010e+02
278             	3.17090565e+02
279             	3.17098051e+02
280             	3.17105458e+02
281             	3.17112806e+02
282             	3.17120093e+02
283             	3.17127314e+02
284             	3.17134468e+02
285             	3.17141549e+02
286             	3.17148545e+02
287             	3.17155361e+02
288             	3.17162158e+02
289             	3.17168896e+02
290             	3.17175574e+02
291             	3.17182195e+02
292             	3.17188739e+02
293             	3.17195199e+02
294             	3.17201514e+02
295             	3.17207830e+02
296             	3.17214039e+02
297             	3.17220176e+02
298             	3.17226259e+02
299             	3.17232303e+02
300             	3.17238315e+02
301             	3.17244286e+02
302             	3.17250222e+02
303             	3.17256108e+02
304             	3.17261957e+02
305             	3.17267753e+02
306             	3.17273436e+02
307             	3.17279077e+02
308             	3.17284660e+02
309             	3.17290164e+02
310             	3.17295599e+02
311             	3.17300964e+02
312             	3.17306253e+02
313             	3.17311496e+02
314             	3.17316694e+02
315             	3.17321837e+02
316             	3.17326924e+02
317             	3.17331958e+02
318             	3.17336937e+02
319             	3.17341843e+02
320             	3.17346691e+02
321             	3.17351481e+02
322             	3.17356206e+02
323             	3.17360900e+02
324             	3.17365540e+02
325             	3.17370129e+02
326             	3.17374675e+02
327             	3.17379179e+02
328             	3.17383632e+02
329             	3.17388065e+02
330             	3.17392457e+02
331             	3.17396811e+02
332             	3.17401110e+02
333             	3.17405372e+02
334             	3.17409589e+02
335             	3.17413754e+02
336             	3.17417868e+02
337             	3.17421877e+02
338             	3.17425862e+02
339             	3.17429796e+02
340             	3.17433682e+02
341             	3.17437518e+02
342             	3.17441309e+02
343             	3.17445057e+02
344             	3.17448771e+02
345             	3.17452447e+02
346             	3.17456083e+02
347             	3.17459689e+02
348             	3.17463268e+02
349             	3.17466828e+02
350             	3.17470342e+02
351             	3.17473817e+02
352             	3.17477247e+02
353             	3.17480638e+02
354             	3.17483981e+02
355             	3.17487294e+02
356             	3.17490581e+02
357             	3.17493831e+02
358             	3.17497054e+02
359             	3.17500251e+02
360             	3.17503402e+02
361             	3.17506517e+02
362             	3.17509614e+02
363             	3.17512690e+02
364             	3.17515742e+02
365             	3.17518768e+02
366             	3.17521750e+02
367             	3.17524695e+02
368             	3.17527599e+02
369             	3.17530458e+02
370             	3.17533289e+02
371             	3.17536089e+02
372             	3.17538854e+02
373             	3.17541588e+02
374             	3.17544294e+02
375             	3.17546971e+02
376             	3.17549624e+02
377             	3.17552260e+02
378             	3.17554874e+02
379             	3.17557466e+02
380             	3.17560034e+02
381             	3.17562538e+02
382             	3.17565038e+02
383             	3.17567513e+02
384             	3.17569963e+02
385             	3.17572394e+02
386             	3.17574803e+02
387             	3.17577189e+02
388             	3.17579550e+02
389             	3.17581886e+02
390             	3.17584193e+02
391             	3.17586465e+02
392             	3.17588717e+02
393             	3.17590944e+02
394             	3.17593154e+02
395             	3.17595349e+02
396             	3.17597529e+02
397             	3.17599694e+02
398             	3.17601841e+02
399             	3.17603965e+02
400             	3.17606063e+02
401             	3.17608132e+02
402             	3.17610176e+02
403             	3.17612179e+02
404             	3.17614158e+02
405             	3.17616119e+02
406             	3.17618053e+02
407             	3.17619967e+02
408             	3.17621861e+02
409             	3.17623737e+02
410             	3.17625592e+02
411             	3.17627425e+02
412             	3.17629236e+02
413             	3.17631025e+02
414             	3.17632793e+02
415             	3.17634537e+02
416             	3.17636259e+02
417             	3.17637961e+02
418             	3.17639645e+02
419             	3.17641311e+02
420             	3.17642959e+02
421             	3.17644589e+02
422             	3.17646201e+02
423             	3.17647793e+02
424             	3.17649364e+02
425             	3.17650916e+02
426             	3.17652446e+02
427             	3.17653959e+02
428             	3.17655451e+02
429             	3.17656922e+02
430             	3.17658375e+02
431             	3.17659814e+02
432             	3.17661239e+02
433             	3.17662649e+02
434             	3.17664044e+02
435             	3.17665425e+02
436             	3.17666790e+02
437             	3.17668133e+02
438             	3.17669463e+02
439             	3.17670761e+02
440             	3.17672033e+02
441             	3.17673293e+02
442             	3.17674535e+02
443             	3.17675763e+02
444             	3.17676973e+02
445             	3.17678164e+02
446             	3.17679336e+02
447             	3.17680496e+02
448             	3.17681632e+02
449             	3.17682755e+02
450             	3.17683864e+02
451             	3.17684959e+02
452             	3.17686044e+02
453             	3.17687117e+02
454             	3.17688181e+02
455             	3.17689233e+02
456             	3.17690278e+02
457             	3.17691307e+02
458             	3.17692324e+02
459             	3.17693319e+02
460             	3.17694306e+02
461             	3.17695285e+02
462             	3.17696254e+02
463             	3.17697192e+02
464             	3.17698123e+02
465             	3.17699044e+02
466             	3.17699951e+02
467             	3.17700842e+02
468             	3.17701719e+02
469             	3.17702585e+02
470             	3.17703440e+02
471             	3.17704282e+02
472             	3.17705114e+02
473             	3.17705926e+02
474             	3.17706732e+02
475             	3.17707528e+02
476             	3.17708318e+02
477             	3.17709098e+02
478             	3.17709864e+02
479             	3.17710617e+02
480             	3.17711357e+02
481             	3.17712083e+02
482             	3.17712795e+02
483             	3.17713493e+02
484             	3.17714176e+02
485             	3.17714857e+02
486             	3.17715538e+02
487             	3.17716217e+02
488             	3.17716898e+02
489             	3.17717580e+02
490             	3.17718260e+02
491             	3.17718934e+02
492             	3.17719600e+02
493             	3.17720253e+02
494             	3.17720900e+02
495             	3.17721529e+02
496             	3.17722126e+02
497             	3.17722724e+02
498             	3.17723313e+02
499             	3.17723895e+02
500             	3.17724467e+02
501             	3.17725029e+02
502             	3.17725585e+02
503             	3.17726136e+02
504             	3.17726681e+02
505             	3.17727219e+02
506             	3.17727748e+02
507             	3.17728273e+02
508             	3.17728794e+02
509             	3.17729313e+02
510             	3.17729832e+02
511             	3.17730345e+02
512             	3.17730839e+02
513             	3.17731337e+02
514             	3.17731837e+02
515             	3.17732335e+02
516             	3.17732835e+02
517             	3.17733334e+02
518             	3.17733832e+02
519             	3.17734326e+02
520             	3.17734816e+02
521             	3.17735302e+02
522             	3.17735754e+02
523             	3.17736200e+02
524             	3.17736647e+02
525             	3.17737089e+02
526             	3.17737523e+02
527             	3.17737950e+02
528             	3.17738373e+02
529             	3.17738791e+02
530             	3.17739205e+02
531             	3.17739622e+02
532             	3.17740035e+02
533             	3.17740443e+02
534             	3.17740849e+02
535             	3.17741254e+02
536             	3.17741660e+02
537             	3.17742067e+02
538             	3.17742480e+02
539             	3.17742898e+02
540             	3.17743314e+02
541             	3.17743720e+02
542             	3.17744107e+02
543             	3.17744487e+02
544             	3.17744861e+02
545             	3.17745233e+02
546             	3.17745607e+02
547             	3.17745984e+02
548             	3.17746370e+02
549             	3.17746760e+02
550             	3.17747137e+02
551             	3.17747514e+02
552             	3.17747888e+02
553             	3.17748253e+02
554             	3.17748602e+02
555             	3.17748940e+02
556             	3.17749271e+02
557             	3.17749598e+02
558             	3.17749919e+02
559             	3.17750236e+02
560             	3.17750548e+02
561             	3.17750857e+02
562             	3.17751164e+02
563             	3.17751472e+02
564             	3.17751786e+02
565             	3.17752099e+02
566             	3.17752416e+02
567             	3.17752737e+02
568             	3.17753060e+02
569             	3.17753375e+02
570             	3.17753671e+02
571             	3.17753966e+02
572             	3.17754266e+02
573             	3.17754558e+02
574             	3.17754854e+02
575             	3.17755142e+02
576             	3.17755429e+02
577             	3.17755705e+02
578             	3.17755984e+02
579             	3.17756266e+02
580             	3.17756537e+02
581             	3.17756803e+02
582             	3.17757069e+02
583             	3.17757332e+02
584             	3.17757593e+02
585             	3.17757852e+02
586             	3.17758106e+02
587             	3.17758353e+02
588             	3.17758594e+02
589             	3.17758815e+02
590             	3.17759034e+02
591             	3.17759251e+02
592             	3.17759465e+02
593             	3.17759674e+02
594             	3.17759890e+02
595             	3.17760104e+02
596             	3.17760316e+02
597             	3.17760528e+02
598             	3.17760741e+02
599             	3.17760946e+02
600             	3.17761155e+02
601             	3.17761368e+02
602             	3.17761584e+02
603             	3.17761801e+02
604             	3.17762018e+02
605             	3.17762228e+02
606             	3.17762439e+02
607             	3.17762642e+02
608             	3.17762840e+02
609             	3.17763032e+02
610             	3.17763212e+02
611             	3.17763386e+02
612             	3.17763564e+02
613             	3.17763739e+02
614             	3.17763911e+02
615             	3.17764083e+02
616             	3.17764255e+02
617             	3.17764419e+02
618             	3.17764583e+02
619             	3.17764745e+02
620             	3.17764900e+02
621             	3.17765053e+02
622             	3.17765201e+02
623             	3.17765345e+02
624             	3.17765485e+02
625             	3.17765620e+02
626             	3.17765751e+02
627             	3.17765887e+02
628             	3.17766016e+02
629             	3.17766142e+02
630             	3.17766265e+02
631             	3.17766392e+02
632             	3.17766525e+02
633             	3.17766656e+02
634             	3.17766784e+02
635             	3.17766917e+02
636             	3.17767053e+02
637             	3.17767189e+02
638             	3.17767322e+02
639             	3.17767456e+02
640             	3.17767588e+02
641             	3.17767712e+02
642             	3.17767831e+02
643             	3.17767949e+02
644             	3.17768066e+02
645             	3.17768181e+02
646             	3.17768293e+02
647             	3.17768398e+02
648             	3.17768490e+02
649             	3.17768580e+02
650             	3.17768670e+02
651             	3.17768763e+02
652             	3.17768863e+02
653             	3.17768976e+02
654             	3.17769092e+02
655             	3.17769203e+02
656             	3.17769311e+02
657             	3.17769408e+02
658             	3.17769513e+02
659             	3.17769624e+02
660             	3.17769747e+02
661             	3.17769873e+02
662             	3.17769998e+02
663             	3.17770128e+02
664             	3.17770261e+02
665             	3.17770387e+02
666             	3.17770502e+02
667             	3.17770611e+02
668             	3.17770720e+02
669             	3.17770839e+02
670             	3.17770961e+02
671             	3.17771093e+02
672             	3.17771228e+02
673             	3.17771359e+02
674             	3.17771481e+02
675             	3.17771592e+02
676             	3.17771701e+02
677             	3.17771813e+02
678             	3.17771928e+02
679             	3.17772044e+02
680             	3.17772163e+02
681             	3.17772281e+02
682             	3.17772395e+02
683             	3.17772502e+02
684             	3.17772604e+02
685             	3.17772703e+02
686             	3.17772800e+02
687             	3.17772896e+02
688             	3.17772995e+02
689             	3.17773095e+02
690             	3.17773198e+02
691             	3.17773304e+02
692             	3.17773418e+02
693             	3.17773530e+02
694             	3.17773642e+02
695             	3.17773755e+02
696             	3.17773870e+02
697             	3.17773983e+02
698             	3.17774085e+02
699             	3.17774189e+02
700             	3.17774290e+02
701             	3.17774392e+02
702             	3.17774485e+02
703             	3.17774576e+02
704             	3.17774667e+02
705             	3.17774761e+02
706             	3.17774855e+02
707             	3.17774940e+02
708             	3.17775019e+02
709             	3.17775093e+02
710             	3.17775160e+02
711             	3.17775237e+02
712             	3.17775310e+02
713             	3.17775379e+02
714             	3.17775447e+02
715             	3.17775516e+02
716             	3.17775584e+02
717             	3.17775654e+02
718             	3.17775718e+02
719             	3.17775783e+02
720             	3.17775850e+02
721             	3.17775918e+02
722             	3.17775988e+02
723             	3.17776061e+02
724             	3.17776135e+02
725             	3.17776209e+02
726             	3.17776283e+02
727             	3.17776355e+02
728             	3.17776424e+02
729             	3.17776491e+02
730             	3.17776545e+02
731             	3.17776592e+02
732             	3.17776642e+02
733             	3.17776694e+02
734             	3.17776754e+02
735             	3.17776815e+02
736             	3.17776871e+02
737             	3.17776926e+02
738             	3.17776980e+02
739             	3.17777033e+02
740             	3.17777085e+02
741             	3.17777135e+02
742             	3.17777180e+02
743             	3.17777216e+02
744             	3.17777241e+02
745             	3.17777269e+02
746             	3.17777296e+02
747             	3.17777323e+02
748             	3.17777353e+02
749             	3.17777382e+02
750             	3.17777410e+02
751             	3.17777436e+02
752             	3.17777458e+02
753             	3.17777483e+02
754             	3.17777509e+02
755             	3.17777533e+02
756             	3.17777556e+02
757             	3.17777569e+02
758             	3.17777582e+02
759             	3.17777595e+02
760             	3.17777602e+02
761             	3.17777614e+02
762             	3.17777621e+02
763             	3.17777626e+02
764             	3.17777628e+02
765             	3.17777628e+02
766             	3.17777629e+02
767             	3.17777630e+02
768             	3.17777630e+02
769             	3.17777629e+02
770             	3.17777627e+02
771             	3.17777619e+02
772             	3.17777608e+02
773             	3.17777591e+02
774             	3.17777573e+02
775             	3.17777558e+02
776             	3.17777541e+02
777             	3.17777524e+02
778             	3.17777506e+02
779             	3.17777485e+02
780             	3.17777459e+02
781             	3.17777427e+02
782             	3.17777386e+02
783             	3.17777339e+02
784             	3.17777289e+02
785             	3.17777241e+02
786             	3.17777198e+02
787             	3.17777159e+02
788             	3.17777127e+02
789             	3.17777090e+02
790             	3.17777044e+02
791             	3.17776993e+02
792             	3.17776936e+02
793             	3.17776872e+02
794             	3.17776802e+02
795             	3.17776726e+02
796             	3.17776648e+02
797             	3.17776572e+02
798             	3.17776499e+02
799             	3.17776436e+02
800             	3.17776375e+02
801             	3.17776315e+02
802             	3.17776260e+02
803             	3.17776203e+02
804             	3.17776144e+02
805             	3.17776083e+02
806             	3.17776019e+02
807             	3.17775954e+02
808             	3.17775886e+02
809             	3.17775817e+02
810             	3.17775749e+02
811             	3.17775680e+02
812             	3.17775608e+02
813             	3.17775541e+02
814             	3.17775480e+02
815             	3.17775427e+02
816             	3.17775377e+02
817             	3.17775330e+02
818             	3.17775279e+02
819             	3.17775226e+02
820             	3.17775169e+02
821             	3.17775107e+02
822             	3.17775046e+02
823             	3.17774987e+02
824             	3.17774932e+02
825             	3.17774881e+02
826             	3.17774836e+02
827             	3.17774790e+02
828             	3.17774748e+02
829             	3.17774707e+02
830             	3.17774667e+02
831             	3.17774624e+02
832             	3.17774585e+02
833             	3.17774542e+02
834             	3.17774497e+02
835             	3.17774448e+02
836             	3.17774398e+02
837             	3.17774349e+02
838             	3.17774304e+02
839             	3.17774264e+02
840             	3.17774231e+02
841             	3.17774207e+02
842             	3.17774190e+02
843             	3.17774175e+02
844             	3.17774159e+02
845             	3.17774146e+02
846             	3.17774132e+02
847             	3.17774117e+02
848             	3.17774103e+02
849             	3.17774089e+02
850             	3.17774076e+02
851             	3.17774064e+02
852             	3.17774054e+02
853             	3.17774047e+02
854             	3.17774042e+02
855             	3.17774040e+02
856             	3.17774041e+02
857             	3.17774043e+02
858             	3.17774044e+02
859             	3.17774045e+02
860             	3.17774048e+02
861             	3.17774055e+02
862             	3.17774063e+02
863             	3.17774072e+02
864             	3.17774082e+02
865             	3.17774094e+02
866             	3.17774109e+02
867             	3.17774125e+02
868             	3.17774143e+02
869             	3.17774161e+02
870             	3.17774185e+02
871             	3.17774213e+02
872             	3.17774244e+02
873             	3.17774278e+02
874             	3.17774315e+02
875             	3.17774347e+02
876             	3.17774383e+02
877             	3.17774425e+02
878             	3.17774474e+02
879             	3.17774521e+02
880             	3.17774565e+02
881             	3.17774608e+02
882             	3.17774651e+02
883             	3.17774694e+02
884             	3.17774738e+02
885             	3.17774783e+02
886             	3.17774829e+02
887             	3.17774875e+02
888             	3.17774925e+02
889             	3.17774978e+02
890             	3.17775033e+02
891             	3.17775089e+02
892             	3.17775148e+02
893             	3.17775208e+02
894             	3.17775269e+02
895             	3.17775330e+02
896             	3.17775392e+02
897             	3.17775455e+02
898             	3.17775520e+02
899             	3.17775585e+02
900             	3.17775649e+02
901             	3.17775713e+02
902             	3.17775776e+02
903             	3.17775842e+02
904             	3.17775910e+02
905             	3.17775980e+02
906             	3.17776054e+02
907             	3.17776132e+02
908             	3.17776211e+02
909             	3.17776291e+02
910             	3.17776373e+02
911             	3.17776453e+02
912             	3.17776534e+02
913             	3.17776615e+02
914             	3.17776695e+02
915             	3.17776776e+02
916             	3.17776861e+02
917             	3.17776951e+02
918             	3.17777046e+02
919             	3.17777144e+02
920             	3.17777241e+02
921             	3.17777337e+02
922             	3.17777432e+02
923             	3.17777525e+02
924             	3.17777617e+02
925             	3.17777709e+02
926             	3.17777800e+02
927             	3.17777893e+02
928             	3.17777986e+02
929             	3.17778081e+02
930             	3.17778178e+02
931             	3.17778278e+02
932             	3.17778380e+02
933             	3.17778484e+02
934             	3.17778589e+02
935             	3.17778695e+02
936             	3.17778803e+02
937             	3.17778911e+02
938             	3.17779020e+02
939             	3.17779129e+02
940             	3.17779239e+02
941             	3.17779348e+02
942             	3.17779459e+02
943             	3.17779569e+02
944             	3.17779680e+02
945             	3.17779790e+02
946             	3.17779901e+02
947             	3.17780005e+02
948             	3.17780112e+02
949             	3.17780220e+02
950             	3.17780330e+02
951             	3.17780440e+02
952             	3.17780546e+02
953             	3.17780650e+02
954             	3.17780752e+02
955             	3.17780852e+02
956             	3.17780947e+02
957             	3.17781039e+02
958             	3.17781129e+02
959             	3.17781219e+02
960             	3.17781309e+02
961             	3.17781398e+02
962             	3.17781488e+02
963             	3.17781578e+02
964             	3.17781667e+02
965             	3.17781753e+02
966             	3.17781838e+02
967             	3.17781920e+02
968             	3.17781998e+02
969             	3.17782074e+02
970             	3.17782147e+02
971             	3.17782217e+02
972             	3.17782283e+02
973             	3.17782348e+02
974             	3.17782410e+02
975             	3.17782471e+02
976             	3.17782530e+02
977             	3.17782587e+02
978             	3.17782642e+02
979             	3.17782695e+02
980             	3.17782744e+02
981             	3.17782792e+02
982             	3.17782837e+02
983             	3.17782878e+02
984             	3.17782917e+02
985             	3.17782953e+02
986             	3.17782986e+02
987             	3.17783016e+02
988             	3.17783043e+02
989             	3.17783068e+02
990             	3.17783091e+02
991             	3.17783111e+02
992             	3.17783129e+02
993             	3.17783144e+02
994             	3.17783157e+02
995             	3.17783167e+02
996             	3.17783174e+02
997             	3.17783178e+02
998             	3.17783180e+02
999             	3.17783180e+02
1000            	3.17783177e+02
1001            	3.17783171e+02
1002            	3.17783163e+02
1003            	3.17783153e+02
1004            	3.17783140e+02
1005            	3.17783125e+02
1006            	3.17783108e+02
1007            	3.17783088e+02
1008            	3.17783066e+02
1009            	3.17783043e+02
1010            	3.17783019e+02
1011            	3.17782992e+02
1012            	3.17782965e+02
1013            	3.17782935e+02
1014            	3.17782906e+02
1015            	3.17782875e+02
1016            	3.17782844e+02
1017            	3.17782812e+02
1018            	3.17782781e+02
1019            	3.17782749e+02
1020            	3.17782719e+02
1021            	3.17782689e+02
1022            	3.17782658e+02
1023            	3.17782627e+02
1024            	3.17782596e+02
1025            	3.17782564e+02
1026            	3.17782534e+02
1027            	3.17782504e+02
1028            	3.17782475e+02
1029            	3.17782446e+02
1030            	3.17782417e+02
1031            	3.17782388e+02
1032            	3.17782360e+02
1033            	3.17782333e+02
1034            	3.17782305e+02
1035            	3.17782279e+02
1036            	3.17782253e+02
1037            	3.17782229e+02
1038            	3.17782207e+02
1039            	3.17782187e+02
1040            	3.17782169e+02
1041            	3.17782154e+02
1042            	3.17782140e+02
1043            	3.17782127e+02
1044            	3.17782115e+02
1045            	3.17782105e+02
1046            	3.17782097e+02
1047            	3.17782089e+02
1048            	3.17782083e+02
1049            	3.17782078e+02
1050            	3.17782076e+02
1051            	3.17782075e+02
1052            	3.17782076e+02
1053            	3.17782079e+02
1054            	3.17782084e+02
1055            	3.17782092e+02
1056            	3.17782101e+02
1057            	3.17782112e+02
1058            	3.17782125e+02
1059            	3.17782140e+02
1060            	3.17782155e+02
1061            	3.17782171e+02
1062            	3.17782189e+02
1063            	3.17782208e+02
1064            	3.17782227e+02
1065            	3.17782247e+02
1066            	3.17782268e+02
1067            	3.17782289e+02
1068            	3.17782312e+02
1069            	3.17782335e+02
1070            	3.17782359e+02
1071            	3.17782383e+02
1072            	3.17782408e+02
1073            	3.17782432e+02
1074            	3.17782457e+02
1075            	3.17782482e+02
1076            	3.17782506e+02
1077            	3.17782529e+02
1078            	3.17782553e+02
1079            	3.17782575e+02
1080            	3.17782598e+02
1081            	3.17782621e+02
1082            	3.17782644e+02
1083            	3.17782667e+02
1084            	3.17782690e+02
1085            	3.17782714e+02
1086            	3.17782738e+02
1087            	3.17782761e+02
1088            	3.17782784e+02
1089            	3.17782806e+02
1090            	3.17782828e+02
1091            	3.17782848e+02
1092            	3.17782867e+02
1093            	3.17782885e+02
1094            	3.17782902e+02
1095            	3.17782919e+02
1096            	3.17782935e+02
1097            	3.17782951e+02
1098            	3.17782967e+02
1099            	3.17782984e+02
1100            	3.17783001e+02
1101            	3.17783019e+02
1102            	3.17783038e+02
1103            	3.17783058e+02
1104            	3.17783078e+02
1105            	3.17783099e+02
1106            	3.17783120e+02
1107            	3.17783141e+02
1108            	3.17783162e+02
1109            	3.17783182e+02
1110            	3.17783203e+02
1111            	3.17783224e+02
1112            	3.17783245e+02
1113            	3.17783266e+02
1114            	3.17783288e+02
1115            	3.17783312e+02
1116            	3.17783337e+02
1117            	3.17783363e+02
1118            	3.17783391e+02
1119            	3.17783421e+02
1120            	3.17783452e+02
1121            	3.17783485e+02
1122            	3.17783519e+02
1123            	3.17783554e+02
1124            	3.17783589e+02
1125            	3.17783625e+02
1126            	3.17783662e+02
1127            	3.17783700e+02
1128            	3.17783738e+02
1129            	3.17783777e+02
1130            	3.17783817e+02
1131            	3.17783857e+02
1132            	3.17783898e+02
1133            	3.17783940e+02
1134            	3.17783983e+02
1135            	3.17784027e+02
1136            	3.17784071e+02
1137            	3.17784116e+02
1138            	3.17784161e+02
1139            	3.17784207e+02
1140            	3.17784253e+02
1141            	3.17784298e+02
1142            	3.17784343e+02
1143            	3.17784388e+02
1144            	3.17784432e+02
1145            	3.17784475e+02
1146            	3.17784517e+02
1147            	3.17784558e+02
1148            	3.17784599e+02
1149            	3.17784638e+02
1150            	3.17784678e+02
1151            	3.17784716e+02
1152            	3.17784754e+02
1153            	3.17784792e+02
1154            	3.17784829e+02
1155            	3.17784866e+02
1156            	3.17784901e+02
1157            	3.17784936e+02
1158            	3.17784970e+02
1159            	3.17785002e+02
1160            	3.17785032e+02
1161            	3.17785060e+02
1162            	3.17785087e+02
1163            	3.17785111e+02
1164            	3.17785133e+02
1165            	3.17785153e+02
1166            	3.17785171e+02
1167            	3.17785187e+02
1168            	3.17785201e+02
1169            	3.17785214e+02
1170            	3.17785226e+02
1171            	3.17785237e+02
1172            	3.17785246e+02
1173            	3.17785255e+02
1174            	3.17785262e+02
1175            	3.17785268e+02
1176            	3.17785272e+02
1177            	3.17785274e+02
1178            	3.17785274e+02
1179            	3.17785272e+02
1180            	3.17785267e+02
1181            	3.17785259e+02
1182            	3.17785249e+02
1183            	3.17785238e+02
1184            	3.17785224e+02
1185            	3.17785209e+02
1186            	3.17785192e+02
1187            	3.17785173e+02
1188            	3.17785154e+02
1189            	3.17785133e+02
1190            	3.17785112e+02
1191            	3.17785089e+02
1192            	3.17785065e+02
1193            	3.17785039e+02
1194            	3.17785013e+02
1195            	3.17784985e+02
1196            	3.17784956e+02
1197            	3.17784924e+02
1198            	3.17784891e+02
1199            	3.17784856e+02
1200            	3.17784820e+02
1201            	3.17784782e+02
1202            	3.17784743e+02
1203            	3.17784703e+02
1204            	3.17784661e+02
1205            	3.17784618e+02
1206            	3.17784575e+02
1207            	3.17784529e+02
1208            	3.17784483e+02
1209            	3.17784434e+02
1210            	3.17784385e+02
1211            	3.17784334e+02
1212            	3.17784281e+02
1213            	3.17784228e+02
1214            	3.17784174e+02
1215            	3.17784119e+02
1216            	3.17784063e+02
1217            	3.17784006e+02
1218            	3.17783948e+02
1219            	3.17783890e+02
1220            	3.17783830e+02
1221            	3.17783770e+02
1222            	3.17783708e+02
1223            	3.17783645e+02
1224            	3.17783581e+02
1225            	3.17783516e+02
1226            	3.17783451e+02
1227            	3.17783384e+02
1228            	3.17783316e+02
1229            	3.17783248e+02
1230            	3.17783179e+02
1231            	3.17783108e+02
1232            	3.17783037e+02
1233            	3.17782965e+02
1234            	3.17782892e+02
1235            	3.17782818e+02
1236            	3.17782744e+02
1237            	3.17782670e+02
1238            	3.17782595e+02
1239            	3.17782518e+02
1240            	3.17782440e+02
1241            	3.17782361e+02
1242            	3.17782282e+02
1243            	3.17782202e+02
1244            	3.17782122e+02
1245            	3.17782041e+02
1246            	3.17781959e+02
1247            	3.17781876e+02
1248            	3.17781792e+02
1249            	3.17781707e+02
1250            	3.17781621e+02
1251            	3.17781534e+02
1252            	3.17781446e+02
1253            	3.17781357e+02
1254            	3.17781267e+02
1255            	3.17781178e+02
1256            	3.17781088e+02
1257            	3.17780996e+02
1258            	3.17780904e+02
1259            	3.17780812e+02
1260            	3.17780719e+02
1261            	3.17780626e+02
1262            	3.17780532e+02
1263            	3.17780438e+02
1264            	3.17780343e+02
1265            	3.17780247e+02
1266            	3.17780151e+02
1267            	3.17780055e+02
1268            	3.17779958e+02
1269            	3.17779862e+02
1270            	3.17779767e+02
1271            	3.17779672e+02
1272            	3.17779577e+02
1273            	3.17779483e+02
1274            	3.17779390e+02
1275            	3.17779297e+02
1276            	3.17779205e+02
1277            	3.17779113e+02
1278            	3.17779023e+02
1279            	3.17778933e+02
1280            	3.17778843e+02
1281            	3.17778754e+02
1282            	3.17778665e+02
1283            	3.17778577e+02
1284            	3.17778490e+02
1285            	3.17778404e+02
1286            	3.17778319e+02
1287            	3.17778236e+02
1288            	3.17778155e+02
1289            	3.17778075e+02
1290            	3.17777997e+02
1291            	3.17777921e+02
1292            	3.17777846e+02
1293            	3.17777772e+02
1294            	3.17777700e+02
1295            	3.17777629e+02
1296            	3.17777559e+02
1297            	3.17777490e+02
1298            	3.17777422e+02
1299            	3.17777355e+02
1300            	3.17777289e+02
1301            	3.17777223e+02
1302            	3.17777159e+02
1303            	3.17777096e+02
1304            	3.17777036e+02
1305            	3.17776977e+02
1306            	3.17776920e+02
1307            	3.17776865e+02
1308            	3.17776812e+02
1309            	3.17776761e+02
1310            	3.17776713e+02
1311            	3.17776667e+02
1312            	3.17776622e+02
1313            	3.17776579e+02
1314            	3.17776539e+02
1315            	3.17776500e+02
1316            	3.17776463e+02
1317            	3.17776428e+02
1318            	3.17776394e+02
1319            	3.17776362e+02
1320            	3.17776331e+02
1321            	3.17776303e+02
1322            	3.17776277e+02
1323            	3.17776253e+02
1324            	3.17776230e+02
1325            	3.17776210e+02
1326            	3.17776193e+02
1327            	3.17776179e+02
1328            	3.17776166e+02
1329            	3.17776157e+02
1330            	3.17776150e+02
1331            	3.17776145e+02
1332            	3.17776142e+02
1333            	3.17776142e+02
1334            	3.17776143e+02
1335            	3.17776145e+02
1336            	3.17776149e+02
1337            	3.17776153e+02
1338            	3.17776159e+02
1339            	3.17776165e+02
1340            	3.17776172e+02
1341            	3.17776179e+02
1342            	3.17776187e+02
1343            	3.17776196e+02
1344            	3.17776206e+02
1345            	3.17776216e+02
1346            	3.17776228e+02
1347            	3.17776241e+02
1348            	3.17776255e+02
1349            	3.17776270e+02
1350            	3.17776287e+02
1351            	3.17776305e+02
1352            	3.17776324e+02
1353            	3.17776344e+02
1354            	3.17776365e+02
1355            	3.17776387e+02
1356            	3.17776409e+02
1357            	3.17776433e+02
1358            	3.17776457e+02
1359            	3.17776482e+02
1360            	3.17776507e+02
1361            	3.17776532e+02
1362            	3.17776558e+02
1363            	3.17776584e+02
1364            	3.17776610e+02
1365            	3.17776636e+02
1366            	3.17776662e+02
1367            	3.17776688e+02
1368            	3.17776714e+02
1369            	3.17776740e+02
1370            	3.17776766e+02
1371            	3.17776793e+02
1372            	3.17776821e+02
1373            	3.17776848e+02
1374            	3.17776877e+02
1375            	3.17776906e+02
1376            	3.17776936e+02
1377            	3.17776966e+02
1378            	3.17776997e+02
1379            	3.17777029e+02
1380            	3.17777062e+02
1381            	3.17777094e+02
1382            	3.17777127e+02
1383            	3.17777159e+02
1384            	3.17777191e+02
1385            	3.17777222e+02
1386            	3.17777253e+02
1387            	3.17777284e+02
1388            	3.17777315e+02
1389            	3.17777345e+02
1390            	3.17777376e+02
1391            	3.17777407e+02
1392            	3.17777439e+02
1393            	3.17777470e+02
1394            	3.17777502e+02
1395            	3.17777535e+02
1396            	3.17777567e+02
1397            	3.17777600e+02
1398            	3.17777633e+02
1399            	3.17777667e+02
1400            	3.17777701e+02
1401            	3.17777736e+02
1402            	3.17777771e+02
1403            	3.17777806e+02
1404            	3.17777843e+02
1405            	3.17777879e+02
1406            	3.17777916e+02
1407            	3.17777953e+02
1408            	3.17777990e+02
1409            	3.17778028e+02
1410            	3.17778067e+02
1411            	3.17778107e+02
1412            	3.17778147e+02
1413            	3.17778186e+02
1414            	3.17778227e+02
1415            	3.17778267e+02
1416            	3.17778307e+02
1417            	3.17778346e+02
1418            	3.17778387e+02
1419            	3.17778428e+02
1420            	3.17778470e+02
1421            	3.17778512e+02
1422            	3.17778556e+02
1423            	3.17778601e+02
1424            	3.17778648e+02
1425            	3.17778696e+02
1426            	3.17778746e+02
1427            	3.17778799e+02
1428            	3.17778853e+02
1429            	3.17778907e+02
1430            	3.17778963e+02
1431            	3.17779019e+02
1432            	3.17779076e+02
1433            	3.17779132e+02
1434            	3.17779189e+02
1435            	3.17779245e+02
1436            	3.17779300e+02
1437            	3.17779356e+02
1438            	3.17779411e+02
1439            	3.17779466e+02
1440            	3.17779520e+02
1441            	3.17779574e+02
1442            	3.17779628e+02
1443            	3.17779683e+02
1444            	3.17779737e+02
1445            	3.17779791e+02
1446            	3.17779845e+02
1447            	3.17779900e+02
1448            	3.17779954e+02
1449            	3.17780009e+02
1450            	3.17780065e+02
1451            	3.17780120e+02
1452            	3.17780177e+02
1453            	3.17780233e+02
1454            	3.17780290e+02
1455            	3.17780346e+02
1456            	3.17780402e+02
1457            	3.17780457e+02
1458            	3.17780512e+02
1459            	3.17780565e+02
1460            	3.17780618e+02
1461            	3.17780670e+02
1462            	3.17780721e+02
1463            	3.17780770e+02
1464            	3.17780818e+02
1465            	3.17780865e+02
1466            	3.17780912e+02
1467            	3.17780957e+02
1468            	3.17781001e+02
1469            	3.17781044e+02
1470            	3.17781087e+02
1471            	3.17781130e+02
1472            	3.17781171e+02
1473            	3.17781211e+02
1474            	3.17781251e+02
1475            	3.17781290e+02
1476            	3.17781329e+02
1477            	3.17781367e+02
1478            	3.17781404e+02
1479            	3.17781440e+02
1480            	3.17781475e+02
1481            	3.17781509e+02
1482            	3.17781543e+02
1483            	3.17781575e+02
1484            	3.17781606e+02
1485            	3.17781635e+02
1486            	3.17781664e+02
1487            	3.17781691e+02
1488            	3.17781717e+02
1489            	3.17781742e+02
1490            	3.17781766e+02
1491            	3.17781788e+02
1492            	3.17781809e+02
1493            	3.17781827e+02
1494            	3.17781844e+02
1495            	3.17781859e+02
1496            	3.17781872e+02
1497            	3.17781883e+02
1498            	3.17781891e+02
1499            	3.17781897e+02
1500            	3.17781902e+02
1501            	3.17781904e+02
1502            	3.17781904e+02
1503            	3.17781903e+02
1504            	3.17781899e+02
1505            	3.17781894e+02
1506            	3.17781887e+02
1507            	3.17781878e+02
1508            	3.17781868e+02
1509            	3.17781856e+02
1510            	3.17781843e+02
1511            	3.17781828e+02
1512            	3.17781812e+02
1513            	3.17781794e+02
1514            	3.17781775e+02
1515            	3.17781755e+02
1516            	3.17781733e+02
1517            	3.17781709e+02
1518            	3.17781685e+02
1519            	3.17781659e+02
1520            	3.17781632e+02
1521            	3.17781603e+02
1522            	3.17781573e+02
1523            	3.17781542e+02
1524            	3.17781509e+02
1525            	3.17781476e+02
1526            	3.17781442e+02
1527            	3.17781406e+02
1528            	3.17781369e+02
1529            	3.17781330e+02
1530            	3.17781290e+02
1531            	3.17781249e+02
1532            	3.17781207e+02
1533            	3.17781162e+02
1534            	3.17781117e+02
1535            	3.17781071e+02
1536            	3.17781025e+02
1537            	3.17780978e+02
1538            	3.17780930e+02
1539            	3.17780883e+02
1540            	3.17780835e+02
1541            	3.17780786e+02
1542            	3.17780737e+02
1543            	3.17780687e+02
1544            	3.17780636e+02
1545            	3.17780584e+02
1546            	3.17780531e+02
1547            	3.17780475e+02
1548            	3.17780418e+02
1549            	3.17780359e+02
1550            	3.17780300e+02
1551            	3.17780239e+02
1552            	3.17780177e+02
1553            	3.17780115e+02
1554            	3.17780053e+02
1555            	3.17779989e+02
1556            	3.17779925e+02
1557            	3.17779858e+02
1558            	3.17779791e+02
1559            	3.17779723e+02
1560            	3.17779654e+02
1561            	3.17779585e+02
1562            	3.17779515e+02
1563            	3.17779443e+02
1564            	3.17779370e+02
1565            	3.17779296e+02
1566            	3.17779221e+02
1567            	3.17779146e+02
1568            	3.17779069e+02
1569            	3.17778991e+02
1570            	3.17778912e+02
1571            	3.17778831e+02
1572            	3.17778749e+02
1573            	3.17778666e+02
1574            	3.17778582e+02
1575            	3.17778496e+02
1576            	3.17778410e+02
1577            	3.17778323e+02
1578            	3.17778235e+02
1579            	3.17778148e+02
1580            	3.17778060e+02
1581            	3.17777971e+02
1582            	3.17777881e+02
1583            	3.17777791e+02
1584            	3.17777701e+02
1585            	3.17777610e+02
1586            	3.17777519e+02
1587            	3.17777425e+02
1588            	3.17777330e+02
1589            	3.17777235e+02
1590            	3.17777137e+02
1591            	3.17777038e+02
1592            	3.17776938e+02
1593            	3.17776837e+02
1594            	3.17776737e+02
1595            	3.17776637e+02
1596            	3.17776538e+02
1597            	3.17776441e+02
1598            	3.17776345e+02
1599            	3.17776251e+02
1600            	3.17776158e+02
1601            	3.17776065e+02
1602            	3.17775974e+02
1603            	3.17775883e+02
1604            	3.17775792e+02
1605            	3.17775700e+02
1606            	3.17775608e+02
1607            	3.17775515e+02
1608            	3.17775422e+02
1609            	3.17775329e+02
1610            	3.17775236e+02
1611            	3.17775143e+02
1612            	3.17775051e+02
1613            	3.17774960e+02
1614            	3.17774872e+02
1615            	3.17774785e+02
1616            	3.17774699e+02
1617            	3.17774614e+02
1618            	3.17774531e+02
1619            	3.17774448e+02
1620            	3.17774367e+02
1621            	3.17774286e+02
1622            	3.17774206e+02
1623            	3.17774127e+02
1624            	3.17774048e+02
1625            	3.17773969e+02
1626            	3.17773891e+02
1627            	3.17773814e+02
1628            	3.17773737e+02
1629            	3.17773661e+02
1630            	3.17773586e+02
1631            	3.17773511e+02
1632            	3.17773439e+02
1633            	3.17773369e+02
1634            	3.17773300e+02
1635            	3.17773233e+02
1636            	3.17773168e+02
1637            	3.17773105e+02
1638            	3.17773043e+02
1639            	3.17772983e+02
1640            	3.17772924e+02
1641            	3.17772866e+02
1642            	3.17772810e+02
1643            	3.17772753e+02
1644            	3.17772697e+02
1645            	3.17772642e+02
1646            	3.17772588e+02
1647            	3.17772535e+02
1648            	3.17772483e+02
1649            	3.17772432e+02
1650            	3.17772382e+02
1651            	3.17772334e+02
1652            	3.17772288e+02
1653            	3.17772243e+02
1654            	3.17772201e+02
1655            	3.17772159e+02
1656            	3.17772119e+02
1657            	3.17772082e+02
1658            	3.17772046e+02
1659            	3.17772011e+02
1660            	3.17771977e+02
1661            	3.17771945e+02
1662            	3.17771914e+02
1663            	3.17771885e+02
1664            	3.17771856e+02
1665            	3.17771830e+02
1666            	3.17771805e+02
1667            	3.17771783e+02
1668            	3.17771762e+02
1669            	3.17771743e+02
1670            	3.17771726e+02
1671            	3.17771711e+02
1672            	3.17771697e+02
1673            	3.17771686e+02
1674            	3.17771677e+02
1675            	3.17771669e+02
1676            	3.17771662e+02
1677            	3.17771657e+02
1678            	3.17771654e+02
1679            	3.17771652e+02
1680            	3.17771651e+02
1681            	3.17771652e+02
1682            	3.17771654e+02
1683            	3.17771657e+02
1684            	3.17771661e+02
1685            	3.17771666e+02
1686            	3.17771672e+02
1687            	3.17771679e+02
1688            	3.17771687e+02
1689            	3.17771697e+02
1690            	3.17771710e+02
1691            	3.17771724e+02
1692            	3.17771741e+02
1693            	3.17771761e+02
1694            	3.17771782e+02
1695            	3.17771806e+02
1696            	3.17771831e+02
1697            	3.17771858e+02
1698            	3.17771887e+02
1699            	3.17771916e+02
1700            	3.17771946e+02
1701            	3.17771976e+02
1702            	3.17772007e+02
1703            	3.17772039e+02
1704            	3.17772071e+02
1705            	3.17772103e+02
1706            	3.17772136e+02
1707            	3.17772170e+02
1708            	3.17772204e+02
1709            	3.17772238e+02
1710            	3.17772275e+02
1711            	3.17772312e+02
1712            	3.17772349e+02
1713            	3.17772388e+02
1714            	3.17772427e+02
1715            	3.17772467e+02
1716            	3.17772507e+02
1717            	3.17772547e+02
1718            	3.17772586e+02
1719            	3.17772625e+02
1720            	3.17772664e+02
1721            	3.17772702e+02
1722            	3.17772740e+02
1723            	3.17772778e+02
1724            	3.17772815e+02
1725            	3.17772851e+02
1726            	3.17772888e+02
1727            	3.17772924e+02
1728            	3.17772960e+02
1729            	3.17772996e+02
1730            	3.17773031e+02
1731            	3.17773065e+02
1732            	3.17773097e+02
1733            	3.17773130e+02
1734            	3.17773162e+02
1735            	3.17773193e+02
1736            	3.17773222e+02
1737            	3.17773251e+02
1738            	3.17773280e+02
1739            	3.17773307e+02
1740            	3.17773333e+02
1741            	3.17773359e+02
1742            	3.17773383e+02
1743            	3.17773407e+02
1744            	3.17773429e+02
1745            	3.17773449e+02
1746            	3.17773469e+02
1747            	3.17773487e+02
1748            	3.17773503e+02
1749            	3.17773518e+02
1750            	3.17773533e+02
1751            	3.17773545e+02
1752            	3.17773558e+02
1753            	3.17773569e+02
1754            	3.17773579e+02
1755            	3.17773587e+02
1756            	3.17773595e+02
1757            	3.17773602e+02
1758            	3.17773609e+02
1759            	3.17773615e+02
1760            	3.17773620e+02
1761            	3.17773624e+02
1762            	3.17773629e+02
1763            	3.17773633e+02
1764            	3.17773637e+02
1765            	3.17773641e+02
1766            	3.17773645e+02
1767            	3.17773650e+02
1768            	3.17773654e+02
1769            	3.17773657e+02
1770            	3.17773661e+02
1771            	3.17773665e+02
1772            	3.17773668e+02
1773            	3.17773671e+02
1774            	3.17773674e+02
1775            	3.17773677e+02
1776            	3.17773681e+02
1777            	3.17773685e+02
1778            	3.17773689e+02
1779            	3.17773694e+02
1780            	3.17773700e+02
1781            	3.17773706e+02
1782            	3.17773713e+02
1783            	3.17773721e+02
1784            	3.17773731e+02
1785            	3.17773741e+02
1786            	3.17773752e+02
1787            	3.17773764e+02
1788            	3.17773776e+02
1789            	3.17773790e+02
1790            	3.17773804e+02
1791            	3.17773819e+02
1792            	3.17773834e+02
1793            	3.17773849e+02
1794            	3.17773866e+02
1795            	3.17773884e+02
1796            	3.17773903e+02
1797            	3.17773923e+02
1798            	3.17773944e+02
1799            	3.17773966e+02
1800            	3.17773989e+02
1801            	3.17774013e+02
1802            	3.17774038e+02
1803            	3.17774064e+02
1804            	3.17774091e+02
1805            	3.17774119e+02
1806            	3.17774148e+02
1807            	3.17774178e+02
1808            	3.17774210e+02
1809            	3.17774242e+02
1810            	3.17774276e+02
1811            	3.17774311e+02
1812            	3.17774348e+02
1813            	3.17774385e+02
1814            	3.17774424e+02
1815            	3.17774463e+02
1816            	3.17774504e+02
1817            	3.17774544e+02
1818            	3.17774586e+02
1819            	3.17774627e+02
1820            	3.17774669e+02
1821            	3.17774710e+02
1822            	3.17774752e+02
1823            	3.17774793e+02
1824            	3.17774836e+02
1825            	3.17774879e+02
1826            	3.17774923e+02
1827            	3.17774968e+02
1828            	3.17775015e+02
1829            	3.17775062e+02
1830            	3.17775111e+02
1831            	3.17775162e+02
1832            	3.17775214e+02
1833            	3.17775268e+02
1834            	3.17775322e+02
1835            	3.17775378e+02
1836            	3.17775435e+02
1837            	3.17775492e+02
1838            	3.17775550e+02
1839            	3.17775608e+02
1840            	3.17775665e+02
1841            	3.17775723e+02
1842            	3.17775781e+02
1843            	3.17775839e+02
1844            	3.17775895e+02
1845            	3.17775954e+02
1846            	3.17776013e+02
1847            	3.17776072e+02
1848            	3.17776132e+02
1849            	3.17776193e+02
1850            	3.17776255e+02
1851            	3.17776318e+02
1852            	3.17776382e+02
1853            	3.17776447e+02
1854            	3.17776513e+02
1855            	3.17776579e+02
1856            	3.17776645e+02
1857            	3.17776712e+02
1858            	3.17776778e+02
1859            	3.17776844e+02
1860            	3.17776910e+02
1861            	3.17776974e+02
1862            	3.17777038e+02
1863            	3.17777101e+02
1864            	3.17777164e+02
1865            	3.17777227e+02
1866            	3.17777290e+02
1867            	3.17777353e+02
1868            	3.17777416e+02
1869            	3.17777481e+02
1870            	3.17777546e+02
1871            	3.17777610e+02
1872            	3.17777676e+02
1873            	3.17777742e+02
1874            	3.17777808e+02
1875            	3.17777877e+02
1876            	3.17777946e+02
1877            	3.17778016e+02
1878            	3.17778087e+02
1879            	3.17778157e+02
1880            	3.17778229e+02
1881            	3.17778302e+02
1882            	3.17778376e+02
1883            	3.17778450e+02
1884            	3.17778526e+02
1885            	3.17778603e+02
1886            	3.17778680e+02
1887            	3.17778758e+02
1888            	3.17778837e+02
1889            	3.17778916e+02
1890            	3.17778997e+02
1891            	3.17779078e+02
1892            	3.17779159e+02
1893            	3.17779242e+02
1894            	3.17779324e+02
1895            	3.17779407e+02
1896            	3.17779490e+02
1897            	3.17779569e+02
1898            	3.17779646e+02
1899            	3.17779723e+02
1900            	3.17779800e+02
1901            	3.17779876e+02
1902            	3.17779953e+02
1903            	3.17780029e+02
1904            	3.17780104e+02
1905            	3.17780180e+02
1906            	3.17780255e+02
1907            	3.17780331e+02
1908            	3.17780406e+02
1909            	3.17780482e+02
1910            	3.17780558e+02
1911            	3.17780634e+02
1912            	3.17780710e+02
1913            	3.17780784e+02
1914            	3.17780859e+02
1915            	3.17780933e+02
1916            	3.17781006e+02
1917            	3.17781079e+02
1918            	3.17781150e+02
1919            	3.17781221e+02
1920            	3.17781290e+02
1921            	3.17781359e+02
1922            	3.17781427e+02
1923            	3.17781495e+02
1924            	3.17781562e+02
1925            	3.17781628e+02
1926            	3.17781694e+02
1927            	3.17781761e+02
1928            	3.17781826e+02
1929            	3.17781891e+02
1930            	3.17781955e+02
1931            	3.17782019e+02
1932            	3.17782081e+02
1933            	3.17782143e+02
1934            	3.17782203e+02
1935            	3.17782262e+02
1936            	3.17782319e+02
1937            	3.17782374e+02
1938            	3.17782428e+02
1939            	3.17782481e+02
1940            	3.17782532e+02
1941            	3.17782582e+02
1942            	3.17782631e+02
1943            	3.17782679e+02
1944            	3.17782726e+02
1945            	3.17782772e+02
1946            	3.17782817e+02
1947            	3.17782860e+02
1948            	3.17782902e+02
1949            	3.17782941e+02
1950            	3.17782979e+02
1951            	3.17783015e+02
1952            	3.17783049e+02
1953            	3.17783080e+02
1954            	3.17783110e+02
1955            	3.17783137e+02
1956            	3.17783161e+02
1957            	3.17783184e+02
1958            	3.17783205e+02
1959            	3.17783224e+02
1960            	3.17783240e+02
1961            	3.17783253e+02
1962            	3.17783264e+02
1963            	3.17783273e+02
1964            	3.17783279e+02
1965            	3.17783283e+02
1966            	3.17783284e+02
1967            	3.17783283e+02
1968            	3.17783279e+02
1969            	3.17783272e+02
1970            	3.17783262e+02
1971            	3.17783249e+02
1972            	3.17783233e+02
1973            	3.17783212e+02
1974            	3.17783188e+02
1975            	3.17783160e+02
1976            	3.17783128e+02
1977            	3.17783093e+02
1978            	3.17783055e+02
1979            	3.17783013e+02
1980            	3.17782969e+02
1981            	3.17782923e+02
1982            	3.17782875e+02
1983            	3.17782824e+02
1984            	3.17782772e+02
1985            	3.17782717e+02
1986            	3.17782659e+02
1987            	3.17782599e+02
1988            	3.17782536e+02
1989            	3.17782469e+02
1990            	3.17782398e+02
1991            	3.17782323e+02
1992            	3.17782246e+02
1993            	3.17782164e+02
1994            	3.17782078e+02
1995            	3.17781990e+02
1996            	3.17781898e+02
1997            	3.17781803e+02
1998            	3.17781706e+02
1999            	3.17781607e+02
2000            	3.17781506e+02
