/*--------------------------------*- C++ -*----------------------------------*\
| =========                 |                                                 |
| \\      /  F ield         | OpenFOAM: The Open Source CFD Toolbox           |
|  \\    /   O peration     | Version:  2506                                  |
|   \\  /    A nd           | Website:  www.openfoam.com                      |
|    \\/     M anipulation  |                                                 |
\*---------------------------------------------------------------------------*/
FoamFile
{
    version     2.0;
    format      binary;
    arch        "LSB;label=32;scalar=64";
    class       faceSet;
    location    "constant/polyMesh/sets";
    object      walls;
}
// * * * * * * * * * * * * * * * * * * * * * * * * * * * * * * * * * * * * * //


568
(
2062
2065
2069
2073
2082
2089
2091
2094
2116
2119
2122
2132
2148
2163
2167
2169
2171
2183
2186
2199
2201
2237
2239
2253
2267
2269
2272
2274
2278
2281
2283
2285
2302
2304
2305
2306
2307
2309
2310
2312
2314
2316
2317
2319
2321
2323
2324
2327
2329
2335
2337
2339
2341
2342
2343
2352
2354
2355
2356
2359
2372
2373
2375
2377
2379
2380
2384
2386
2388
2392
2393
2394
2396
2398
2400
2401
2402
2405
2408
2416
2418
2421
2424
2425
2426
2430
2433
2436
2438
2440
2442
2443
2444
2445
2446
2450
2455
2456
2458
2475
2478
2479
2496
2499
2502
2505
2508
2510
2512
2513
2514
476
2531
485
486
489
491
492
495
2548
2549
502
508
512
516
518
521
523
2573
526
528
2577
531
532
2582
535
538
541
544
546
547
548
2598
550
552
2603
555
2604
558
561
564
2615
567
2616
570
2619
572
573
574
575
576
577
2627
580
581
2630
583
2632
2636
588
2639
591
2641
594
595
2644
2645
598
2649
601
2651
604
606
607
608
610
612
2661
614
2663
618
620
624
627
629
632
2682
634
2683
636
2686
638
2687
640
2690
643
2692
2694
646
649
651
2701
654
656
658
660
662
665
667
2718
670
671
672
674
676
2725
2728
680
681
684
686
688
690
2739
691
692
2741
17077
693
697
2747
701
2750
704
2753
707
2756
2758
710
713
2764
716
718
721
723
725
2776
728
2778
730
2780
733
736
738
742
744
745
746
747
748
749
750
751
753
755
756
758
759
761
762
764
768
772
775
777
779
782
786
788
791
795
798
801
804
807
809
811
813
815
816
818
820
822
823
824
825
826
827
828
829
830
833
835
837
840
842
845
847
850
853
855
857
859
860
862
863
864
866
868
870
872
875
877
880
881
884
887
889
892
895
897
898
899
900
901
902
903
906
908
909
911
915
917
920
923
926
928
929
932
933
935
938
939
940
941
942
946
949
952
955
956
957
959
962
964
967
969
971
974
976
979
983
985
987
989
993
996
1000
1003
1006
1009
1012
1015
1018
1020
1024
1027
1029
1031
1034
1037
1039
1041
1042
1043
1044
1046
1047
1050
1053
1056
1059
1062
1065
1067
1070
1073
1075
1078
1080
1083
1087
1089
1091
1094
1096
1099
1101
1105
1107
1109
1112
1115
1118
1121
1124
1127
1129
1133
1136
1139
1140
1142
1145
1148
1150
1153
1155
1157
1159
1160
1162
1163
1164
1165
1166
1168
1169
1170
1172
1174
1175
1176
1177
1178
1179
1180
1181
1182
1183
1184
1185
1186
1187
1188
1189
1191
1193
1194
1195
1196
1198
1199
1200
1201
1205
1207
1209
1211
1212
1215
1218
1219
1221
1224
1227
1229
1231
1233
1236
1239
1241
1243
1245
1247
1248
1249
1250
1251
1253
1254
1255
1256
1258
1259
1260
1262
1264
1265
1267
1269
1270
1271
1272
1303
1306
1307
17707
5525
1610
1613
1614
1628
1630
1633
1636
1686
1689
1695
1715
1730
1736
18138
1792
1854
1871
1875
1877
1883
1898
1902
1904
1918
1921
1924
1928
1938
1946
1963
1966
1975
1978
1994
1997
2000
2001
2032
2035
)


// ************************************************************************* //
