# Region        : cellZone component_1
# Cells         : 60
# Volume        : 9.23629780e-02
# Time          	volAverage(T)
1               	3.10264851e+02
2               	3.20153780e+02
3               	3.28249612e+02
4               	3.35427059e+02
5               	3.42404250e+02
6               	3.49316952e+02
7               	3.56134356e+02
8               	3.62892425e+02
9               	3.69658635e+02
10              	3.76403909e+02
11              	3.83141553e+02
12              	3.89898641e+02
13              	3.96593851e+02
14              	4.03153651e+02
15              	4.09479443e+02
16              	4.15646371e+02
17              	4.21669816e+02
18              	4.27519180e+02
19              	4.33190157e+02
20              	4.38722455e+02
21              	4.44242906e+02
22              	4.49782038e+02
23              	4.55085602e+02
24              	4.60233333e+02
25              	4.65395443e+02
26              	4.70505955e+02
27              	4.75489390e+02
28              	4.80361460e+02
29              	4.85084127e+02
30              	4.89631718e+02
31              	4.94046256e+02
32              	4.98356251e+02
33              	5.02565040e+02
34              	5.06705072e+02
35              	5.10779448e+02
36              	5.14800693e+02
37              	5.18775396e+02
38              	5.22642840e+02
39              	5.26392856e+02
40              	5.29980420e+02
41              	5.33435664e+02
42              	5.36906736e+02
43              	5.40424794e+02
44              	5.44041787e+02
45              	5.47903926e+02
46              	5.51572681e+02
47              	5.55001729e+02
48              	5.58346403e+02
49              	5.61683982e+02
50              	5.64820886e+02
51              	5.67739899e+02
52              	5.70497389e+02
53              	5.73172490e+02
54              	5.75850489e+02
55              	5.78412247e+02
56              	5.80572583e+02
57              	5.82539402e+02
58              	5.84328149e+02
59              	5.85932257e+02
60              	5.87327530e+02
61              	5.88522249e+02
62              	5.89449099e+02
63              	5.90182721e+02
64              	5.90753623e+02
65              	5.91204318e+02
66              	5.91549027e+02
67              	5.91825476e+02
68              	5.92053003e+02
69              	5.92251534e+02
70              	5.92429157e+02
71              	5.92596658e+02
72              	5.92753578e+02
73              	5.92881808e+02
74              	5.93012742e+02
75              	5.93143079e+02
76              	5.93265805e+02
77              	5.93384831e+02
78              	5.93468107e+02
79              	5.93524132e+02
80              	5.93563382e+02
81              	5.93562925e+02
82              	5.93533030e+02
83              	5.93487827e+02
84              	5.93431388e+02
85              	5.93359111e+02
86              	5.93280954e+02
87              	5.93204481e+02
88              	5.93133545e+02
89              	5.93080537e+02
90              	5.93041918e+02
91              	5.93025870e+02
92              	5.93033308e+02
93              	5.93052641e+02
94              	5.93058692e+02
95              	5.93059096e+02
96              	5.93048256e+02
97              	5.93029298e+02
98              	5.93001740e+02
99              	5.92971879e+02
100             	5.92938315e+02
101             	5.92911371e+02
102             	5.92876102e+02
103             	5.92839328e+02
104             	5.92795007e+02
105             	5.92737370e+02
106             	5.92666583e+02
107             	5.92587771e+02
108             	5.92508778e+02
109             	5.92441801e+02
110             	5.92382602e+02
111             	5.92337636e+02
112             	5.92295282e+02
113             	5.92256420e+02
114             	5.92216326e+02
115             	5.92170903e+02
116             	5.92124379e+02
117             	5.92076917e+02
118             	5.92028282e+02
119             	5.91979085e+02
120             	5.91930871e+02
121             	5.91878477e+02
122             	5.91825409e+02
123             	5.91770287e+02
124             	5.91714152e+02
125             	5.91655679e+02
126             	5.91591196e+02
127             	5.91525636e+02
128             	5.91458473e+02
129             	5.91390437e+02
130             	5.91321071e+02
131             	5.91255321e+02
132             	5.91190911e+02
133             	5.91134023e+02
134             	5.91087521e+02
135             	5.91044602e+02
136             	5.91000091e+02
137             	5.90957664e+02
138             	5.90914890e+02
139             	5.90868688e+02
140             	5.90818403e+02
141             	5.90765568e+02
142             	5.90708084e+02
143             	5.90650608e+02
144             	5.90593586e+02
145             	5.90537771e+02
146             	5.90481519e+02
147             	5.90425861e+02
148             	5.90371501e+02
149             	5.90317033e+02
150             	5.90263801e+02
151             	5.90211613e+02
152             	5.90159879e+02
153             	5.90109842e+02
154             	5.90060781e+02
155             	5.90010762e+02
156             	5.89962361e+02
157             	5.89919004e+02
158             	5.89875178e+02
159             	5.89831671e+02
160             	5.89788355e+02
161             	5.89749921e+02
162             	5.89712871e+02
163             	5.89677897e+02
164             	5.89644248e+02
165             	5.89611126e+02
166             	5.89574474e+02
167             	5.89537000e+02
168             	5.89493521e+02
169             	5.89449466e+02
170             	5.89403664e+02
171             	5.89356061e+02
172             	5.89308042e+02
173             	5.89261025e+02
174             	5.89216107e+02
175             	5.89172286e+02
176             	5.89133533e+02
177             	5.89097343e+02
178             	5.89064046e+02
179             	5.89031803e+02
180             	5.89001524e+02
181             	5.88970991e+02
182             	5.88939233e+02
183             	5.88907903e+02
184             	5.88877693e+02
185             	5.88849875e+02
186             	5.88820121e+02
187             	5.88781977e+02
188             	5.88746412e+02
189             	5.88710290e+02
190             	5.88672171e+02
191             	5.88633002e+02
192             	5.88593941e+02
193             	5.88555158e+02
194             	5.88519385e+02
195             	5.88484795e+02
196             	5.88451939e+02
197             	5.88421005e+02
198             	5.88391514e+02
199             	5.88367380e+02
200             	5.88342938e+02
201             	5.88320002e+02
202             	5.88298384e+02
203             	5.88275609e+02
204             	5.88251340e+02
205             	5.88225648e+02
206             	5.88198220e+02
207             	5.88170180e+02
208             	5.88140340e+02
209             	5.88108760e+02
210             	5.88075899e+02
211             	5.88042659e+02
212             	5.88009882e+02
213             	5.87979521e+02
214             	5.87950264e+02
215             	5.87922783e+02
216             	5.87899323e+02
217             	5.87877592e+02
218             	5.87856662e+02
219             	5.87836841e+02
220             	5.87818061e+02
221             	5.87799219e+02
222             	5.87779673e+02
223             	5.87759221e+02
224             	5.87738048e+02
225             	5.87716611e+02
226             	5.87694490e+02
227             	5.87672365e+02
228             	5.87650489e+02
229             	5.87628881e+02
230             	5.87607542e+02
231             	5.87585801e+02
232             	5.87564300e+02
233             	5.87542423e+02
234             	5.87520297e+02
235             	5.87497699e+02
236             	5.87475069e+02
237             	5.87452611e+02
238             	5.87430631e+02
239             	5.87409334e+02
240             	5.87388785e+02
241             	5.87368923e+02
242             	5.87349599e+02
243             	5.87330630e+02
244             	5.87311821e+02
245             	5.87293117e+02
246             	5.87274153e+02
247             	5.87255410e+02
248             	5.87236676e+02
249             	5.87218688e+02
250             	5.87200500e+02
251             	5.87182598e+02
252             	5.87165022e+02
253             	5.87147842e+02
254             	5.87130682e+02
255             	5.87113828e+02
256             	5.87097543e+02
257             	5.87081316e+02
258             	5.87065438e+02
259             	5.87049716e+02
260             	5.87033976e+02
261             	5.87016263e+02
262             	5.86998721e+02
263             	5.86980659e+02
264             	5.86962066e+02
265             	5.86943701e+02
266             	5.86925217e+02
267             	5.86906968e+02
268             	5.86889127e+02
269             	5.86871876e+02
270             	5.86855550e+02
271             	5.86840066e+02
272             	5.86825045e+02
273             	5.86809644e+02
274             	5.86794663e+02
275             	5.86779786e+02
276             	5.86764871e+02
277             	5.86749813e+02
278             	5.86734682e+02
279             	5.86719546e+02
280             	5.86704464e+02
281             	5.86689470e+02
282             	5.86674597e+02
283             	5.86659882e+02
284             	5.86645317e+02
285             	5.86631892e+02
286             	5.86618647e+02
287             	5.86605970e+02
288             	5.86594021e+02
289             	5.86582645e+02
290             	5.86571867e+02
291             	5.86561584e+02
292             	5.86551573e+02
293             	5.86541161e+02
294             	5.86530314e+02
295             	5.86519077e+02
296             	5.86507486e+02
297             	5.86496018e+02
298             	5.86484368e+02
299             	5.86472925e+02
300             	5.86461820e+02
301             	5.86451529e+02
302             	5.86441467e+02
303             	5.86431567e+02
304             	5.86422081e+02
305             	5.86412768e+02
306             	5.86403607e+02
307             	5.86394565e+02
308             	5.86385726e+02
309             	5.86376715e+02
310             	5.86367927e+02
311             	5.86359142e+02
312             	5.86350319e+02
313             	5.86341373e+02
314             	5.86332343e+02
315             	5.86323147e+02
316             	5.86313804e+02
317             	5.86304447e+02
318             	5.86295157e+02
319             	5.86286880e+02
320             	5.86278699e+02
321             	5.86271969e+02
322             	5.86265671e+02
323             	5.86260052e+02
324             	5.86254913e+02
325             	5.86249305e+02
326             	5.86242884e+02
327             	5.86235887e+02
328             	5.86228654e+02
329             	5.86221156e+02
330             	5.86213750e+02
331             	5.86206060e+02
332             	5.86198444e+02
333             	5.86191405e+02
334             	5.86184375e+02
335             	5.86176975e+02
336             	5.86170007e+02
337             	5.86163439e+02
338             	5.86156792e+02
339             	5.86150270e+02
340             	5.86144773e+02
341             	5.86140149e+02
342             	5.86135686e+02
343             	5.86131759e+02
344             	5.86127639e+02
345             	5.86123445e+02
346             	5.86119646e+02
347             	5.86115714e+02
348             	5.86111833e+02
349             	5.86108114e+02
350             	5.86104668e+02
351             	5.86101407e+02
352             	5.86097416e+02
353             	5.86093392e+02
354             	5.86088871e+02
355             	5.86083851e+02
356             	5.86078550e+02
357             	5.86073170e+02
358             	5.86067876e+02
359             	5.86062665e+02
360             	5.86057986e+02
361             	5.86054170e+02
362             	5.86051208e+02
363             	5.86048826e+02
364             	5.86047160e+02
365             	5.86045950e+02
366             	5.86044898e+02
367             	5.86043854e+02
368             	5.86042804e+02
369             	5.86041494e+02
370             	5.86039988e+02
371             	5.86038014e+02
372             	5.86036049e+02
373             	5.86033955e+02
374             	5.86031768e+02
375             	5.86029547e+02
376             	5.86027349e+02
377             	5.86024822e+02
378             	5.86022369e+02
379             	5.86019816e+02
380             	5.86017301e+02
381             	5.86015837e+02
382             	5.86015314e+02
383             	5.86015500e+02
384             	5.86016641e+02
385             	5.86018496e+02
386             	5.86020389e+02
387             	5.86021872e+02
388             	5.86023055e+02
389             	5.86023395e+02
390             	5.86023069e+02
391             	5.86022330e+02
392             	5.86020967e+02
393             	5.86020044e+02
394             	5.86018935e+02
395             	5.86018149e+02
396             	5.86017924e+02
397             	5.86017952e+02
398             	5.86018444e+02
399             	5.86019018e+02
400             	5.86019868e+02
401             	5.86020816e+02
402             	5.86021760e+02
403             	5.86022815e+02
404             	5.86023940e+02
405             	5.86025090e+02
406             	5.86026109e+02
407             	5.86027022e+02
408             	5.86027856e+02
409             	5.86028486e+02
410             	5.86029231e+02
411             	5.86030098e+02
412             	5.86031218e+02
413             	5.86032683e+02
414             	5.86034352e+02
415             	5.86036316e+02
416             	5.86038673e+02
417             	5.86041463e+02
418             	5.86044407e+02
419             	5.86047526e+02
420             	5.86050746e+02
421             	5.86053960e+02
422             	5.86057089e+02
423             	5.86060061e+02
424             	5.86062865e+02
425             	5.86065115e+02
426             	5.86067310e+02
427             	5.86069403e+02
428             	5.86071542e+02
429             	5.86073926e+02
430             	5.86076523e+02
431             	5.86079360e+02
432             	5.86082547e+02
433             	5.86086111e+02
434             	5.86090012e+02
435             	5.86094126e+02
436             	5.86098190e+02
437             	5.86102337e+02
438             	5.86106311e+02
439             	5.86110124e+02
440             	5.86113723e+02
441             	5.86117113e+02
442             	5.86120369e+02
443             	5.86123559e+02
444             	5.86126824e+02
445             	5.86130348e+02
446             	5.86134077e+02
447             	5.86137992e+02
448             	5.86142060e+02
449             	5.86146480e+02
450             	5.86150997e+02
451             	5.86155655e+02
452             	5.86160521e+02
453             	5.86165503e+02
454             	5.86170747e+02
455             	5.86176139e+02
456             	5.86181628e+02
457             	5.86187037e+02
458             	5.86192331e+02
459             	5.86197492e+02
460             	5.86202426e+02
461             	5.86207201e+02
462             	5.86211844e+02
463             	5.86216420e+02
464             	5.86221037e+02
465             	5.86225657e+02
466             	5.86230461e+02
467             	5.86235363e+02
468             	5.86240402e+02
469             	5.86245672e+02
470             	5.86250937e+02
471             	5.86256282e+02
472             	5.86261774e+02
473             	5.86267389e+02
474             	5.86272965e+02
475             	5.86278512e+02
476             	5.86284196e+02
477             	5.86289762e+02
478             	5.86295315e+02
479             	5.86300745e+02
480             	5.86306082e+02
481             	5.86311411e+02
482             	5.86316663e+02
483             	5.86321913e+02
484             	5.86327243e+02
485             	5.86332682e+02
486             	5.86338220e+02
487             	5.86343866e+02
488             	5.86349620e+02
489             	5.86355571e+02
490             	5.86361584e+02
491             	5.86367657e+02
492             	5.86373772e+02
493             	5.86379984e+02
494             	5.86386230e+02
495             	5.86392536e+02
496             	5.86398937e+02
497             	5.86405400e+02
498             	5.86412020e+02
499             	5.86418793e+02
500             	5.86425720e+02
501             	5.86432712e+02
502             	5.86439819e+02
503             	5.86447027e+02
504             	5.86454296e+02
505             	5.86461659e+02
506             	5.86469176e+02
507             	5.86476716e+02
508             	5.86484320e+02
509             	5.86491909e+02
510             	5.86499556e+02
511             	5.86507199e+02
512             	5.86514832e+02
513             	5.86522114e+02
514             	5.86529420e+02
515             	5.86536688e+02
516             	5.86543965e+02
517             	5.86551332e+02
518             	5.86558804e+02
519             	5.86566413e+02
520             	5.86574128e+02
521             	5.86582202e+02
522             	5.86590350e+02
523             	5.86598627e+02
524             	5.86607075e+02
525             	5.86615527e+02
526             	5.86623961e+02
527             	5.86632353e+02
528             	5.86640746e+02
529             	5.86649057e+02
530             	5.86657379e+02
531             	5.86665713e+02
532             	5.86674036e+02
533             	5.86682371e+02
534             	5.86690714e+02
535             	5.86699053e+02
536             	5.86707422e+02
537             	5.86715753e+02
538             	5.86724104e+02
539             	5.86732412e+02
540             	5.86740818e+02
541             	5.86749306e+02
542             	5.86757898e+02
543             	5.86766594e+02
544             	5.86775411e+02
545             	5.86784344e+02
546             	5.86793410e+02
547             	5.86802670e+02
548             	5.86812016e+02
549             	5.86821437e+02
550             	5.86830925e+02
551             	5.86840484e+02
552             	5.86850113e+02
553             	5.86859773e+02
554             	5.86869482e+02
555             	5.86879231e+02
556             	5.86889048e+02
557             	5.86898915e+02
558             	5.86908863e+02
559             	5.86918858e+02
560             	5.86928900e+02
561             	5.86938982e+02
562             	5.86949101e+02
563             	5.86959239e+02
564             	5.86969398e+02
565             	5.86979552e+02
566             	5.86989725e+02
567             	5.86999897e+02
568             	5.87010104e+02
569             	5.87020353e+02
570             	5.87030690e+02
571             	5.87041094e+02
572             	5.87051601e+02
573             	5.87062207e+02
574             	5.87072919e+02
575             	5.87083734e+02
576             	5.87094667e+02
577             	5.87105693e+02
578             	5.87116832e+02
579             	5.87128052e+02
580             	5.87139337e+02
581             	5.87150661e+02
582             	5.87161661e+02
583             	5.87172482e+02
584             	5.87183190e+02
585             	5.87193806e+02
586             	5.87204394e+02
587             	5.87214987e+02
588             	5.87225615e+02
589             	5.87236308e+02
590             	5.87247082e+02
591             	5.87257901e+02
592             	5.87268732e+02
593             	5.87279548e+02
594             	5.87290332e+02
595             	5.87301052e+02
596             	5.87311682e+02
597             	5.87322191e+02
598             	5.87332607e+02
599             	5.87342922e+02
600             	5.87353234e+02
601             	5.87363545e+02
602             	5.87373901e+02
603             	5.87384315e+02
604             	5.87394796e+02
605             	5.87405316e+02
606             	5.87415853e+02
607             	5.87426401e+02
608             	5.87436925e+02
609             	5.87447418e+02
610             	5.87457890e+02
611             	5.87468345e+02
612             	5.87478819e+02
613             	5.87489376e+02
614             	5.87499987e+02
615             	5.87510669e+02
616             	5.87521427e+02
617             	5.87532229e+02
618             	5.87543066e+02
619             	5.87553903e+02
620             	5.87564749e+02
621             	5.87575556e+02
622             	5.87586343e+02
623             	5.87597113e+02
624             	5.87607912e+02
625             	5.87618738e+02
626             	5.87629611e+02
627             	5.87640547e+02
628             	5.87651580e+02
629             	5.87662692e+02
630             	5.87673867e+02
631             	5.87685106e+02
632             	5.87696426e+02
633             	5.87707768e+02
634             	5.87719117e+02
635             	5.87730405e+02
636             	5.87741663e+02
637             	5.87752756e+02
638             	5.87763857e+02
639             	5.87774976e+02
640             	5.87786137e+02
641             	5.87797338e+02
642             	5.87808612e+02
643             	5.87819979e+02
644             	5.87831465e+02
645             	5.87843091e+02
646             	5.87854796e+02
647             	5.87866588e+02
648             	5.87878477e+02
649             	5.87890425e+02
650             	5.87902440e+02
651             	5.87914508e+02
652             	5.87926627e+02
653             	5.87938761e+02
654             	5.87950771e+02
655             	5.87962631e+02
656             	5.87974471e+02
657             	5.87986262e+02
658             	5.87998048e+02
659             	5.88009856e+02
660             	5.88021720e+02
661             	5.88033678e+02
662             	5.88045709e+02
663             	5.88057840e+02
664             	5.88070104e+02
665             	5.88082523e+02
666             	5.88095020e+02
667             	5.88107597e+02
668             	5.88120241e+02
669             	5.88132898e+02
670             	5.88145542e+02
671             	5.88158157e+02
672             	5.88170768e+02
673             	5.88183306e+02
674             	5.88195851e+02
675             	5.88208400e+02
676             	5.88220958e+02
677             	5.88233540e+02
678             	5.88246134e+02
679             	5.88258765e+02
680             	5.88271471e+02
681             	5.88284228e+02
682             	5.88297058e+02
683             	5.88309966e+02
684             	5.88322963e+02
685             	5.88336005e+02
686             	5.88349037e+02
687             	5.88362055e+02
688             	5.88375072e+02
689             	5.88387994e+02
690             	5.88400902e+02
691             	5.88413784e+02
692             	5.88426613e+02
693             	5.88439379e+02
694             	5.88452079e+02
695             	5.88464758e+02
696             	5.88477460e+02
697             	5.88490184e+02
698             	5.88502952e+02
699             	5.88515797e+02
700             	5.88528742e+02
701             	5.88541741e+02
702             	5.88554785e+02
703             	5.88567865e+02
704             	5.88580958e+02
705             	5.88593987e+02
706             	5.88606961e+02
707             	5.88619878e+02
708             	5.88632717e+02
709             	5.88645483e+02
710             	5.88658159e+02
711             	5.88670806e+02
712             	5.88683488e+02
713             	5.88696256e+02
714             	5.88709138e+02
715             	5.88722215e+02
716             	5.88735440e+02
717             	5.88748729e+02
718             	5.88762011e+02
719             	5.88775184e+02
720             	5.88788297e+02
721             	5.88801284e+02
722             	5.88814086e+02
723             	5.88826724e+02
724             	5.88839270e+02
725             	5.88851836e+02
726             	5.88864491e+02
727             	5.88877301e+02
728             	5.88890290e+02
729             	5.88903441e+02
730             	5.88916666e+02
731             	5.88929924e+02
732             	5.88943173e+02
733             	5.88956385e+02
734             	5.88969523e+02
735             	5.88982610e+02
736             	5.88995637e+02
737             	5.89008693e+02
738             	5.89021782e+02
739             	5.89034916e+02
740             	5.89048074e+02
741             	5.89061549e+02
742             	5.89074981e+02
743             	5.89088508e+02
744             	5.89102152e+02
745             	5.89115892e+02
746             	5.89129714e+02
747             	5.89143599e+02
748             	5.89157485e+02
749             	5.89171351e+02
750             	5.89185226e+02
751             	5.89199043e+02
752             	5.89212775e+02
753             	5.89226427e+02
754             	5.89239994e+02
755             	5.89253523e+02
756             	5.89266988e+02
757             	5.89280375e+02
758             	5.89293675e+02
759             	5.89306902e+02
760             	5.89320023e+02
761             	5.89333074e+02
762             	5.89345929e+02
763             	5.89358739e+02
764             	5.89371551e+02
765             	5.89384363e+02
766             	5.89397244e+02
767             	5.89410044e+02
768             	5.89422769e+02
769             	5.89435421e+02
770             	5.89447933e+02
771             	5.89460257e+02
772             	5.89472449e+02
773             	5.89484520e+02
774             	5.89496472e+02
775             	5.89508371e+02
776             	5.89520207e+02
777             	5.89532022e+02
778             	5.89543783e+02
779             	5.89555561e+02
780             	5.89567331e+02
781             	5.89579072e+02
782             	5.89590797e+02
783             	5.89602522e+02
784             	5.89614215e+02
785             	5.89625883e+02
786             	5.89637370e+02
787             	5.89648906e+02
788             	5.89660465e+02
789             	5.89672042e+02
790             	5.89683611e+02
791             	5.89695207e+02
792             	5.89706940e+02
793             	5.89718701e+02
794             	5.89730519e+02
795             	5.89742418e+02
796             	5.89754361e+02
797             	5.89766361e+02
798             	5.89778366e+02
799             	5.89790434e+02
800             	5.89802585e+02
801             	5.89814832e+02
802             	5.89827139e+02
803             	5.89839521e+02
804             	5.89851889e+02
805             	5.89864281e+02
806             	5.89876605e+02
807             	5.89888824e+02
808             	5.89900942e+02
809             	5.89912909e+02
810             	5.89924763e+02
811             	5.89936552e+02
812             	5.89948280e+02
813             	5.89959874e+02
814             	5.89971405e+02
815             	5.89982906e+02
816             	5.89994341e+02
817             	5.90005705e+02
818             	5.90016959e+02
819             	5.90028139e+02
820             	5.90039247e+02
821             	5.90050247e+02
822             	5.90061037e+02
823             	5.90071736e+02
824             	5.90082356e+02
825             	5.90092971e+02
826             	5.90103458e+02
827             	5.90113850e+02
828             	5.90124129e+02
829             	5.90134306e+02
830             	5.90144366e+02
831             	5.90154345e+02
832             	5.90164342e+02
833             	5.90174386e+02
834             	5.90184447e+02
835             	5.90194513e+02
836             	5.90204487e+02
837             	5.90214294e+02
838             	5.90223919e+02
839             	5.90233343e+02
840             	5.90242570e+02
841             	5.90251635e+02
842             	5.90260616e+02
843             	5.90269614e+02
844             	5.90278690e+02
845             	5.90287894e+02
846             	5.90297200e+02
847             	5.90306624e+02
848             	5.90316150e+02
849             	5.90325727e+02
850             	5.90335285e+02
851             	5.90344808e+02
852             	5.90354277e+02
853             	5.90363664e+02
854             	5.90372946e+02
855             	5.90382136e+02
856             	5.90391231e+02
857             	5.90400180e+02
858             	5.90409110e+02
859             	5.90418035e+02
860             	5.90426946e+02
861             	5.90435835e+02
862             	5.90444697e+02
863             	5.90453531e+02
864             	5.90462332e+02
865             	5.90471696e+02
866             	5.90480901e+02
867             	5.90490172e+02
868             	5.90499549e+02
869             	5.90508934e+02
870             	5.90518215e+02
871             	5.90527353e+02
872             	5.90536375e+02
873             	5.90545260e+02
874             	5.90553995e+02
875             	5.90562646e+02
876             	5.90571188e+02
877             	5.90578871e+02
878             	5.90586606e+02
879             	5.90594472e+02
880             	5.90601939e+02
881             	5.90609196e+02
882             	5.90616414e+02
883             	5.90623678e+02
884             	5.90631009e+02
885             	5.90638460e+02
886             	5.90645896e+02
887             	5.90653573e+02
888             	5.90661278e+02
889             	5.90669611e+02
890             	5.90678001e+02
891             	5.90686176e+02
892             	5.90694641e+02
893             	5.90703098e+02
894             	5.90711374e+02
895             	5.90719447e+02
896             	5.90727328e+02
897             	5.90735040e+02
898             	5.90742593e+02
899             	5.90750047e+02
900             	5.90757445e+02
901             	5.90764831e+02
902             	5.90772223e+02
903             	5.90779653e+02
904             	5.90786477e+02
905             	5.90793495e+02
906             	5.90800424e+02
907             	5.90807437e+02
908             	5.90814279e+02
909             	5.90821108e+02
910             	5.90828024e+02
911             	5.90835103e+02
912             	5.90842352e+02
913             	5.90849859e+02
914             	5.90857472e+02
915             	5.90865013e+02
916             	5.90872611e+02
917             	5.90880307e+02
918             	5.90887762e+02
919             	5.90895127e+02
920             	5.90902479e+02
921             	5.90909488e+02
922             	5.90916386e+02
923             	5.90923503e+02
924             	5.90930511e+02
925             	5.90937621e+02
926             	5.90944244e+02
927             	5.90951192e+02
928             	5.90958091e+02
929             	5.90964625e+02
930             	5.90971184e+02
931             	5.90977730e+02
932             	5.90984243e+02
933             	5.90990391e+02
934             	5.90996596e+02
935             	5.91002687e+02
936             	5.91008717e+02
937             	5.91015056e+02
938             	5.91021412e+02
939             	5.91027956e+02
940             	5.91034469e+02
941             	5.91041101e+02
942             	5.91047854e+02
943             	5.91055072e+02
944             	5.91062328e+02
945             	5.91069646e+02
946             	5.91076785e+02
947             	5.91083429e+02
948             	5.91089846e+02
949             	5.91096152e+02
950             	5.91102266e+02
951             	5.91108143e+02
952             	5.91113852e+02
953             	5.91119636e+02
954             	5.91125385e+02
955             	5.91131183e+02
956             	5.91137066e+02
957             	5.91143054e+02
958             	5.91149102e+02
959             	5.91155178e+02
960             	5.91161135e+02
961             	5.91167313e+02
962             	5.91173541e+02
963             	5.91179828e+02
964             	5.91186153e+02
965             	5.91192384e+02
966             	5.91198442e+02
967             	5.91204355e+02
968             	5.91210044e+02
969             	5.91215552e+02
970             	5.91221311e+02
971             	5.91226914e+02
972             	5.91233295e+02
973             	5.91239720e+02
974             	5.91246379e+02
975             	5.91253260e+02
976             	5.91260008e+02
977             	5.91266571e+02
978             	5.91273056e+02
979             	5.91279201e+02
980             	5.91284937e+02
981             	5.91290353e+02
982             	5.91295576e+02
983             	5.91300770e+02
984             	5.91306185e+02
985             	5.91311831e+02
986             	5.91317624e+02
987             	5.91323536e+02
988             	5.91329515e+02
989             	5.91335666e+02
990             	5.91341845e+02
991             	5.91347987e+02
992             	5.91354163e+02
993             	5.91360450e+02
994             	5.91366945e+02
995             	5.91373535e+02
996             	5.91380212e+02
997             	5.91386914e+02
998             	5.91393551e+02
999             	5.91400027e+02
1000            	5.91406292e+02
1001            	5.91412330e+02
1002            	5.91418286e+02
1003            	5.91424165e+02
1004            	5.91430010e+02
1005            	5.91435879e+02
1006            	5.91441769e+02
1007            	5.91447687e+02
1008            	5.91453623e+02
1009            	5.91459559e+02
1010            	5.91465460e+02
1011            	5.91471327e+02
1012            	5.91477144e+02
1013            	5.91482947e+02
1014            	5.91488689e+02
1015            	5.91494395e+02
1016            	5.91500084e+02
1017            	5.91505835e+02
1018            	5.91511538e+02
1019            	5.91517234e+02
1020            	5.91522921e+02
1021            	5.91528540e+02
1022            	5.91534117e+02
1023            	5.91539647e+02
1024            	5.91545102e+02
1025            	5.91550514e+02
1026            	5.91555890e+02
1027            	5.91561233e+02
1028            	5.91566542e+02
1029            	5.91571823e+02
1030            	5.91577069e+02
1031            	5.91582298e+02
1032            	5.91587513e+02
1033            	5.91592726e+02
1034            	5.91597966e+02
1035            	5.91603237e+02
1036            	5.91608486e+02
1037            	5.91613643e+02
1038            	5.91618793e+02
1039            	5.91623884e+02
1040            	5.91628871e+02
1041            	5.91633764e+02
1042            	5.91638617e+02
1043            	5.91643544e+02
1044            	5.91648803e+02
1045            	5.91654186e+02
1046            	5.91659731e+02
1047            	5.91665524e+02
1048            	5.91671510e+02
1049            	5.91677527e+02
1050            	5.91683417e+02
1051            	5.91689092e+02
1052            	5.91694458e+02
1053            	5.91699619e+02
1054            	5.91704494e+02
1055            	5.91709109e+02
1056            	5.91713604e+02
1057            	5.91718126e+02
1058            	5.91722740e+02
1059            	5.91727494e+02
1060            	5.91732213e+02
1061            	5.91737123e+02
1062            	5.91742053e+02
1063            	5.91747012e+02
1064            	5.91752113e+02
1065            	5.91757051e+02
1066            	5.91762036e+02
1067            	5.91766946e+02
1068            	5.91771513e+02
1069            	5.91776014e+02
1070            	5.91780402e+02
1071            	5.91784684e+02
1072            	5.91789056e+02
1073            	5.91793374e+02
1074            	5.91797610e+02
1075            	5.91801765e+02
1076            	5.91805821e+02
1077            	5.91809895e+02
1078            	5.91813980e+02
1079            	5.91817952e+02
1080            	5.91821978e+02
1081            	5.91825885e+02
1082            	5.91829675e+02
1083            	5.91833388e+02
1084            	5.91836997e+02
1085            	5.91840595e+02
1086            	5.91844199e+02
1087            	5.91847705e+02
1088            	5.91851142e+02
1089            	5.91854604e+02
1090            	5.91858119e+02
1091            	5.91861632e+02
1092            	5.91865211e+02
1093            	5.91868857e+02
1094            	5.91872546e+02
1095            	5.91876254e+02
1096            	5.91879955e+02
1097            	5.91883662e+02
1098            	5.91887344e+02
1099            	5.91890980e+02
1100            	5.91894539e+02
1101            	5.91898070e+02
1102            	5.91901462e+02
1103            	5.91904846e+02
1104            	5.91908229e+02
1105            	5.91911607e+02
1106            	5.91914982e+02
1107            	5.91918390e+02
1108            	5.91921804e+02
1109            	5.91925229e+02
1110            	5.91928676e+02
1111            	5.91932139e+02
1112            	5.91935619e+02
1113            	5.91939096e+02
1114            	5.91942561e+02
1115            	5.91946277e+02
1116            	5.91949896e+02
1117            	5.91953495e+02
1118            	5.91957054e+02
1119            	5.91960590e+02
1120            	5.91964094e+02
1121            	5.91967518e+02
1122            	5.91970925e+02
1123            	5.91974262e+02
1124            	5.91977520e+02
1125            	5.91980742e+02
1126            	5.91983848e+02
1127            	5.91986856e+02
1128            	5.91989762e+02
1129            	5.91992545e+02
1130            	5.91995202e+02
1131            	5.91997763e+02
1132            	5.92000253e+02
1133            	5.92002689e+02
1134            	5.92005096e+02
1135            	5.92007497e+02
1136            	5.92009959e+02
1137            	5.92012424e+02
1138            	5.92014884e+02
1139            	5.92017337e+02
1140            	5.92019792e+02
1141            	5.92022272e+02
1142            	5.92024689e+02
1143            	5.92027019e+02
1144            	5.92029250e+02
1145            	5.92031367e+02
1146            	5.92033359e+02
1147            	5.92035139e+02
1148            	5.92036740e+02
1149            	5.92038330e+02
1150            	5.92039911e+02
1151            	5.92041532e+02
1152            	5.92043193e+02
1153            	5.92044845e+02
1154            	5.92046430e+02
1155            	5.92047930e+02
1156            	5.92049318e+02
1157            	5.92050601e+02
1158            	5.92051783e+02
1159            	5.92052889e+02
1160            	5.92053964e+02
1161            	5.92055021e+02
1162            	5.92056086e+02
1163            	5.92057173e+02
1164            	5.92058272e+02
1165            	5.92059385e+02
1166            	5.92060522e+02
1167            	5.92061656e+02
1168            	5.92062751e+02
1169            	5.92063781e+02
1170            	5.92064723e+02
1171            	5.92065580e+02
1172            	5.92066351e+02
1173            	5.92067051e+02
1174            	5.92067707e+02
1175            	5.92068343e+02
1176            	5.92068986e+02
1177            	5.92069625e+02
1178            	5.92070269e+02
1179            	5.92070928e+02
1180            	5.92071584e+02
1181            	5.92072232e+02
1182            	5.92072877e+02
1183            	5.92073505e+02
1184            	5.92074115e+02
1185            	5.92074709e+02
1186            	5.92075278e+02
1187            	5.92075813e+02
1188            	5.92076310e+02
1189            	5.92076781e+02
1190            	5.92077230e+02
1191            	5.92077668e+02
1192            	5.92078104e+02
1193            	5.92078566e+02
1194            	5.92079081e+02
1195            	5.92079638e+02
1196            	5.92080246e+02
1197            	5.92080906e+02
1198            	5.92081606e+02
1199            	5.92082328e+02
1200            	5.92083053e+02
1201            	5.92083781e+02
1202            	5.92084515e+02
1203            	5.92085255e+02
1204            	5.92086012e+02
1205            	5.92086803e+02
1206            	5.92087638e+02
1207            	5.92088522e+02
1208            	5.92089455e+02
1209            	5.92090373e+02
1210            	5.92091301e+02
1211            	5.92092220e+02
1212            	5.92093112e+02
1213            	5.92093949e+02
1214            	5.92094736e+02
1215            	5.92095475e+02
1216            	5.92096171e+02
1217            	5.92096838e+02
1218            	5.92097489e+02
1219            	5.92098130e+02
1220            	5.92098765e+02
1221            	5.92099389e+02
1222            	5.92099998e+02
1223            	5.92100591e+02
1224            	5.92101165e+02
1225            	5.92101723e+02
1226            	5.92102253e+02
1227            	5.92102765e+02
1228            	5.92103257e+02
1229            	5.92103720e+02
1230            	5.92104154e+02
1231            	5.92104552e+02
1232            	5.92104920e+02
1233            	5.92105263e+02
1234            	5.92105589e+02
1235            	5.92105900e+02
1236            	5.92106208e+02
1237            	5.92106517e+02
1238            	5.92106830e+02
1239            	5.92107152e+02
1240            	5.92107477e+02
1241            	5.92107801e+02
1242            	5.92108112e+02
1243            	5.92108402e+02
1244            	5.92108658e+02
1245            	5.92108877e+02
1246            	5.92109059e+02
1247            	5.92109195e+02
1248            	5.92109285e+02
1249            	5.92109348e+02
1250            	5.92109395e+02
1251            	5.92109437e+02
1252            	5.92109486e+02
1253            	5.92109550e+02
1254            	5.92109625e+02
1255            	5.92109707e+02
1256            	5.92109785e+02
1257            	5.92109848e+02
1258            	5.92109885e+02
1259            	5.92109887e+02
1260            	5.92109859e+02
1261            	5.92109803e+02
1262            	5.92109726e+02
1263            	5.92109637e+02
1264            	5.92109545e+02
1265            	5.92109450e+02
1266            	5.92109353e+02
1267            	5.92109240e+02
1268            	5.92109114e+02
1269            	5.92108973e+02
1270            	5.92108810e+02
1271            	5.92108628e+02
1272            	5.92108422e+02
1273            	5.92108193e+02
1274            	5.92107953e+02
1275            	5.92107712e+02
1276            	5.92107480e+02
1277            	5.92107263e+02
1278            	5.92107067e+02
1279            	5.92106896e+02
1280            	5.92106743e+02
1281            	5.92106603e+02
1282            	5.92106467e+02
1283            	5.92106319e+02
1284            	5.92106147e+02
1285            	5.92105950e+02
1286            	5.92105723e+02
1287            	5.92105471e+02
1288            	5.92105206e+02
1289            	5.92104942e+02
1290            	5.92104694e+02
1291            	5.92104479e+02
1292            	5.92104313e+02
1293            	5.92104191e+02
1294            	5.92104104e+02
1295            	5.92104057e+02
1296            	5.92104037e+02
1297            	5.92104028e+02
1298            	5.92104017e+02
1299            	5.92103992e+02
1300            	5.92103944e+02
1301            	5.92103884e+02
1302            	5.92103823e+02
1303            	5.92103760e+02
1304            	5.92103709e+02
1305            	5.92103679e+02
1306            	5.92103674e+02
1307            	5.92103720e+02
1308            	5.92103793e+02
1309            	5.92103894e+02
1310            	5.92104013e+02
1311            	5.92104145e+02
1312            	5.92104295e+02
1313            	5.92104457e+02
1314            	5.92104632e+02
1315            	5.92104818e+02
1316            	5.92105013e+02
1317            	5.92105193e+02
1318            	5.92105374e+02
1319            	5.92105547e+02
1320            	5.92105711e+02
1321            	5.92105860e+02
1322            	5.92106001e+02
1323            	5.92106137e+02
1324            	5.92106269e+02
1325            	5.92106406e+02
1326            	5.92106555e+02
1327            	5.92106719e+02
1328            	5.92106906e+02
1329            	5.92107113e+02
1330            	5.92107339e+02
1331            	5.92107588e+02
1332            	5.92107853e+02
1333            	5.92108132e+02
1334            	5.92108418e+02
1335            	5.92108710e+02
1336            	5.92109009e+02
1337            	5.92109311e+02
1338            	5.92109627e+02
1339            	5.92109959e+02
1340            	5.92110308e+02
1341            	5.92110676e+02
1342            	5.92111058e+02
1343            	5.92111455e+02
1344            	5.92111866e+02
1345            	5.92112284e+02
1346            	5.92112703e+02
1347            	5.92113121e+02
1348            	5.92113533e+02
1349            	5.92113938e+02
1350            	5.92114338e+02
1351            	5.92114730e+02
1352            	5.92115114e+02
1353            	5.92115489e+02
1354            	5.92115852e+02
1355            	5.92116201e+02
1356            	5.92116533e+02
1357            	5.92116846e+02
1358            	5.92117139e+02
1359            	5.92117410e+02
1360            	5.92117658e+02
1361            	5.92117886e+02
1362            	5.92118098e+02
1363            	5.92118299e+02
1364            	5.92118493e+02
1365            	5.92118685e+02
1366            	5.92118877e+02
1367            	5.92119072e+02
1368            	5.92119270e+02
1369            	5.92119466e+02
1370            	5.92119655e+02
1371            	5.92119831e+02
1372            	5.92119989e+02
1373            	5.92120123e+02
1374            	5.92120233e+02
1375            	5.92120313e+02
1376            	5.92120361e+02
1377            	5.92120388e+02
1378            	5.92120402e+02
1379            	5.92120411e+02
1380            	5.92120421e+02
1381            	5.92120439e+02
1382            	5.92120469e+02
1383            	5.92120517e+02
1384            	5.92120582e+02
1385            	5.92120660e+02
1386            	5.92120740e+02
1387            	5.92120820e+02
1388            	5.92120893e+02
1389            	5.92120953e+02
1390            	5.92120996e+02
1391            	5.92121023e+02
1392            	5.92121034e+02
1393            	5.92121031e+02
1394            	5.92121016e+02
1395            	5.92120989e+02
1396            	5.92120952e+02
1397            	5.92120911e+02
1398            	5.92120857e+02
1399            	5.92120786e+02
1400            	5.92120696e+02
1401            	5.92120584e+02
1402            	5.92120454e+02
1403            	5.92120306e+02
1404            	5.92120151e+02
1405            	5.92119983e+02
1406            	5.92119809e+02
1407            	5.92119640e+02
1408            	5.92119482e+02
1409            	5.92119334e+02
1410            	5.92119197e+02
1411            	5.92119060e+02
1412            	5.92118910e+02
1413            	5.92118745e+02
1414            	5.92118554e+02
1415            	5.92118329e+02
1416            	5.92118029e+02
1417            	5.92117687e+02
1418            	5.92117302e+02
1419            	5.92116878e+02
1420            	5.92116425e+02
1421            	5.92115949e+02
1422            	5.92115465e+02
1423            	5.92114990e+02
1424            	5.92114549e+02
1425            	5.92114162e+02
1426            	5.92113831e+02
1427            	5.92113560e+02
1428            	5.92113348e+02
1429            	5.92113183e+02
1430            	5.92113036e+02
1431            	5.92112884e+02
1432            	5.92112696e+02
1433            	5.92112462e+02
1434            	5.92112184e+02
1435            	5.92111879e+02
1436            	5.92111553e+02
1437            	5.92111220e+02
1438            	5.92110929e+02
1439            	5.92110701e+02
1440            	5.92110547e+02
1441            	5.92110463e+02
1442            	5.92110426e+02
1443            	5.92110400e+02
1444            	5.92110346e+02
1445            	5.92110246e+02
1446            	5.92110071e+02
1447            	5.92109816e+02
1448            	5.92109498e+02
1449            	5.92109135e+02
1450            	5.92108747e+02
1451            	5.92108370e+02
1452            	5.92108025e+02
1453            	5.92107692e+02
1454            	5.92107391e+02
1455            	5.92107131e+02
1456            	5.92106911e+02
1457            	5.92106714e+02
1458            	5.92106528e+02
1459            	5.92106337e+02
1460            	5.92106136e+02
1461            	5.92105922e+02
1462            	5.92105706e+02
1463            	5.92105483e+02
1464            	5.92105271e+02
1465            	5.92105076e+02
1466            	5.92104915e+02
1467            	5.92104791e+02
1468            	5.92104736e+02
1469            	5.92104759e+02
1470            	5.92104835e+02
1471            	5.92104956e+02
1472            	5.92105114e+02
1473            	5.92105279e+02
1474            	5.92105428e+02
1475            	5.92105538e+02
1476            	5.92105608e+02
1477            	5.92105624e+02
1478            	5.92105599e+02
1479            	5.92105554e+02
1480            	5.92105502e+02
1481            	5.92105454e+02
1482            	5.92105435e+02
1483            	5.92105451e+02
1484            	5.92105504e+02
1485            	5.92105600e+02
1486            	5.92105729e+02
1487            	5.92105887e+02
1488            	5.92106063e+02
1489            	5.92106251e+02
1490            	5.92106444e+02
1491            	5.92106638e+02
1492            	5.92106835e+02
1493            	5.92107038e+02
1494            	5.92107253e+02
1495            	5.92107489e+02
1496            	5.92107752e+02
1497            	5.92108052e+02
1498            	5.92108395e+02
1499            	5.92108790e+02
1500            	5.92109248e+02
1501            	5.92109770e+02
1502            	5.92110353e+02
1503            	5.92110983e+02
1504            	5.92111664e+02
1505            	5.92112377e+02
1506            	5.92113085e+02
1507            	5.92113776e+02
1508            	5.92114433e+02
1509            	5.92115042e+02
1510            	5.92115624e+02
1511            	5.92116156e+02
1512            	5.92116638e+02
1513            	5.92117085e+02
1514            	5.92117514e+02
1515            	5.92117931e+02
1516            	5.92118337e+02
1517            	5.92118739e+02
1518            	5.92119137e+02
1519            	5.92119532e+02
1520            	5.92119925e+02
1521            	5.92120313e+02
1522            	5.92120697e+02
1523            	5.92121078e+02
1524            	5.92121452e+02
1525            	5.92121819e+02
1526            	5.92122173e+02
1527            	5.92122511e+02
1528            	5.92122835e+02
1529            	5.92123142e+02
1530            	5.92123439e+02
1531            	5.92123732e+02
1532            	5.92124031e+02
1533            	5.92124345e+02
1534            	5.92124684e+02
1535            	5.92125059e+02
1536            	5.92125480e+02
1537            	5.92125945e+02
1538            	5.92126442e+02
1539            	5.92126967e+02
1540            	5.92127511e+02
1541            	5.92128053e+02
1542            	5.92128577e+02
1543            	5.92129066e+02
1544            	5.92129503e+02
1545            	5.92129890e+02
1546            	5.92130220e+02
1547            	5.92130492e+02
1548            	5.92130712e+02
1549            	5.92130882e+02
1550            	5.92131013e+02
1551            	5.92131113e+02
1552            	5.92131186e+02
1553            	5.92131237e+02
1554            	5.92131269e+02
1555            	5.92131288e+02
1556            	5.92131290e+02
1557            	5.92131277e+02
1558            	5.92131247e+02
1559            	5.92131200e+02
1560            	5.92131129e+02
1561            	5.92131034e+02
1562            	5.92130910e+02
1563            	5.92130750e+02
1564            	5.92130548e+02
1565            	5.92130298e+02
1566            	5.92129993e+02
1567            	5.92129634e+02
1568            	5.92129215e+02
1569            	5.92128746e+02
1570            	5.92128241e+02
1571            	5.92127706e+02
1572            	5.92127155e+02
1573            	5.92126596e+02
1574            	5.92126042e+02
1575            	5.92125505e+02
1576            	5.92124991e+02
1577            	5.92124497e+02
1578            	5.92124020e+02
1579            	5.92123560e+02
1580            	5.92123104e+02
1581            	5.92122651e+02
1582            	5.92122194e+02
1583            	5.92121730e+02
1584            	5.92121254e+02
1585            	5.92120771e+02
1586            	5.92120286e+02
1587            	5.92119801e+02
1588            	5.92119318e+02
1589            	5.92118837e+02
1590            	5.92118358e+02
1591            	5.92117883e+02
1592            	5.92117410e+02
1593            	5.92116935e+02
1594            	5.92116457e+02
1595            	5.92115977e+02
1596            	5.92115497e+02
1597            	5.92115018e+02
1598            	5.92114549e+02
1599            	5.92114091e+02
1600            	5.92113647e+02
1601            	5.92113221e+02
1602            	5.92112813e+02
1603            	5.92112421e+02
1604            	5.92112042e+02
1605            	5.92111670e+02
1606            	5.92111296e+02
1607            	5.92110920e+02
1608            	5.92110536e+02
1609            	5.92110139e+02
1610            	5.92109737e+02
1611            	5.92109340e+02
1612            	5.92108955e+02
1613            	5.92108590e+02
1614            	5.92108250e+02
1615            	5.92107929e+02
1616            	5.92107629e+02
1617            	5.92107339e+02
1618            	5.92107046e+02
1619            	5.92106738e+02
1620            	5.92106392e+02
1621            	5.92105992e+02
1622            	5.92105532e+02
1623            	5.92105027e+02
1624            	5.92104492e+02
1625            	5.92103939e+02
1626            	5.92103381e+02
1627            	5.92102839e+02
1628            	5.92102339e+02
1629            	5.92101894e+02
1630            	5.92101503e+02
1631            	5.92101197e+02
1632            	5.92100922e+02
1633            	5.92100653e+02
1634            	5.92100352e+02
1635            	5.92100000e+02
1636            	5.92099581e+02
1637            	5.92099086e+02
1638            	5.92098534e+02
1639            	5.92097950e+02
1640            	5.92097347e+02
1641            	5.92096755e+02
1642            	5.92096203e+02
1643            	5.92095710e+02
1644            	5.92095276e+02
1645            	5.92094912e+02
1646            	5.92094598e+02
1647            	5.92094322e+02
1648            	5.92094071e+02
1649            	5.92093821e+02
1650            	5.92093552e+02
1651            	5.92093255e+02
1652            	5.92092908e+02
1653            	5.92092509e+02
1654            	5.92092070e+02
1655            	5.92091594e+02
1656            	5.92091092e+02
1657            	5.92090588e+02
1658            	5.92090103e+02
1659            	5.92089654e+02
1660            	5.92089249e+02
1661            	5.92088900e+02
1662            	5.92088606e+02
1663            	5.92088340e+02
1664            	5.92088095e+02
1665            	5.92087863e+02
1666            	5.92087634e+02
1667            	5.92087382e+02
1668            	5.92087114e+02
1669            	5.92086839e+02
1670            	5.92086560e+02
1671            	5.92086302e+02
1672            	5.92086073e+02
1673            	5.92085887e+02
1674            	5.92085761e+02
1675            	5.92085679e+02
1676            	5.92085632e+02
1677            	5.92085613e+02
1678            	5.92085617e+02
1679            	5.92085638e+02
1680            	5.92085678e+02
1681            	5.92085728e+02
1682            	5.92085766e+02
1683            	5.92085798e+02
1684            	5.92085809e+02
1685            	5.92085772e+02
1686            	5.92085688e+02
1687            	5.92085551e+02
1688            	5.92085360e+02
1689            	5.92085124e+02
1690            	5.92084870e+02
1691            	5.92084629e+02
1692            	5.92084428e+02
1693            	5.92084296e+02
1694            	5.92084254e+02
1695            	5.92084285e+02
1696            	5.92084385e+02
1697            	5.92084535e+02
1698            	5.92084715e+02
1699            	5.92084878e+02
1700            	5.92084982e+02
1701            	5.92085029e+02
1702            	5.92085023e+02
1703            	5.92084978e+02
1704            	5.92084939e+02
1705            	5.92084958e+02
1706            	5.92085066e+02
1707            	5.92085209e+02
1708            	5.92085401e+02
1709            	5.92085604e+02
1710            	5.92085789e+02
1711            	5.92085962e+02
1712            	5.92086070e+02
1713            	5.92086111e+02
1714            	5.92086140e+02
1715            	5.92086167e+02
1716            	5.92086210e+02
1717            	5.92086298e+02
1718            	5.92086411e+02
1719            	5.92086551e+02
1720            	5.92086702e+02
1721            	5.92086855e+02
1722            	5.92086992e+02
1723            	5.92087082e+02
1724            	5.92087116e+02
1725            	5.92087095e+02
1726            	5.92087019e+02
1727            	5.92086902e+02
1728            	5.92086761e+02
1729            	5.92086610e+02
1730            	5.92086461e+02
1731            	5.92086329e+02
1732            	5.92086231e+02
1733            	5.92086174e+02
1734            	5.92086168e+02
1735            	5.92086221e+02
1736            	5.92086335e+02
1737            	5.92086502e+02
1738            	5.92086689e+02
1739            	5.92086863e+02
1740            	5.92087004e+02
1741            	5.92087082e+02
1742            	5.92087072e+02
1743            	5.92086980e+02
1744            	5.92086820e+02
1745            	5.92086612e+02
1746            	5.92086389e+02
1747            	5.92086177e+02
1748            	5.92086001e+02
1749            	5.92085895e+02
1750            	5.92085880e+02
1751            	5.92085950e+02
1752            	5.92086092e+02
1753            	5.92086290e+02
1754            	5.92086513e+02
1755            	5.92086726e+02
1756            	5.92086892e+02
1757            	5.92086970e+02
1758            	5.92086940e+02
1759            	5.92086807e+02
1760            	5.92086603e+02
1761            	5.92086359e+02
1762            	5.92086121e+02
1763            	5.92085936e+02
1764            	5.92085837e+02
1765            	5.92085842e+02
1766            	5.92085951e+02
1767            	5.92086136e+02
1768            	5.92086355e+02
1769            	5.92086577e+02
1770            	5.92086760e+02
1771            	5.92086891e+02
1772            	5.92086965e+02
1773            	5.92086995e+02
1774            	5.92087005e+02
1775            	5.92087031e+02
1776            	5.92087093e+02
1777            	5.92087229e+02
1778            	5.92087440e+02
1779            	5.92087691e+02
1780            	5.92087946e+02
1781            	5.92088167e+02
1782            	5.92088338e+02
1783            	5.92088470e+02
1784            	5.92088520e+02
1785            	5.92088506e+02
1786            	5.92088470e+02
1787            	5.92088450e+02
1788            	5.92088477e+02
1789            	5.92088580e+02
1790            	5.92088755e+02
1791            	5.92088972e+02
1792            	5.92089217e+02
1793            	5.92089458e+02
1794            	5.92089658e+02
1795            	5.92089799e+02
1796            	5.92089848e+02
1797            	5.92089807e+02
1798            	5.92089694e+02
1799            	5.92089538e+02
1800            	5.92089361e+02
1801            	5.92089202e+02
1802            	5.92089067e+02
1803            	5.92088945e+02
1804            	5.92088852e+02
1805            	5.92088773e+02
1806            	5.92088692e+02
1807            	5.92088599e+02
1808            	5.92088476e+02
1809            	5.92088311e+02
1810            	5.92088106e+02
1811            	5.92087875e+02
1812            	5.92087631e+02
1813            	5.92087382e+02
1814            	5.92087139e+02
1815            	5.92086912e+02
1816            	5.92086707e+02
1817            	5.92086529e+02
1818            	5.92086374e+02
1819            	5.92086242e+02
1820            	5.92086126e+02
1821            	5.92086022e+02
1822            	5.92085931e+02
1823            	5.92085838e+02
1824            	5.92085736e+02
1825            	5.92085618e+02
1826            	5.92085475e+02
1827            	5.92085297e+02
1828            	5.92085080e+02
1829            	5.92084821e+02
1830            	5.92084521e+02
1831            	5.92084184e+02
1832            	5.92083813e+02
1833            	5.92083422e+02
1834            	5.92083023e+02
1835            	5.92082627e+02
1836            	5.92082240e+02
1837            	5.92081867e+02
1838            	5.92081509e+02
1839            	5.92081165e+02
1840            	5.92080828e+02
1841            	5.92080489e+02
1842            	5.92080139e+02
1843            	5.92079771e+02
1844            	5.92079379e+02
1845            	5.92078961e+02
1846            	5.92078526e+02
1847            	5.92078076e+02
1848            	5.92077621e+02
1849            	5.92077163e+02
1850            	5.92076714e+02
1851            	5.92076281e+02
1852            	5.92075868e+02
1853            	5.92075473e+02
1854            	5.92075092e+02
1855            	5.92074719e+02
1856            	5.92074348e+02
1857            	5.92073972e+02
1858            	5.92073592e+02
1859            	5.92073201e+02
1860            	5.92072800e+02
1861            	5.92072389e+02
1862            	5.92071969e+02
1863            	5.92071545e+02
1864            	5.92071119e+02
1865            	5.92070692e+02
1866            	5.92070264e+02
1867            	5.92069835e+02
1868            	5.92069411e+02
1869            	5.92068992e+02
1870            	5.92068579e+02
1871            	5.92068177e+02
1872            	5.92067790e+02
1873            	5.92067425e+02
1874            	5.92067085e+02
1875            	5.92066771e+02
1876            	5.92066486e+02
1877            	5.92066226e+02
1878            	5.92065987e+02
1879            	5.92065761e+02
1880            	5.92065544e+02
1881            	5.92065329e+02
1882            	5.92065110e+02
1883            	5.92064881e+02
1884            	5.92064634e+02
1885            	5.92064379e+02
1886            	5.92064113e+02
1887            	5.92063832e+02
1888            	5.92063574e+02
1889            	5.92063321e+02
1890            	5.92063080e+02
1891            	5.92062864e+02
1892            	5.92062680e+02
1893            	5.92062507e+02
1894            	5.92062364e+02
1895            	5.92062243e+02
1896            	5.92062139e+02
1897            	5.92062046e+02
1898            	5.92061958e+02
1899            	5.92061871e+02
1900            	5.92061783e+02
1901            	5.92061689e+02
1902            	5.92061591e+02
1903            	5.92061491e+02
1904            	5.92061391e+02
1905            	5.92061297e+02
1906            	5.92061208e+02
1907            	5.92061105e+02
1908            	5.92060988e+02
1909            	5.92060851e+02
1910            	5.92060679e+02
1911            	5.92060468e+02
1912            	5.92060226e+02
1913            	5.92059959e+02
1914            	5.92059678e+02
1915            	5.92059402e+02
1916            	5.92059155e+02
1917            	5.92058951e+02
1918            	5.92058786e+02
1919            	5.92058688e+02
1920            	5.92058624e+02
1921            	5.92058591e+02
1922            	5.92058577e+02
1923            	5.92058557e+02
1924            	5.92058542e+02
1925            	5.92058526e+02
1926            	5.92058484e+02
1927            	5.92058407e+02
1928            	5.92058287e+02
1929            	5.92058117e+02
1930            	5.92057909e+02
1931            	5.92057652e+02
1932            	5.92057366e+02
1933            	5.92057071e+02
1934            	5.92056810e+02
1935            	5.92056586e+02
1936            	5.92056404e+02
1937            	5.92056263e+02
1938            	5.92056176e+02
1939            	5.92056113e+02
1940            	5.92056060e+02
1941            	5.92055998e+02
1942            	5.92055918e+02
1943            	5.92055798e+02
1944            	5.92055647e+02
1945            	5.92055504e+02
1946            	5.92055349e+02
1947            	5.92055233e+02
1948            	5.92055165e+02
1949            	5.92055134e+02
1950            	5.92055147e+02
1951            	5.92055223e+02
1952            	5.92055355e+02
1953            	5.92055543e+02
1954            	5.92055785e+02
1955            	5.92056064e+02
1956            	5.92056366e+02
1957            	5.92056652e+02
1958            	5.92056936e+02
1959            	5.92057190e+02
1960            	5.92057400e+02
1961            	5.92057557e+02
1962            	5.92057666e+02
1963            	5.92057744e+02
1964            	5.92057824e+02
1965            	5.92057916e+02
1966            	5.92058041e+02
1967            	5.92058202e+02
1968            	5.92058412e+02
1969            	5.92058652e+02
1970            	5.92058909e+02
1971            	5.92059173e+02
1972            	5.92059436e+02
1973            	5.92059694e+02
1974            	5.92059947e+02
1975            	5.92060204e+02
1976            	5.92060464e+02
1977            	5.92060725e+02
1978            	5.92060990e+02
1979            	5.92061261e+02
1980            	5.92061547e+02
1981            	5.92061853e+02
1982            	5.92062183e+02
1983            	5.92062539e+02
1984            	5.92062921e+02
1985            	5.92063318e+02
1986            	5.92063715e+02
1987            	5.92064090e+02
1988            	5.92064431e+02
1989            	5.92064715e+02
1990            	5.92064937e+02
1991            	5.92065104e+02
1992            	5.92065227e+02
1993            	5.92065328e+02
1994            	5.92065425e+02
1995            	5.92065548e+02
1996            	5.92065687e+02
1997            	5.92065866e+02
1998            	5.92066087e+02
1999            	5.92066333e+02
2000            	5.92066583e+02
