/*--------------------------------*- C++ -*----------------------------------*\
| =========                 |                                                 |
| \\      /  F ield         | OpenFOAM: The Open Source CFD Toolbox           |
|  \\    /   O peration     | Version:  2506                                  |
|   \\  /    A nd           | Website:  www.openfoam.com                      |
|    \\/     M anipulation  |                                                 |
\*---------------------------------------------------------------------------*/
FoamFile
{
    version     2.0;
    format      binary;
    arch        "LSB;label=32;scalar=64";
    class       faceSet;
    location    "constant/polyMesh/sets";
    object      walls;
}
// * * * * * * * * * * * * * * * * * * * * * * * * * * * * * * * * * * * * * //


506
(
1026
1029
1031
1034
1036
1038
1041
1042
1044
2070
1047
2073
1049
1050
2075
1051
1052
1053
1054
1055
1056
2081
1057
1060
1066
2094
2096
1077
1081
2107
2108
1089
2123
2125
1102
2127
2129
1106
2135
2137
1114
2140
2141
1117
2144
1120
2146
1122
2147
2148
1126
1128
1130
1134
1137
1140
1142
1145
1148
2174
1150
1151
2177
2178
1154
1157
2192
2195
1171
2196
1174
1177
1180
1182
1185
1187
1191
1193
1197
2222
1200
1203
2230
1206
2231
1208
1211
2243
1221
1225
1233
1235
1238
1240
1243
1245
1248
1252
1254
1255
1256
1257
1258
1259
1260
2289
242
1267
243
1271
1275
1276
1278
1280
1282
1285
1288
1291
1294
1297
1300
281
282
2331
2335
1311
1319
1320
1321
1322
1323
1324
1325
2350
1326
1329
2354
2359
2363
1339
2367
1343
1345
2370
1349
1353
1355
2381
1358
2383
1361
1364
2390
1367
2392
1369
346
347
1372
2398
1375
2400
1377
354
2404
1380
2406
1382
372
1401
1407
1414
1415
1416
2444
1421
1424
1427
1430
1434
1437
1439
1442
1444
1446
2473
1450
1451
1453
2478
1455
2480
2483
2485
2487
2488
1464
2490
2491
2494
2496
449
1474
2499
1475
451
1476
1478
1482
1486
1490
1494
1496
1500
1504
1506
1509
1511
1514
1517
1518
1520
1522
509
1534
1536
2563
1539
2564
516
1542
2567
2570
1546
2571
1548
2574
1551
1554
536
540
1565
1569
1572
1574
1577
553
1580
556
557
1582
559
1584
562
564
2613
566
2615
2618
571
2621
574
577
579
1604
581
582
2631
1607
583
2633
1609
586
2637
589
2639
591
593
2642
594
596
2645
597
2646
598
2647
601
1626
1629
1630
607
1632
613
615
618
1644
1646
622
1649
625
627
630
633
636
1662
1663
639
1664
640
641
642
643
644
646
647
1678
1679
1680
1682
1684
2716
2719
673
676
679
2729
1705
681
682
1712
1714
1717
2744
1720
2747
2748
1726
2751
2757
709
2760
712
715
1741
1742
718
1743
720
723
1748
726
1751
728
732
733
734
735
737
747
749
2798
751
1776
753
2807
1785
1786
2813
766
2816
1792
1793
770
2819
1796
772
2821
1799
776
2826
1802
2827
779
2828
1804
780
1806
787
1812
1813
1815
1823
806
1831
1833
809
812
1837
815
1840
816
818
822
825
827
829
832
834
1859
835
837
1862
838
1863
840
841
843
1873
849
1876
852
1877
863
1889
865
867
870
873
875
878
881
883
886
888
889
890
891
892
893
1918
894
1927
906
1932
908
911
1937
1938
914
917
919
1944
921
922
1947
923
925
1953
930
1955
932
1958
1961
937
1963
1965
1967
943
1969
947
1973
950
1975
953
956
959
961
964
967
970
972
974
976
978
979
981
983
984
985
986
987
988
989
2014
990
2015
2025
1006
2031
2034
2035
1012
1015
1018
1020
1023
)


// ************************************************************************* //
