# Region        : cellZone component_1
# Cells         : 60
# Volume        : 8.91602995e-02
# Time          	volAverage(T)
1               	3.02258850e+02
2               	3.04467988e+02
3               	3.06307662e+02
4               	3.07929103e+02
5               	3.09481326e+02
6               	3.10984403e+02
7               	3.12446662e+02
8               	3.13858687e+02
9               	3.15253384e+02
10              	3.16603531e+02
11              	3.17827826e+02
12              	3.18987591e+02
13              	3.20104105e+02
14              	3.21211942e+02
15              	3.22304846e+02
16              	3.23417672e+02
17              	3.24500377e+02
18              	3.25577502e+02
19              	3.26618379e+02
20              	3.27626461e+02
21              	3.28586009e+02
22              	3.29492104e+02
23              	3.30342680e+02
24              	3.31140176e+02
25              	3.31893204e+02
26              	3.32603795e+02
27              	3.33260682e+02
28              	3.33876713e+02
29              	3.34472479e+02
30              	3.35041604e+02
31              	3.35587554e+02
32              	3.36113676e+02
33              	3.36601844e+02
34              	3.37083540e+02
35              	3.37532699e+02
36              	3.37946926e+02
37              	3.38334084e+02
38              	3.38708003e+02
39              	3.39082539e+02
40              	3.39426343e+02
41              	3.39759831e+02
42              	3.40089852e+02
43              	3.40420457e+02
44              	3.40746909e+02
45              	3.41062900e+02
46              	3.41378150e+02
47              	3.41654348e+02
48              	3.41904870e+02
49              	3.42150437e+02
50              	3.42382347e+02
51              	3.42599487e+02
52              	3.42807183e+02
53              	3.43012131e+02
54              	3.43218772e+02
55              	3.43428695e+02
56              	3.43576441e+02
57              	3.43763368e+02
58              	3.43986233e+02
59              	3.44201473e+02
60              	3.44424612e+02
61              	3.44638447e+02
62              	3.44844077e+02
63              	3.45038643e+02
64              	3.45224259e+02
65              	3.45408825e+02
66              	3.45592026e+02
67              	3.45770718e+02
68              	3.45964745e+02
69              	3.46143389e+02
70              	3.46325420e+02
71              	3.46505007e+02
72              	3.46646512e+02
73              	3.46809048e+02
74              	3.46984327e+02
75              	3.47152917e+02
76              	3.47323461e+02
77              	3.47456524e+02
78              	3.47604570e+02
79              	3.47738932e+02
80              	3.47892270e+02
81              	3.48024724e+02
82              	3.48122150e+02
83              	3.48231428e+02
84              	3.48352313e+02
85              	3.48474379e+02
86              	3.48578072e+02
87              	3.48684783e+02
88              	3.48788025e+02
89              	3.48886722e+02
90              	3.48943015e+02
91              	3.49029123e+02
92              	3.49079685e+02
93              	3.49158854e+02
94              	3.49249102e+02
95              	3.49294049e+02
96              	3.49306232e+02
97              	3.49350166e+02
98              	3.49389887e+02
99              	3.49441249e+02
100             	3.49495665e+02
101             	3.49546073e+02
102             	3.49586685e+02
103             	3.49636709e+02
104             	3.49689901e+02
105             	3.49735718e+02
106             	3.49788016e+02
107             	3.49840589e+02
108             	3.49842909e+02
109             	3.49894045e+02
110             	3.49958651e+02
111             	3.49986957e+02
112             	3.50015794e+02
113             	3.50039857e+02
114             	3.50058603e+02
115             	3.50077009e+02
116             	3.50108957e+02
117             	3.50141556e+02
118             	3.50181602e+02
119             	3.50225348e+02
120             	3.50252505e+02
121             	3.50261518e+02
122             	3.50294153e+02
123             	3.50329798e+02
124             	3.50372293e+02
125             	3.50408108e+02
126             	3.50436637e+02
127             	3.50454459e+02
128             	3.50468333e+02
129             	3.50488727e+02
130             	3.50504678e+02
131             	3.50500559e+02
132             	3.50522610e+02
133             	3.50498792e+02
134             	3.50513417e+02
135             	3.50544171e+02
136             	3.50568860e+02
137             	3.50585647e+02
138             	3.50596025e+02
139             	3.50604097e+02
140             	3.50609450e+02
141             	3.50616026e+02
142             	3.50633284e+02
143             	3.50657138e+02
144             	3.50671111e+02
145             	3.50699864e+02
146             	3.50732768e+02
147             	3.50743910e+02
148             	3.50780158e+02
149             	3.50830732e+02
150             	3.50879812e+02
151             	3.50924261e+02
152             	3.50969566e+02
153             	3.51018729e+02
154             	3.51077197e+02
155             	3.51150221e+02
156             	3.51237108e+02
157             	3.51258756e+02
158             	3.51309207e+02
159             	3.51376169e+02
160             	3.51401942e+02
161             	3.51408520e+02
162             	3.51435817e+02
163             	3.51470889e+02
164             	3.51501259e+02
165             	3.51523660e+02
166             	3.51549439e+02
167             	3.51591785e+02
168             	3.51580862e+02
169             	3.51598847e+02
170             	3.51636831e+02
171             	3.51681787e+02
172             	3.51695999e+02
173             	3.51710387e+02
174             	3.51728360e+02
175             	3.51754002e+02
176             	3.51776386e+02
177             	3.51798007e+02
178             	3.51823661e+02
179             	3.51861710e+02
180             	3.51914673e+02
181             	3.51920394e+02
182             	3.51950338e+02
183             	3.51982611e+02
184             	3.52029593e+02
185             	3.52064448e+02
186             	3.52054412e+02
187             	3.52052328e+02
188             	3.52071053e+02
189             	3.52097721e+02
190             	3.52115415e+02
191             	3.52132742e+02
192             	3.52158139e+02
193             	3.52198665e+02
194             	3.52196898e+02
195             	3.52217860e+02
196             	3.52248810e+02
197             	3.52285662e+02
198             	3.52316515e+02
199             	3.52332072e+02
200             	3.52345456e+02
201             	3.52354439e+02
202             	3.52363805e+02
203             	3.52374690e+02
204             	3.52388595e+02
205             	3.52406653e+02
206             	3.52426422e+02
207             	3.52452482e+02
208             	3.52481841e+02
209             	3.52511012e+02
210             	3.52537347e+02
211             	3.52560866e+02
212             	3.52591530e+02
213             	3.52623002e+02
214             	3.52633744e+02
215             	3.52642063e+02
216             	3.52654083e+02
217             	3.52670561e+02
218             	3.52684765e+02
219             	3.52697569e+02
220             	3.52711617e+02
221             	3.52725452e+02
222             	3.52740552e+02
223             	3.52759312e+02
224             	3.52776488e+02
225             	3.52791105e+02
226             	3.52803904e+02
227             	3.52815139e+02
228             	3.52826408e+02
229             	3.52835260e+02
230             	3.52843175e+02
231             	3.52851091e+02
232             	3.52857223e+02
233             	3.52859951e+02
234             	3.52861904e+02
235             	3.52865422e+02
236             	3.52872583e+02
237             	3.52883165e+02
238             	3.52894276e+02
239             	3.52902763e+02
240             	3.52911209e+02
241             	3.52911254e+02
242             	3.52915634e+02
243             	3.52923174e+02
244             	3.52928791e+02
245             	3.52934520e+02
246             	3.52941420e+02
247             	3.52948393e+02
248             	3.52955245e+02
249             	3.52962122e+02
250             	3.52969360e+02
251             	3.52980317e+02
252             	3.52987554e+02
253             	3.52990816e+02
254             	3.52994176e+02
255             	3.52998355e+02
256             	3.53002337e+02
257             	3.53006959e+02
258             	3.53009234e+02
259             	3.53012855e+02
260             	3.53017274e+02
261             	3.53021193e+02
262             	3.53025244e+02
263             	3.53028833e+02
264             	3.53032024e+02
265             	3.53035844e+02
266             	3.53038448e+02
267             	3.53039565e+02
268             	3.53039722e+02
269             	3.53040843e+02
270             	3.53041512e+02
271             	3.53040497e+02
272             	3.53041173e+02
273             	3.53044187e+02
274             	3.53048430e+02
275             	3.53052725e+02
276             	3.53056154e+02
277             	3.53059160e+02
278             	3.53061178e+02
279             	3.53061381e+02
280             	3.53061644e+02
281             	3.53061801e+02
282             	3.53055759e+02
283             	3.53053591e+02
284             	3.53052122e+02
285             	3.53052943e+02
286             	3.53054703e+02
287             	3.53056583e+02
288             	3.53058399e+02
289             	3.53060376e+02
290             	3.53062397e+02
291             	3.53064575e+02
292             	3.53067772e+02
293             	3.53070299e+02
294             	3.53073254e+02
295             	3.53073918e+02
296             	3.53074222e+02
297             	3.53075309e+02
298             	3.53074909e+02
299             	3.53072363e+02
300             	3.53069477e+02
301             	3.53070972e+02
302             	3.53074550e+02
303             	3.53078606e+02
304             	3.53081639e+02
305             	3.53083085e+02
306             	3.53084561e+02
307             	3.53085726e+02
308             	3.53086246e+02
309             	3.53087040e+02
310             	3.53087872e+02
311             	3.53088208e+02
312             	3.53084673e+02
313             	3.53081268e+02
314             	3.53081208e+02
315             	3.53082772e+02
316             	3.53084571e+02
317             	3.53086011e+02
318             	3.53087288e+02
319             	3.53090551e+02
320             	3.53092747e+02
321             	3.53093263e+02
322             	3.53093743e+02
323             	3.53094988e+02
324             	3.53095744e+02
325             	3.53096507e+02
326             	3.53097116e+02
327             	3.53097308e+02
328             	3.53096370e+02
329             	3.53096546e+02
330             	3.53096684e+02
331             	3.53097610e+02
332             	3.53098514e+02
333             	3.53098550e+02
334             	3.53099235e+02
335             	3.53100699e+02
336             	3.53102485e+02
337             	3.53103296e+02
338             	3.53103609e+02
339             	3.53103916e+02
340             	3.53104600e+02
341             	3.53105352e+02
342             	3.53105786e+02
343             	3.53104640e+02
344             	3.53104291e+02
345             	3.53104404e+02
346             	3.53104968e+02
347             	3.53105495e+02
348             	3.53106025e+02
349             	3.53106809e+02
350             	3.53108598e+02
351             	3.53110260e+02
352             	3.53111268e+02
353             	3.53111273e+02
354             	3.53111336e+02
355             	3.53111606e+02
356             	3.53111385e+02
357             	3.53110117e+02
358             	3.53108839e+02
359             	3.53108969e+02
360             	3.53109605e+02
361             	3.53109774e+02
362             	3.53109745e+02
363             	3.53110537e+02
364             	3.53112625e+02
365             	3.53113165e+02
366             	3.53113018e+02
367             	3.53113205e+02
368             	3.53113793e+02
369             	3.53114069e+02
370             	3.53112932e+02
371             	3.53111647e+02
372             	3.53111163e+02
373             	3.53111027e+02
374             	3.53110813e+02
375             	3.53111229e+02
376             	3.53112129e+02
377             	3.53113116e+02
378             	3.53114507e+02
379             	3.53115977e+02
380             	3.53116121e+02
381             	3.53115792e+02
382             	3.53115644e+02
383             	3.53115829e+02
384             	3.53115844e+02
385             	3.53114649e+02
386             	3.53114659e+02
387             	3.53115085e+02
388             	3.53115051e+02
389             	3.53115157e+02
390             	3.53115520e+02
391             	3.53116759e+02
392             	3.53116927e+02
393             	3.53116716e+02
394             	3.53116738e+02
395             	3.53116877e+02
396             	3.53117081e+02
397             	3.53116409e+02
398             	3.53115046e+02
399             	3.53114951e+02
400             	3.53115225e+02
401             	3.53115243e+02
402             	3.53114998e+02
403             	3.53114954e+02
404             	3.53115671e+02
405             	3.53116663e+02
406             	3.53116758e+02
407             	3.53116761e+02
408             	3.53116949e+02
409             	3.53117178e+02
410             	3.53117358e+02
411             	3.53117309e+02
412             	3.53116777e+02
413             	3.53116788e+02
414             	3.53116957e+02
415             	3.53116867e+02
416             	3.53116754e+02
417             	3.53116789e+02
418             	3.53117209e+02
419             	3.53117349e+02
420             	3.53117365e+02
421             	3.53117439e+02
422             	3.53117567e+02
423             	3.53117386e+02
424             	3.53117114e+02
425             	3.53116759e+02
426             	3.53116456e+02
427             	3.53116445e+02
428             	3.53116417e+02
429             	3.53116356e+02
430             	3.53116161e+02
431             	3.53116144e+02
432             	3.53116277e+02
433             	3.53116363e+02
434             	3.53116463e+02
435             	3.53116526e+02
436             	3.53116558e+02
437             	3.53116610e+02
438             	3.53116685e+02
439             	3.53116748e+02
440             	3.53116741e+02
441             	3.53116620e+02
442             	3.53116510e+02
443             	3.53116432e+02
444             	3.53116362e+02
445             	3.53116382e+02
446             	3.53116386e+02
447             	3.53116523e+02
448             	3.53116717e+02
449             	3.53116818e+02
450             	3.53116841e+02
451             	3.53116898e+02
452             	3.53116963e+02
453             	3.53116988e+02
454             	3.53117035e+02
455             	3.53117027e+02
456             	3.53117029e+02
457             	3.53117083e+02
458             	3.53117123e+02
459             	3.53117227e+02
460             	3.53117296e+02
461             	3.53117390e+02
462             	3.53117405e+02
463             	3.53117419e+02
464             	3.53117462e+02
465             	3.53117515e+02
466             	3.53117473e+02
467             	3.53117350e+02
468             	3.53117307e+02
469             	3.53117337e+02
470             	3.53117330e+02
471             	3.53117283e+02
472             	3.53117240e+02
473             	3.53117209e+02
474             	3.53117188e+02
475             	3.53117221e+02
476             	3.53117245e+02
477             	3.53117222e+02
478             	3.53117222e+02
479             	3.53117208e+02
480             	3.53117205e+02
481             	3.53117169e+02
482             	3.53117139e+02
483             	3.53117110e+02
484             	3.53117124e+02
485             	3.53117152e+02
486             	3.53117154e+02
487             	3.53117139e+02
488             	3.53117143e+02
489             	3.53117178e+02
490             	3.53117244e+02
491             	3.53117317e+02
492             	3.53117311e+02
493             	3.53117309e+02
494             	3.53117370e+02
495             	3.53117433e+02
496             	3.53117481e+02
497             	3.53117382e+02
498             	3.53117223e+02
499             	3.53117119e+02
500             	3.53116899e+02
501             	3.53116854e+02
502             	3.53116978e+02
503             	3.53117077e+02
504             	3.53117105e+02
505             	3.53117125e+02
506             	3.53117175e+02
507             	3.53117277e+02
508             	3.53117291e+02
509             	3.53117216e+02
510             	3.53117147e+02
511             	3.53117090e+02
512             	3.53117026e+02
513             	3.53116879e+02
514             	3.53116832e+02
515             	3.53116835e+02
516             	3.53116846e+02
517             	3.53116865e+02
518             	3.53116914e+02
519             	3.53116963e+02
520             	3.53117011e+02
521             	3.53117035e+02
522             	3.53117057e+02
523             	3.53117060e+02
524             	3.53117077e+02
525             	3.53117019e+02
526             	3.53117017e+02
527             	3.53117076e+02
528             	3.53117128e+02
529             	3.53117144e+02
530             	3.53117158e+02
531             	3.53117217e+02
532             	3.53117209e+02
533             	3.53117173e+02
534             	3.53117141e+02
535             	3.53117106e+02
536             	3.53117056e+02
537             	3.53116967e+02
538             	3.53116934e+02
539             	3.53116916e+02
540             	3.53116878e+02
541             	3.53116842e+02
542             	3.53116815e+02
543             	3.53116791e+02
544             	3.53116775e+02
545             	3.53116765e+02
546             	3.53116742e+02
547             	3.53116718e+02
548             	3.53116697e+02
549             	3.53116679e+02
550             	3.53116658e+02
551             	3.53116638e+02
552             	3.53116627e+02
553             	3.53116635e+02
554             	3.53116651e+02
555             	3.53116659e+02
556             	3.53116669e+02
557             	3.53116690e+02
558             	3.53116714e+02
559             	3.53116739e+02
560             	3.53116758e+02
561             	3.53116755e+02
562             	3.53116754e+02
563             	3.53116748e+02
564             	3.53116740e+02
565             	3.53116728e+02
566             	3.53116715e+02
567             	3.53116694e+02
568             	3.53116686e+02
569             	3.53116682e+02
570             	3.53116687e+02
571             	3.53116694e+02
572             	3.53116689e+02
573             	3.53116690e+02
574             	3.53116698e+02
575             	3.53116709e+02
576             	3.53116720e+02
577             	3.53116723e+02
578             	3.53116742e+02
579             	3.53116767e+02
580             	3.53116781e+02
581             	3.53116785e+02
582             	3.53116788e+02
583             	3.53116791e+02
584             	3.53116793e+02
585             	3.53116793e+02
586             	3.53116792e+02
587             	3.53116792e+02
588             	3.53116800e+02
589             	3.53116789e+02
590             	3.53116777e+02
591             	3.53116764e+02
592             	3.53116758e+02
593             	3.53116746e+02
594             	3.53116745e+02
595             	3.53116742e+02
596             	3.53116731e+02
597             	3.53116720e+02
598             	3.53116717e+02
599             	3.53116703e+02
600             	3.53116690e+02
601             	3.53116679e+02
602             	3.53116673e+02
603             	3.53116661e+02
604             	3.53116656e+02
605             	3.53116654e+02
606             	3.53116650e+02
607             	3.53116638e+02
608             	3.53116638e+02
609             	3.53116647e+02
610             	3.53116644e+02
611             	3.53116653e+02
612             	3.53116668e+02
613             	3.53116685e+02
614             	3.53116699e+02
615             	3.53116711e+02
616             	3.53116720e+02
617             	3.53116732e+02
618             	3.53116746e+02
619             	3.53116750e+02
620             	3.53116758e+02
621             	3.53116752e+02
622             	3.53116749e+02
623             	3.53116749e+02
624             	3.53116753e+02
625             	3.53116755e+02
626             	3.53116758e+02
627             	3.53116777e+02
628             	3.53116798e+02
629             	3.53116819e+02
630             	3.53116828e+02
631             	3.53116834e+02
632             	3.53116826e+02
633             	3.53116818e+02
634             	3.53116821e+02
635             	3.53116820e+02
636             	3.53116814e+02
637             	3.53116802e+02
638             	3.53116777e+02
639             	3.53116761e+02
640             	3.53116767e+02
641             	3.53116779e+02
642             	3.53116763e+02
643             	3.53116742e+02
644             	3.53116729e+02
645             	3.53116736e+02
646             	3.53116737e+02
647             	3.53116737e+02
648             	3.53116731e+02
649             	3.53116701e+02
650             	3.53116723e+02
651             	3.53116754e+02
652             	3.53116766e+02
653             	3.53116776e+02
654             	3.53116794e+02
655             	3.53116836e+02
656             	3.53116866e+02
657             	3.53116857e+02
658             	3.53116856e+02
659             	3.53116865e+02
660             	3.53116888e+02
661             	3.53116871e+02
662             	3.53116821e+02
663             	3.53116769e+02
664             	3.53116764e+02
665             	3.53116766e+02
666             	3.53116768e+02
667             	3.53116769e+02
668             	3.53116775e+02
669             	3.53116773e+02
670             	3.53116777e+02
671             	3.53116822e+02
672             	3.53116831e+02
673             	3.53116847e+02
674             	3.53116841e+02
675             	3.53116816e+02
676             	3.53116797e+02
677             	3.53116780e+02
678             	3.53116771e+02
679             	3.53116752e+02
680             	3.53116676e+02
681             	3.53116669e+02
682             	3.53116688e+02
683             	3.53116699e+02
684             	3.53116695e+02
685             	3.53116690e+02
686             	3.53116724e+02
687             	3.53116739e+02
688             	3.53116752e+02
689             	3.53116765e+02
690             	3.53116756e+02
691             	3.53116749e+02
692             	3.53116717e+02
693             	3.53116676e+02
694             	3.53116663e+02
695             	3.53116650e+02
696             	3.53116626e+02
697             	3.53116599e+02
698             	3.53116576e+02
699             	3.53116567e+02
700             	3.53116567e+02
701             	3.53116575e+02
702             	3.53116601e+02
703             	3.53116633e+02
704             	3.53116676e+02
705             	3.53116717e+02
706             	3.53116748e+02
707             	3.53116775e+02
708             	3.53116801e+02
709             	3.53116819e+02
710             	3.53116824e+02
711             	3.53116818e+02
712             	3.53116811e+02
713             	3.53116790e+02
714             	3.53116771e+02
715             	3.53116760e+02
716             	3.53116762e+02
717             	3.53116777e+02
718             	3.53116795e+02
719             	3.53116831e+02
720             	3.53116876e+02
721             	3.53116924e+02
722             	3.53116974e+02
723             	3.53117023e+02
724             	3.53117063e+02
725             	3.53117097e+02
726             	3.53117126e+02
727             	3.53117143e+02
728             	3.53117148e+02
729             	3.53117142e+02
730             	3.53117123e+02
731             	3.53117100e+02
732             	3.53117073e+02
733             	3.53117042e+02
734             	3.53117009e+02
735             	3.53116978e+02
736             	3.53116953e+02
737             	3.53116935e+02
738             	3.53116925e+02
739             	3.53116922e+02
740             	3.53116924e+02
741             	3.53116927e+02
742             	3.53116929e+02
743             	3.53116938e+02
744             	3.53116936e+02
745             	3.53116934e+02
746             	3.53116932e+02
747             	3.53116927e+02
748             	3.53116927e+02
749             	3.53116930e+02
750             	3.53116914e+02
751             	3.53116920e+02
752             	3.53116929e+02
753             	3.53116942e+02
754             	3.53116953e+02
755             	3.53116961e+02
756             	3.53116972e+02
757             	3.53116982e+02
758             	3.53116987e+02
759             	3.53116989e+02
760             	3.53116996e+02
761             	3.53116993e+02
762             	3.53116976e+02
763             	3.53116957e+02
764             	3.53116940e+02
765             	3.53116926e+02
766             	3.53116923e+02
767             	3.53116910e+02
768             	3.53116910e+02
769             	3.53116915e+02
770             	3.53116921e+02
771             	3.53116926e+02
772             	3.53116936e+02
773             	3.53116952e+02
774             	3.53116960e+02
775             	3.53116955e+02
776             	3.53116946e+02
777             	3.53116933e+02
778             	3.53116912e+02
779             	3.53116881e+02
780             	3.53116855e+02
781             	3.53116825e+02
782             	3.53116794e+02
783             	3.53116763e+02
784             	3.53116736e+02
785             	3.53116716e+02
786             	3.53116703e+02
787             	3.53116696e+02
788             	3.53116689e+02
789             	3.53116688e+02
790             	3.53116692e+02
791             	3.53116699e+02
792             	3.53116710e+02
793             	3.53116722e+02
794             	3.53116734e+02
795             	3.53116747e+02
796             	3.53116757e+02
797             	3.53116765e+02
798             	3.53116772e+02
799             	3.53116771e+02
800             	3.53116777e+02
801             	3.53116776e+02
802             	3.53116768e+02
803             	3.53116762e+02
804             	3.53116760e+02
805             	3.53116757e+02
806             	3.53116757e+02
807             	3.53116759e+02
808             	3.53116756e+02
809             	3.53116760e+02
810             	3.53116764e+02
811             	3.53116762e+02
812             	3.53116754e+02
813             	3.53116762e+02
814             	3.53116771e+02
815             	3.53116772e+02
816             	3.53116766e+02
817             	3.53116757e+02
818             	3.53116743e+02
819             	3.53116731e+02
820             	3.53116718e+02
821             	3.53116711e+02
822             	3.53116699e+02
823             	3.53116684e+02
824             	3.53116675e+02
825             	3.53116667e+02
826             	3.53116664e+02
827             	3.53116665e+02
828             	3.53116677e+02
829             	3.53116689e+02
830             	3.53116711e+02
831             	3.53116741e+02
832             	3.53116772e+02
833             	3.53116804e+02
834             	3.53116840e+02
835             	3.53116872e+02
836             	3.53116897e+02
837             	3.53116911e+02
838             	3.53116915e+02
839             	3.53116908e+02
840             	3.53116891e+02
841             	3.53116864e+02
842             	3.53116831e+02
843             	3.53116800e+02
844             	3.53116769e+02
845             	3.53116733e+02
846             	3.53116701e+02
847             	3.53116690e+02
848             	3.53116687e+02
849             	3.53116683e+02
850             	3.53116680e+02
851             	3.53116679e+02
852             	3.53116686e+02
853             	3.53116695e+02
854             	3.53116698e+02
855             	3.53116700e+02
856             	3.53116725e+02
857             	3.53116720e+02
858             	3.53116710e+02
859             	3.53116708e+02
860             	3.53116709e+02
861             	3.53116730e+02
862             	3.53116729e+02
863             	3.53116701e+02
864             	3.53116662e+02
865             	3.53116678e+02
866             	3.53116695e+02
867             	3.53116687e+02
868             	3.53116684e+02
869             	3.53116679e+02
870             	3.53116718e+02
871             	3.53116715e+02
872             	3.53116709e+02
873             	3.53116721e+02
874             	3.53116708e+02
875             	3.53116713e+02
876             	3.53116696e+02
877             	3.53116668e+02
878             	3.53116640e+02
879             	3.53116613e+02
880             	3.53116583e+02
881             	3.53116580e+02
882             	3.53116590e+02
883             	3.53116577e+02
884             	3.53116585e+02
885             	3.53116601e+02
886             	3.53116613e+02
887             	3.53116634e+02
888             	3.53116639e+02
889             	3.53116648e+02
890             	3.53116652e+02
891             	3.53116648e+02
892             	3.53116651e+02
893             	3.53116656e+02
894             	3.53116653e+02
895             	3.53116639e+02
896             	3.53116618e+02
897             	3.53116613e+02
898             	3.53116607e+02
899             	3.53116618e+02
900             	3.53116628e+02
901             	3.53116656e+02
902             	3.53116680e+02
903             	3.53116696e+02
904             	3.53116700e+02
905             	3.53116704e+02
906             	3.53116713e+02
907             	3.53116731e+02
908             	3.53116736e+02
909             	3.53116720e+02
910             	3.53116705e+02
911             	3.53116688e+02
912             	3.53116670e+02
913             	3.53116651e+02
914             	3.53116636e+02
915             	3.53116621e+02
916             	3.53116629e+02
917             	3.53116654e+02
918             	3.53116681e+02
919             	3.53116710e+02
920             	3.53116747e+02
921             	3.53116788e+02
922             	3.53116827e+02
923             	3.53116865e+02
924             	3.53116907e+02
925             	3.53116919e+02
926             	3.53116910e+02
927             	3.53116902e+02
928             	3.53116893e+02
929             	3.53116886e+02
930             	3.53116867e+02
931             	3.53116853e+02
932             	3.53116858e+02
933             	3.53116865e+02
934             	3.53116879e+02
935             	3.53116894e+02
936             	3.53116906e+02
937             	3.53116919e+02
938             	3.53116924e+02
939             	3.53116923e+02
940             	3.53116914e+02
941             	3.53116914e+02
942             	3.53116907e+02
943             	3.53116900e+02
944             	3.53116891e+02
945             	3.53116879e+02
946             	3.53116864e+02
947             	3.53116853e+02
948             	3.53116844e+02
949             	3.53116841e+02
950             	3.53116840e+02
951             	3.53116844e+02
952             	3.53116850e+02
953             	3.53116859e+02
954             	3.53116867e+02
955             	3.53116883e+02
956             	3.53116882e+02
957             	3.53116876e+02
958             	3.53116874e+02
959             	3.53116874e+02
960             	3.53116876e+02
961             	3.53116875e+02
962             	3.53116877e+02
963             	3.53116880e+02
964             	3.53116885e+02
965             	3.53116887e+02
966             	3.53116898e+02
967             	3.53116910e+02
968             	3.53116921e+02
969             	3.53116930e+02
970             	3.53116935e+02
971             	3.53116936e+02
972             	3.53116941e+02
973             	3.53116939e+02
974             	3.53116928e+02
975             	3.53116915e+02
976             	3.53116899e+02
977             	3.53116886e+02
978             	3.53116860e+02
979             	3.53116851e+02
980             	3.53116850e+02
981             	3.53116849e+02
982             	3.53116851e+02
983             	3.53116854e+02
984             	3.53116870e+02
985             	3.53116891e+02
986             	3.53116915e+02
987             	3.53116937e+02
988             	3.53116954e+02
989             	3.53116968e+02
990             	3.53117010e+02
991             	3.53117008e+02
992             	3.53116991e+02
993             	3.53116981e+02
994             	3.53116977e+02
995             	3.53116970e+02
996             	3.53116953e+02
997             	3.53116941e+02
998             	3.53116927e+02
999             	3.53116935e+02
1000            	3.53116950e+02
1001            	3.53116959e+02
1002            	3.53116971e+02
1003            	3.53116989e+02
1004            	3.53117008e+02
1005            	3.53117022e+02
1006            	3.53117027e+02
1007            	3.53117028e+02
1008            	3.53117043e+02
1009            	3.53117028e+02
1010            	3.53116998e+02
1011            	3.53116975e+02
1012            	3.53116956e+02
1013            	3.53116936e+02
1014            	3.53116920e+02
1015            	3.53116905e+02
1016            	3.53116899e+02
1017            	3.53116900e+02
1018            	3.53116911e+02
1019            	3.53116926e+02
1020            	3.53116936e+02
1021            	3.53116964e+02
1022            	3.53116991e+02
1023            	3.53117016e+02
1024            	3.53117045e+02
1025            	3.53117051e+02
1026            	3.53117047e+02
1027            	3.53117048e+02
1028            	3.53117037e+02
1029            	3.53117021e+02
1030            	3.53117007e+02
1031            	3.53116994e+02
1032            	3.53116970e+02
1033            	3.53116963e+02
1034            	3.53116965e+02
1035            	3.53116966e+02
1036            	3.53116967e+02
1037            	3.53116976e+02
1038            	3.53116990e+02
1039            	3.53117001e+02
1040            	3.53117011e+02
1041            	3.53117017e+02
1042            	3.53117029e+02
1043            	3.53117039e+02
1044            	3.53117038e+02
1045            	3.53117024e+02
1046            	3.53117006e+02
1047            	3.53116992e+02
1048            	3.53116976e+02
1049            	3.53116957e+02
1050            	3.53116942e+02
1051            	3.53116933e+02
1052            	3.53116928e+02
1053            	3.53116925e+02
1054            	3.53116923e+02
1055            	3.53116925e+02
1056            	3.53116905e+02
1057            	3.53116915e+02
1058            	3.53116926e+02
1059            	3.53116924e+02
1060            	3.53116912e+02
1061            	3.53116903e+02
1062            	3.53116893e+02
1063            	3.53116897e+02
1064            	3.53116907e+02
1065            	3.53116871e+02
1066            	3.53116836e+02
1067            	3.53116801e+02
1068            	3.53116777e+02
1069            	3.53116730e+02
1070            	3.53116721e+02
1071            	3.53116736e+02
1072            	3.53116746e+02
1073            	3.53116744e+02
1074            	3.53116738e+02
1075            	3.53116729e+02
1076            	3.53116730e+02
1077            	3.53116746e+02
1078            	3.53116764e+02
1079            	3.53116771e+02
1080            	3.53116763e+02
1081            	3.53116756e+02
1082            	3.53116748e+02
1083            	3.53116742e+02
1084            	3.53116740e+02
1085            	3.53116742e+02
1086            	3.53116753e+02
1087            	3.53116767e+02
1088            	3.53116788e+02
1089            	3.53116792e+02
1090            	3.53116790e+02
1091            	3.53116808e+02
1092            	3.53116822e+02
1093            	3.53116833e+02
1094            	3.53116832e+02
1095            	3.53116829e+02
1096            	3.53116828e+02
1097            	3.53116838e+02
1098            	3.53116865e+02
1099            	3.53116856e+02
1100            	3.53116843e+02
1101            	3.53116845e+02
1102            	3.53116857e+02
1103            	3.53116872e+02
1104            	3.53116872e+02
1105            	3.53116863e+02
1106            	3.53116865e+02
1107            	3.53116846e+02
1108            	3.53116858e+02
1109            	3.53116882e+02
1110            	3.53116899e+02
1111            	3.53116909e+02
1112            	3.53116906e+02
1113            	3.53116935e+02
1114            	3.53116939e+02
1115            	3.53116937e+02
1116            	3.53116937e+02
1117            	3.53116935e+02
1118            	3.53116929e+02
1119            	3.53116920e+02
1120            	3.53116899e+02
1121            	3.53116878e+02
1122            	3.53116847e+02
1123            	3.53116815e+02
1124            	3.53116783e+02
1125            	3.53116756e+02
1126            	3.53116726e+02
1127            	3.53116698e+02
1128            	3.53116678e+02
1129            	3.53116666e+02
1130            	3.53116666e+02
1131            	3.53116677e+02
1132            	3.53116696e+02
1133            	3.53116718e+02
1134            	3.53116742e+02
1135            	3.53116758e+02
1136            	3.53116757e+02
1137            	3.53116733e+02
1138            	3.53116683e+02
1139            	3.53116604e+02
1140            	3.53116485e+02
1141            	3.53116368e+02
1142            	3.53116252e+02
1143            	3.53116138e+02
1144            	3.53116026e+02
1145            	3.53115928e+02
1146            	3.53115848e+02
1147            	3.53115798e+02
1148            	3.53115785e+02
1149            	3.53115786e+02
1150            	3.53115790e+02
1151            	3.53115795e+02
1152            	3.53115796e+02
1153            	3.53115798e+02
1154            	3.53115803e+02
1155            	3.53115808e+02
1156            	3.53115805e+02
1157            	3.53115791e+02
1158            	3.53115773e+02
1159            	3.53115750e+02
1160            	3.53115726e+02
1161            	3.53115703e+02
1162            	3.53115684e+02
1163            	3.53115667e+02
1164            	3.53115684e+02
1165            	3.53115798e+02
1166            	3.53115784e+02
1167            	3.53115688e+02
1168            	3.53115618e+02
1169            	3.53115550e+02
1170            	3.53115537e+02
1171            	3.53115532e+02
1172            	3.53115574e+02
1173            	3.53115598e+02
1174            	3.53115597e+02
1175            	3.53115603e+02
1176            	3.53115593e+02
1177            	3.53115693e+02
1178            	3.53115763e+02
1179            	3.53115824e+02
1180            	3.53115899e+02
1181            	3.53115984e+02
1182            	3.53116072e+02
1183            	3.53116188e+02
1184            	3.53116254e+02
1185            	3.53116272e+02
1186            	3.53116283e+02
1187            	3.53116309e+02
1188            	3.53116333e+02
1189            	3.53116349e+02
1190            	3.53116390e+02
1191            	3.53116439e+02
1192            	3.53116486e+02
1193            	3.53116515e+02
1194            	3.53116526e+02
1195            	3.53116535e+02
1196            	3.53116530e+02
1197            	3.53116526e+02
1198            	3.53116524e+02
1199            	3.53116524e+02
1200            	3.53116517e+02
1201            	3.53116540e+02
1202            	3.53116544e+02
1203            	3.53116538e+02
1204            	3.53116527e+02
1205            	3.53116539e+02
1206            	3.53116562e+02
1207            	3.53116584e+02
1208            	3.53116616e+02
1209            	3.53116645e+02
1210            	3.53116671e+02
1211            	3.53116693e+02
1212            	3.53116715e+02
1213            	3.53116736e+02
1214            	3.53116751e+02
1215            	3.53116778e+02
1216            	3.53116798e+02
1217            	3.53116789e+02
1218            	3.53116773e+02
1219            	3.53116745e+02
1220            	3.53116749e+02
1221            	3.53116760e+02
1222            	3.53116766e+02
1223            	3.53116759e+02
1224            	3.53116761e+02
1225            	3.53116753e+02
1226            	3.53116769e+02
1227            	3.53116788e+02
1228            	3.53116808e+02
1229            	3.53116825e+02
1230            	3.53116842e+02
1231            	3.53116883e+02
1232            	3.53116888e+02
1233            	3.53116881e+02
1234            	3.53116875e+02
1235            	3.53116871e+02
1236            	3.53116866e+02
1237            	3.53116852e+02
1238            	3.53116835e+02
1239            	3.53116818e+02
1240            	3.53116793e+02
1241            	3.53116769e+02
1242            	3.53116759e+02
1243            	3.53116752e+02
1244            	3.53116737e+02
1245            	3.53116722e+02
1246            	3.53116714e+02
1247            	3.53116708e+02
1248            	3.53116703e+02
1249            	3.53116701e+02
1250            	3.53116696e+02
1251            	3.53116692e+02
1252            	3.53116681e+02
1253            	3.53116668e+02
1254            	3.53116659e+02
1255            	3.53116646e+02
1256            	3.53116643e+02
1257            	3.53116651e+02
1258            	3.53116654e+02
1259            	3.53116655e+02
1260            	3.53116663e+02
1261            	3.53116677e+02
1262            	3.53116696e+02
1263            	3.53116716e+02
1264            	3.53116737e+02
1265            	3.53116761e+02
1266            	3.53116778e+02
1267            	3.53116791e+02
1268            	3.53116802e+02
1269            	3.53116816e+02
1270            	3.53116832e+02
1271            	3.53116840e+02
1272            	3.53116844e+02
1273            	3.53116832e+02
1274            	3.53116827e+02
1275            	3.53116844e+02
1276            	3.53116856e+02
1277            	3.53116861e+02
1278            	3.53116868e+02
1279            	3.53116879e+02
1280            	3.53116882e+02
1281            	3.53116884e+02
1282            	3.53116885e+02
1283            	3.53116896e+02
1284            	3.53116897e+02
1285            	3.53116895e+02
1286            	3.53116895e+02
1287            	3.53116895e+02
1288            	3.53116892e+02
1289            	3.53116895e+02
1290            	3.53116900e+02
1291            	3.53116904e+02
1292            	3.53116912e+02
1293            	3.53116919e+02
1294            	3.53116928e+02
1295            	3.53116938e+02
1296            	3.53116953e+02
1297            	3.53116964e+02
1298            	3.53116971e+02
1299            	3.53116976e+02
1300            	3.53116980e+02
1301            	3.53116974e+02
1302            	3.53116959e+02
1303            	3.53116965e+02
1304            	3.53116972e+02
1305            	3.53116968e+02
1306            	3.53116966e+02
1307            	3.53116962e+02
1308            	3.53116957e+02
1309            	3.53116957e+02
1310            	3.53116958e+02
1311            	3.53116965e+02
1312            	3.53116970e+02
1313            	3.53116966e+02
1314            	3.53116959e+02
1315            	3.53116951e+02
1316            	3.53116946e+02
1317            	3.53116945e+02
1318            	3.53116947e+02
1319            	3.53116949e+02
1320            	3.53116936e+02
1321            	3.53116921e+02
1322            	3.53116937e+02
1323            	3.53116956e+02
1324            	3.53116978e+02
1325            	3.53116978e+02
1326            	3.53116976e+02
1327            	3.53116967e+02
1328            	3.53116963e+02
1329            	3.53116960e+02
1330            	3.53116956e+02
1331            	3.53116937e+02
1332            	3.53116930e+02
1333            	3.53116919e+02
1334            	3.53116901e+02
1335            	3.53116891e+02
1336            	3.53116888e+02
1337            	3.53116896e+02
1338            	3.53116910e+02
1339            	3.53116917e+02
1340            	3.53116920e+02
1341            	3.53116926e+02
1342            	3.53116935e+02
1343            	3.53116957e+02
1344            	3.53116938e+02
1345            	3.53116937e+02
1346            	3.53116941e+02
1347            	3.53116942e+02
1348            	3.53116937e+02
1349            	3.53116928e+02
1350            	3.53116923e+02
1351            	3.53116922e+02
1352            	3.53116920e+02
1353            	3.53116919e+02
1354            	3.53116918e+02
1355            	3.53116917e+02
1356            	3.53116930e+02
1357            	3.53116932e+02
1358            	3.53116930e+02
1359            	3.53116939e+02
1360            	3.53116948e+02
1361            	3.53116952e+02
1362            	3.53116954e+02
1363            	3.53116956e+02
1364            	3.53116957e+02
1365            	3.53116960e+02
1366            	3.53116969e+02
1367            	3.53116975e+02
1368            	3.53116979e+02
1369            	3.53116972e+02
1370            	3.53116974e+02
1371            	3.53116981e+02
1372            	3.53116989e+02
1373            	3.53116993e+02
1374            	3.53116994e+02
1375            	3.53116987e+02
1376            	3.53116970e+02
1377            	3.53116958e+02
1378            	3.53116948e+02
1379            	3.53116936e+02
1380            	3.53116921e+02
1381            	3.53116905e+02
1382            	3.53116883e+02
1383            	3.53116869e+02
1384            	3.53116861e+02
1385            	3.53116861e+02
1386            	3.53116857e+02
1387            	3.53116854e+02
1388            	3.53116860e+02
1389            	3.53116852e+02
1390            	3.53116849e+02
1391            	3.53116850e+02
1392            	3.53116851e+02
1393            	3.53116853e+02
1394            	3.53116855e+02
1395            	3.53116858e+02
1396            	3.53116861e+02
1397            	3.53116863e+02
1398            	3.53116867e+02
1399            	3.53116869e+02
1400            	3.53116871e+02
1401            	3.53116877e+02
1402            	3.53116887e+02
1403            	3.53116897e+02
1404            	3.53116896e+02
1405            	3.53116894e+02
1406            	3.53116899e+02
1407            	3.53116904e+02
1408            	3.53116909e+02
1409            	3.53116908e+02
1410            	3.53116906e+02
1411            	3.53116915e+02
1412            	3.53116925e+02
1413            	3.53116935e+02
1414            	3.53116939e+02
1415            	3.53116942e+02
1416            	3.53116948e+02
1417            	3.53116943e+02
1418            	3.53116936e+02
1419            	3.53116931e+02
1420            	3.53116927e+02
1421            	3.53116922e+02
1422            	3.53116916e+02
1423            	3.53116908e+02
1424            	3.53116897e+02
1425            	3.53116883e+02
1426            	3.53116867e+02
1427            	3.53116848e+02
1428            	3.53116833e+02
1429            	3.53116822e+02
1430            	3.53116811e+02
1431            	3.53116809e+02
1432            	3.53116815e+02
1433            	3.53116827e+02
1434            	3.53116838e+02
1435            	3.53116851e+02
1436            	3.53116864e+02
1437            	3.53116869e+02
1438            	3.53116876e+02
1439            	3.53116881e+02
1440            	3.53116877e+02
1441            	3.53116870e+02
1442            	3.53116861e+02
1443            	3.53116848e+02
1444            	3.53116834e+02
1445            	3.53116818e+02
1446            	3.53116801e+02
1447            	3.53116784e+02
1448            	3.53116770e+02
1449            	3.53116759e+02
1450            	3.53116751e+02
1451            	3.53116755e+02
1452            	3.53116769e+02
1453            	3.53116794e+02
1454            	3.53116820e+02
1455            	3.53116854e+02
1456            	3.53116891e+02
1457            	3.53116922e+02
1458            	3.53116950e+02
1459            	3.53116973e+02
1460            	3.53116993e+02
1461            	3.53117006e+02
1462            	3.53117013e+02
1463            	3.53117014e+02
1464            	3.53117012e+02
1465            	3.53117017e+02
1466            	3.53117005e+02
1467            	3.53116989e+02
1468            	3.53116974e+02
1469            	3.53116961e+02
1470            	3.53116950e+02
1471            	3.53116935e+02
1472            	3.53116914e+02
1473            	3.53116920e+02
1474            	3.53116945e+02
1475            	3.53116969e+02
1476            	3.53116968e+02
1477            	3.53116964e+02
1478            	3.53116967e+02
1479            	3.53116959e+02
1480            	3.53116959e+02
1481            	3.53116956e+02
1482            	3.53116953e+02
1483            	3.53116942e+02
1484            	3.53116924e+02
1485            	3.53116909e+02
1486            	3.53116897e+02
1487            	3.53116891e+02
1488            	3.53116888e+02
1489            	3.53116885e+02
1490            	3.53116888e+02
1491            	3.53116892e+02
1492            	3.53116893e+02
1493            	3.53116894e+02
1494            	3.53116894e+02
1495            	3.53116907e+02
1496            	3.53116921e+02
1497            	3.53116935e+02
1498            	3.53116950e+02
1499            	3.53116967e+02
1500            	3.53116983e+02
1501            	3.53116991e+02
1502            	3.53117000e+02
1503            	3.53117005e+02
1504            	3.53117004e+02
1505            	3.53116999e+02
1506            	3.53117006e+02
1507            	3.53117008e+02
1508            	3.53116999e+02
1509            	3.53116999e+02
1510            	3.53116995e+02
1511            	3.53116985e+02
1512            	3.53116976e+02
1513            	3.53116970e+02
1514            	3.53116970e+02
1515            	3.53116959e+02
1516            	3.53116961e+02
1517            	3.53116949e+02
1518            	3.53116947e+02
1519            	3.53116955e+02
1520            	3.53116967e+02
1521            	3.53116978e+02
1522            	3.53116986e+02
1523            	3.53116991e+02
1524            	3.53116987e+02
1525            	3.53116986e+02
1526            	3.53116988e+02
1527            	3.53116990e+02
1528            	3.53116995e+02
1529            	3.53116992e+02
1530            	3.53116999e+02
1531            	3.53117007e+02
1532            	3.53117013e+02
1533            	3.53117018e+02
1534            	3.53117026e+02
1535            	3.53117033e+02
1536            	3.53117040e+02
1537            	3.53117045e+02
1538            	3.53117043e+02
1539            	3.53117041e+02
1540            	3.53117034e+02
1541            	3.53117020e+02
1542            	3.53117002e+02
1543            	3.53116975e+02
1544            	3.53116941e+02
1545            	3.53116907e+02
1546            	3.53116872e+02
1547            	3.53116843e+02
1548            	3.53116815e+02
1549            	3.53116792e+02
1550            	3.53116760e+02
1551            	3.53116742e+02
1552            	3.53116727e+02
1553            	3.53116726e+02
1554            	3.53116736e+02
1555            	3.53116749e+02
1556            	3.53116763e+02
1557            	3.53116782e+02
1558            	3.53116795e+02
1559            	3.53116805e+02
1560            	3.53116816e+02
1561            	3.53116809e+02
1562            	3.53116815e+02
1563            	3.53116822e+02
1564            	3.53116800e+02
1565            	3.53116794e+02
1566            	3.53116796e+02
1567            	3.53116796e+02
1568            	3.53116800e+02
1569            	3.53116809e+02
1570            	3.53116817e+02
1571            	3.53116823e+02
1572            	3.53116839e+02
1573            	3.53116874e+02
1574            	3.53116889e+02
1575            	3.53116890e+02
1576            	3.53116881e+02
1577            	3.53116883e+02
1578            	3.53116891e+02
1579            	3.53116893e+02
1580            	3.53116870e+02
1581            	3.53116876e+02
1582            	3.53116899e+02
1583            	3.53116924e+02
1584            	3.53116941e+02
1585            	3.53116957e+02
1586            	3.53116980e+02
1587            	3.53116999e+02
1588            	3.53117012e+02
1589            	3.53117030e+02
1590            	3.53117028e+02
1591            	3.53117015e+02
1592            	3.53117002e+02
1593            	3.53116982e+02
1594            	3.53116965e+02
1595            	3.53116951e+02
1596            	3.53116927e+02
1597            	3.53116910e+02
1598            	3.53116907e+02
1599            	3.53116884e+02
1600            	3.53116858e+02
1601            	3.53116871e+02
1602            	3.53116890e+02
1603            	3.53116898e+02
1604            	3.53116902e+02
1605            	3.53116898e+02
1606            	3.53116869e+02
1607            	3.53116852e+02
1608            	3.53116827e+02
1609            	3.53116794e+02
1610            	3.53116766e+02
1611            	3.53116742e+02
1612            	3.53116735e+02
1613            	3.53116727e+02
1614            	3.53116717e+02
1615            	3.53116704e+02
1616            	3.53116690e+02
1617            	3.53116683e+02
1618            	3.53116680e+02
1619            	3.53116680e+02
1620            	3.53116682e+02
1621            	3.53116682e+02
1622            	3.53116676e+02
1623            	3.53116667e+02
1624            	3.53116657e+02
1625            	3.53116647e+02
1626            	3.53116638e+02
1627            	3.53116627e+02
1628            	3.53116616e+02
1629            	3.53116606e+02
1630            	3.53116603e+02
1631            	3.53116603e+02
1632            	3.53116597e+02
1633            	3.53116598e+02
1634            	3.53116605e+02
1635            	3.53116614e+02
1636            	3.53116620e+02
1637            	3.53116631e+02
1638            	3.53116648e+02
1639            	3.53116668e+02
1640            	3.53116689e+02
1641            	3.53116683e+02
1642            	3.53116682e+02
1643            	3.53116699e+02
1644            	3.53116722e+02
1645            	3.53116737e+02
1646            	3.53116739e+02
1647            	3.53116733e+02
1648            	3.53116729e+02
1649            	3.53116712e+02
1650            	3.53116693e+02
1651            	3.53116676e+02
1652            	3.53116662e+02
1653            	3.53116650e+02
1654            	3.53116638e+02
1655            	3.53116630e+02
1656            	3.53116622e+02
1657            	3.53116607e+02
1658            	3.53116610e+02
1659            	3.53116592e+02
1660            	3.53116568e+02
1661            	3.53116559e+02
1662            	3.53116548e+02
1663            	3.53116557e+02
1664            	3.53116544e+02
1665            	3.53116516e+02
1666            	3.53116481e+02
1667            	3.53116485e+02
1668            	3.53116497e+02
1669            	3.53116501e+02
1670            	3.53116504e+02
1671            	3.53116493e+02
1672            	3.53116504e+02
1673            	3.53116523e+02
1674            	3.53116543e+02
1675            	3.53116577e+02
1676            	3.53116641e+02
1677            	3.53116639e+02
1678            	3.53116627e+02
1679            	3.53116628e+02
1680            	3.53116645e+02
1681            	3.53116652e+02
1682            	3.53116648e+02
1683            	3.53116655e+02
1684            	3.53116675e+02
1685            	3.53116698e+02
1686            	3.53116724e+02
1687            	3.53116747e+02
1688            	3.53116762e+02
1689            	3.53116782e+02
1690            	3.53116808e+02
1691            	3.53116848e+02
1692            	3.53116861e+02
1693            	3.53116888e+02
1694            	3.53116866e+02
1695            	3.53116840e+02
1696            	3.53116821e+02
1697            	3.53116804e+02
1698            	3.53116785e+02
1699            	3.53116717e+02
1700            	3.53116735e+02
1701            	3.53116772e+02
1702            	3.53116797e+02
1703            	3.53116816e+02
1704            	3.53116879e+02
1705            	3.53116895e+02
1706            	3.53116895e+02
1707            	3.53116893e+02
1708            	3.53116893e+02
1709            	3.53116914e+02
1710            	3.53116924e+02
1711            	3.53116919e+02
1712            	3.53116902e+02
1713            	3.53116908e+02
1714            	3.53116896e+02
1715            	3.53116871e+02
1716            	3.53116854e+02
1717            	3.53116847e+02
1718            	3.53116823e+02
1719            	3.53116820e+02
1720            	3.53116831e+02
1721            	3.53116831e+02
1722            	3.53116832e+02
1723            	3.53116835e+02
1724            	3.53116835e+02
1725            	3.53116837e+02
1726            	3.53116875e+02
1727            	3.53116865e+02
1728            	3.53116844e+02
1729            	3.53116831e+02
1730            	3.53116822e+02
1731            	3.53116803e+02
1732            	3.53116779e+02
1733            	3.53116753e+02
1734            	3.53116727e+02
1735            	3.53116710e+02
1736            	3.53116695e+02
1737            	3.53116685e+02
1738            	3.53116691e+02
1739            	3.53116700e+02
1740            	3.53116707e+02
1741            	3.53116718e+02
1742            	3.53116732e+02
1743            	3.53116743e+02
1744            	3.53116750e+02
1745            	3.53116744e+02
1746            	3.53116731e+02
1747            	3.53116713e+02
1748            	3.53116695e+02
1749            	3.53116675e+02
1750            	3.53116658e+02
1751            	3.53116642e+02
1752            	3.53116611e+02
1753            	3.53116580e+02
1754            	3.53116563e+02
1755            	3.53116556e+02
1756            	3.53116554e+02
1757            	3.53116553e+02
1758            	3.53116554e+02
1759            	3.53116561e+02
1760            	3.53116566e+02
1761            	3.53116579e+02
1762            	3.53116611e+02
1763            	3.53116631e+02
1764            	3.53116646e+02
1765            	3.53116658e+02
1766            	3.53116666e+02
1767            	3.53116660e+02
1768            	3.53116655e+02
1769            	3.53116645e+02
1770            	3.53116613e+02
1771            	3.53116596e+02
1772            	3.53116592e+02
1773            	3.53116592e+02
1774            	3.53116595e+02
1775            	3.53116592e+02
1776            	3.53116597e+02
1777            	3.53116622e+02
1778            	3.53116641e+02
1779            	3.53116647e+02
1780            	3.53116661e+02
1781            	3.53116671e+02
1782            	3.53116673e+02
1783            	3.53116685e+02
1784            	3.53116703e+02
1785            	3.53116725e+02
1786            	3.53116746e+02
1787            	3.53116754e+02
1788            	3.53116770e+02
1789            	3.53116791e+02
1790            	3.53116787e+02
1791            	3.53116789e+02
1792            	3.53116784e+02
1793            	3.53116764e+02
1794            	3.53116746e+02
1795            	3.53116733e+02
1796            	3.53116730e+02
1797            	3.53116727e+02
1798            	3.53116716e+02
1799            	3.53116722e+02
1800            	3.53116736e+02
1801            	3.53116747e+02
1802            	3.53116749e+02
1803            	3.53116756e+02
1804            	3.53116758e+02
1805            	3.53116756e+02
1806            	3.53116740e+02
1807            	3.53116730e+02
1808            	3.53116726e+02
1809            	3.53116718e+02
1810            	3.53116706e+02
1811            	3.53116691e+02
1812            	3.53116689e+02
1813            	3.53116698e+02
1814            	3.53116712e+02
1815            	3.53116730e+02
1816            	3.53116749e+02
1817            	3.53116763e+02
1818            	3.53116771e+02
1819            	3.53116780e+02
1820            	3.53116784e+02
1821            	3.53116790e+02
1822            	3.53116801e+02
1823            	3.53116814e+02
1824            	3.53116823e+02
1825            	3.53116826e+02
1826            	3.53116814e+02
1827            	3.53116807e+02
1828            	3.53116823e+02
1829            	3.53116846e+02
1830            	3.53116865e+02
1831            	3.53116876e+02
1832            	3.53116893e+02
1833            	3.53116918e+02
1834            	3.53116935e+02
1835            	3.53116927e+02
1836            	3.53116920e+02
1837            	3.53116917e+02
1838            	3.53116920e+02
1839            	3.53116917e+02
1840            	3.53116913e+02
1841            	3.53116899e+02
1842            	3.53116900e+02
1843            	3.53116898e+02
1844            	3.53116897e+02
1845            	3.53116900e+02
1846            	3.53116910e+02
1847            	3.53116940e+02
1848            	3.53116964e+02
1849            	3.53116973e+02
1850            	3.53116991e+02
1851            	3.53117000e+02
1852            	3.53117000e+02
1853            	3.53116989e+02
1854            	3.53116958e+02
1855            	3.53116923e+02
1856            	3.53116893e+02
1857            	3.53116870e+02
1858            	3.53116841e+02
1859            	3.53116806e+02
1860            	3.53116763e+02
1861            	3.53116724e+02
1862            	3.53116707e+02
1863            	3.53116714e+02
1864            	3.53116747e+02
1865            	3.53116781e+02
1866            	3.53116817e+02
1867            	3.53116859e+02
1868            	3.53116903e+02
1869            	3.53116948e+02
1870            	3.53116974e+02
1871            	3.53116961e+02
1872            	3.53116953e+02
1873            	3.53116960e+02
1874            	3.53116951e+02
1875            	3.53116945e+02
1876            	3.53116932e+02
1877            	3.53116929e+02
1878            	3.53116927e+02
1879            	3.53116932e+02
1880            	3.53116920e+02
1881            	3.53116909e+02
1882            	3.53116916e+02
1883            	3.53116914e+02
1884            	3.53116909e+02
1885            	3.53116894e+02
1886            	3.53116853e+02
1887            	3.53116817e+02
1888            	3.53116820e+02
1889            	3.53116825e+02
1890            	3.53116802e+02
1891            	3.53116800e+02
1892            	3.53116802e+02
1893            	3.53116801e+02
1894            	3.53116814e+02
1895            	3.53116819e+02
1896            	3.53116837e+02
1897            	3.53116837e+02
1898            	3.53116833e+02
1899            	3.53116830e+02
1900            	3.53116821e+02
1901            	3.53116804e+02
1902            	3.53116777e+02
1903            	3.53116743e+02
1904            	3.53116733e+02
1905            	3.53116726e+02
1906            	3.53116716e+02
1907            	3.53116709e+02
1908            	3.53116712e+02
1909            	3.53116723e+02
1910            	3.53116754e+02
1911            	3.53116808e+02
1912            	3.53116835e+02
1913            	3.53116868e+02
1914            	3.53116907e+02
1915            	3.53116936e+02
1916            	3.53116950e+02
1917            	3.53116940e+02
1918            	3.53116962e+02
1919            	3.53116989e+02
1920            	3.53117008e+02
1921            	3.53117013e+02
1922            	3.53117019e+02
1923            	3.53117028e+02
1924            	3.53117041e+02
1925            	3.53117061e+02
1926            	3.53117091e+02
1927            	3.53117130e+02
1928            	3.53117172e+02
1929            	3.53117223e+02
1930            	3.53117242e+02
1931            	3.53117252e+02
1932            	3.53117256e+02
1933            	3.53117255e+02
1934            	3.53117250e+02
1935            	3.53117246e+02
1936            	3.53117235e+02
1937            	3.53117225e+02
1938            	3.53117216e+02
1939            	3.53117206e+02
1940            	3.53117200e+02
1941            	3.53117196e+02
1942            	3.53117189e+02
1943            	3.53117207e+02
1944            	3.53117229e+02
1945            	3.53117254e+02
1946            	3.53117276e+02
1947            	3.53117287e+02
1948            	3.53117290e+02
1949            	3.53117283e+02
1950            	3.53117268e+02
1951            	3.53117251e+02
1952            	3.53117220e+02
1953            	3.53117179e+02
1954            	3.53117137e+02
1955            	3.53117094e+02
1956            	3.53117050e+02
1957            	3.53117012e+02
1958            	3.53116982e+02
1959            	3.53116956e+02
1960            	3.53116938e+02
1961            	3.53116925e+02
1962            	3.53116918e+02
1963            	3.53116909e+02
1964            	3.53116905e+02
1965            	3.53116899e+02
1966            	3.53116884e+02
1967            	3.53116863e+02
1968            	3.53116853e+02
1969            	3.53116840e+02
1970            	3.53116827e+02
1971            	3.53116822e+02
1972            	3.53116824e+02
1973            	3.53116832e+02
1974            	3.53116846e+02
1975            	3.53116868e+02
1976            	3.53116893e+02
1977            	3.53116904e+02
1978            	3.53116921e+02
1979            	3.53116941e+02
1980            	3.53116955e+02
1981            	3.53116961e+02
1982            	3.53116970e+02
1983            	3.53116972e+02
1984            	3.53116972e+02
1985            	3.53116973e+02
1986            	3.53116969e+02
1987            	3.53116972e+02
1988            	3.53116972e+02
1989            	3.53116977e+02
1990            	3.53116990e+02
1991            	3.53117007e+02
1992            	3.53117018e+02
1993            	3.53117024e+02
1994            	3.53117035e+02
1995            	3.53117048e+02
1996            	3.53117054e+02
1997            	3.53117056e+02
1998            	3.53117058e+02
1999            	3.53117063e+02
2000            	3.53117065e+02
