# Region        : cellZone component_3
# Cells         : 424
# Volume        : 8.46740631e-01
# Time          	volAverage(T)
1               	3.00061194e+02
2               	3.00121895e+02
3               	3.00180259e+02
4               	3.00236799e+02
5               	3.00291962e+02
6               	3.00346144e+02
7               	3.00399414e+02
8               	3.00451991e+02
9               	3.00503926e+02
10              	3.00555252e+02
11              	3.00605899e+02
12              	3.00656014e+02
13              	3.00705265e+02
14              	3.00754134e+02
15              	3.00802218e+02
16              	3.00849257e+02
17              	3.00896043e+02
18              	3.00942435e+02
19              	3.00988809e+02
20              	3.01034988e+02
21              	3.01080790e+02
22              	3.01126261e+02
23              	3.01171243e+02
24              	3.01215150e+02
25              	3.01258262e+02
26              	3.01300190e+02
27              	3.01343142e+02
28              	3.01385596e+02
29              	3.01427272e+02
30              	3.01468657e+02
31              	3.01509545e+02
32              	3.01549271e+02
33              	3.01589194e+02
34              	3.01628846e+02
35              	3.01667246e+02
36              	3.01704277e+02
37              	3.01740365e+02
38              	3.01775717e+02
39              	3.01810017e+02
40              	3.01844266e+02
41              	3.01878310e+02
42              	3.01911927e+02
43              	3.01945402e+02
44              	3.01978590e+02
45              	3.02011609e+02
46              	3.02044407e+02
47              	3.02078072e+02
48              	3.02111242e+02
49              	3.02143748e+02
50              	3.02175168e+02
51              	3.02206587e+02
52              	3.02236962e+02
53              	3.02267975e+02
54              	3.02297114e+02
55              	3.02325700e+02
56              	3.02352166e+02
57              	3.02376037e+02
58              	3.02399602e+02
59              	3.02424292e+02
60              	3.02449127e+02
61              	3.02473563e+02
62              	3.02498066e+02
63              	3.02522369e+02
64              	3.02547765e+02
65              	3.02572551e+02
66              	3.02598506e+02
67              	3.02623966e+02
68              	3.02648346e+02
69              	3.02672877e+02
70              	3.02697850e+02
71              	3.02722068e+02
72              	3.02746819e+02
73              	3.02770984e+02
74              	3.02794327e+02
75              	3.02817645e+02
76              	3.02840759e+02
77              	3.02864387e+02
78              	3.02886128e+02
79              	3.02905394e+02
80              	3.02922057e+02
81              	3.02937057e+02
82              	3.02952049e+02
83              	3.02968725e+02
84              	3.02986559e+02
85              	3.03004871e+02
86              	3.03022744e+02
87              	3.03041346e+02
88              	3.03062094e+02
89              	3.03081846e+02
90              	3.03101417e+02
91              	3.03120768e+02
92              	3.03139925e+02
93              	3.03159829e+02
94              	3.03179199e+02
95              	3.03198346e+02
96              	3.03217131e+02
97              	3.03236322e+02
98              	3.03255029e+02
99              	3.03274339e+02
100             	3.03293849e+02
101             	3.03313252e+02
102             	3.03332324e+02
103             	3.03351363e+02
104             	3.03369257e+02
105             	3.03386709e+02
106             	3.03403611e+02
107             	3.03420838e+02
108             	3.03437404e+02
109             	3.03454444e+02
110             	3.03470691e+02
111             	3.03487042e+02
112             	3.03503060e+02
113             	3.03519003e+02
114             	3.03533798e+02
115             	3.03548254e+02
116             	3.03563266e+02
117             	3.03578258e+02
118             	3.03593499e+02
119             	3.03608067e+02
120             	3.03622271e+02
121             	3.03636951e+02
122             	3.03651899e+02
123             	3.03666626e+02
124             	3.03681206e+02
125             	3.03695669e+02
126             	3.03709973e+02
127             	3.03724394e+02
128             	3.03738813e+02
129             	3.03752973e+02
130             	3.03766996e+02
131             	3.03780630e+02
132             	3.03794368e+02
133             	3.03808257e+02
134             	3.03821937e+02
135             	3.03835400e+02
136             	3.03848369e+02
137             	3.03860886e+02
138             	3.03873282e+02
139             	3.03885665e+02
140             	3.03897890e+02
141             	3.03910014e+02
142             	3.03921909e+02
143             	3.03933516e+02
144             	3.03945140e+02
145             	3.03956581e+02
146             	3.03967902e+02
147             	3.03978975e+02
148             	3.03989898e+02
149             	3.04000543e+02
150             	3.04011169e+02
151             	3.04021679e+02
152             	3.04032197e+02
153             	3.04042705e+02
154             	3.04052990e+02
155             	3.04063110e+02
156             	3.04073036e+02
157             	3.04083132e+02
158             	3.04093128e+02
159             	3.04103133e+02
160             	3.04112866e+02
161             	3.04122669e+02
162             	3.04132362e+02
163             	3.04142015e+02
164             	3.04151687e+02
165             	3.04161219e+02
166             	3.04170626e+02
167             	3.04179945e+02
168             	3.04189160e+02
169             	3.04198290e+02
170             	3.04207660e+02
171             	3.04216746e+02
172             	3.04225723e+02
173             	3.04234605e+02
174             	3.04243461e+02
175             	3.04252064e+02
176             	3.04260607e+02
177             	3.04269064e+02
178             	3.04277221e+02
179             	3.04285196e+02
180             	3.04293091e+02
181             	3.04300854e+02
182             	3.04308382e+02
183             	3.04316090e+02
184             	3.04323702e+02
185             	3.04330936e+02
186             	3.04338178e+02
187             	3.04345372e+02
188             	3.04352545e+02
189             	3.04359708e+02
190             	3.04366867e+02
191             	3.04373879e+02
192             	3.04380984e+02
193             	3.04388028e+02
194             	3.04395054e+02
195             	3.04402029e+02
196             	3.04408966e+02
197             	3.04415863e+02
198             	3.04422713e+02
199             	3.04429448e+02
200             	3.04436408e+02
201             	3.04443215e+02
202             	3.04449719e+02
203             	3.04456019e+02
204             	3.04462386e+02
205             	3.04468400e+02
206             	3.04474326e+02
207             	3.04480135e+02
208             	3.04485877e+02
209             	3.04491537e+02
210             	3.04497358e+02
211             	3.04503192e+02
212             	3.04508878e+02
213             	3.04514797e+02
214             	3.04520760e+02
215             	3.04526543e+02
216             	3.04532317e+02
217             	3.04538069e+02
218             	3.04543757e+02
219             	3.04549340e+02
220             	3.04554784e+02
221             	3.04560347e+02
222             	3.04565689e+02
223             	3.04570895e+02
224             	3.04576244e+02
225             	3.04581451e+02
226             	3.04586555e+02
227             	3.04591545e+02
228             	3.04596456e+02
229             	3.04601262e+02
230             	3.04605826e+02
231             	3.04610508e+02
232             	3.04615210e+02
233             	3.04619935e+02
234             	3.04624638e+02
235             	3.04629363e+02
236             	3.04634029e+02
237             	3.04638776e+02
238             	3.04643548e+02
239             	3.04648001e+02
240             	3.04652788e+02
241             	3.04657659e+02
242             	3.04662214e+02
243             	3.04666563e+02
244             	3.04670738e+02
245             	3.04674796e+02
246             	3.04678842e+02
247             	3.04682733e+02
248             	3.04686724e+02
249             	3.04690773e+02
250             	3.04694946e+02
251             	3.04699082e+02
252             	3.04703183e+02
253             	3.04707197e+02
254             	3.04711152e+02
255             	3.04715076e+02
256             	3.04718950e+02
257             	3.04722756e+02
258             	3.04726374e+02
259             	3.04729986e+02
260             	3.04733575e+02
261             	3.04737154e+02
262             	3.04740531e+02
263             	3.04743821e+02
264             	3.04747084e+02
265             	3.04750329e+02
266             	3.04753537e+02
267             	3.04756691e+02
268             	3.04759896e+02
269             	3.04763035e+02
270             	3.04766290e+02
271             	3.04769574e+02
272             	3.04772861e+02
273             	3.04776131e+02
274             	3.04779374e+02
275             	3.04782618e+02
276             	3.04785836e+02
277             	3.04789162e+02
278             	3.04792484e+02
279             	3.04795656e+02
280             	3.04798751e+02
281             	3.04801747e+02
282             	3.04804667e+02
283             	3.04807504e+02
284             	3.04810205e+02
285             	3.04812878e+02
286             	3.04815525e+02
287             	3.04818136e+02
288             	3.04820775e+02
289             	3.04823437e+02
290             	3.04826198e+02
291             	3.04829091e+02
292             	3.04832032e+02
293             	3.04834983e+02
294             	3.04837928e+02
295             	3.04840850e+02
296             	3.04843710e+02
297             	3.04846564e+02
298             	3.04849388e+02
299             	3.04852156e+02
300             	3.04854850e+02
301             	3.04857434e+02
302             	3.04860000e+02
303             	3.04862533e+02
304             	3.04864999e+02
305             	3.04867346e+02
306             	3.04869663e+02
307             	3.04871900e+02
308             	3.04874088e+02
309             	3.04876271e+02
310             	3.04878482e+02
311             	3.04880734e+02
312             	3.04883032e+02
313             	3.04885366e+02
314             	3.04887648e+02
315             	3.04889939e+02
316             	3.04892181e+02
317             	3.04894350e+02
318             	3.04896456e+02
319             	3.04898460e+02
320             	3.04900387e+02
321             	3.04902213e+02
322             	3.04904040e+02
323             	3.04905875e+02
324             	3.04907791e+02
325             	3.04909732e+02
326             	3.04911793e+02
327             	3.04913886e+02
328             	3.04916093e+02
329             	3.04918310e+02
330             	3.04920540e+02
331             	3.04922718e+02
332             	3.04924837e+02
333             	3.04926940e+02
334             	3.04928917e+02
335             	3.04930871e+02
336             	3.04932819e+02
337             	3.04934708e+02
338             	3.04936579e+02
339             	3.04938445e+02
340             	3.04940196e+02
341             	3.04941873e+02
342             	3.04943518e+02
343             	3.04945056e+02
344             	3.04946494e+02
345             	3.04947883e+02
346             	3.04949275e+02
347             	3.04950672e+02
348             	3.04952097e+02
349             	3.04953563e+02
350             	3.04955039e+02
351             	3.04956525e+02
352             	3.04958017e+02
353             	3.04959489e+02
354             	3.04961011e+02
355             	3.04962503e+02
356             	3.04963982e+02
357             	3.04965449e+02
358             	3.04966895e+02
359             	3.04968358e+02
360             	3.04969794e+02
361             	3.04971246e+02
362             	3.04972733e+02
363             	3.04974260e+02
364             	3.04975810e+02
365             	3.04977366e+02
366             	3.04978926e+02
367             	3.04980500e+02
368             	3.04982053e+02
369             	3.04983569e+02
370             	3.04985056e+02
371             	3.04986482e+02
372             	3.04987856e+02
373             	3.04989199e+02
374             	3.04990504e+02
375             	3.04991785e+02
376             	3.04993059e+02
377             	3.04994333e+02
378             	3.04995592e+02
379             	3.04996790e+02
380             	3.04998035e+02
381             	3.04999260e+02
382             	3.05000444e+02
383             	3.05001575e+02
384             	3.05002742e+02
385             	3.05003885e+02
386             	3.05005016e+02
387             	3.05006152e+02
388             	3.05007235e+02
389             	3.05008382e+02
390             	3.05009495e+02
391             	3.05010626e+02
392             	3.05011734e+02
393             	3.05012860e+02
394             	3.05013933e+02
395             	3.05015028e+02
396             	3.05016119e+02
397             	3.05017174e+02
398             	3.05018250e+02
399             	3.05019320e+02
400             	3.05020358e+02
401             	3.05021431e+02
402             	3.05022510e+02
403             	3.05023562e+02
404             	3.05024654e+02
405             	3.05025749e+02
406             	3.05026846e+02
407             	3.05027910e+02
408             	3.05029007e+02
409             	3.05030092e+02
410             	3.05031159e+02
411             	3.05032196e+02
412             	3.05033208e+02
413             	3.05034201e+02
414             	3.05035165e+02
415             	3.05036108e+02
416             	3.05037004e+02
417             	3.05037913e+02
418             	3.05038766e+02
419             	3.05039591e+02
420             	3.05040412e+02
421             	3.05041266e+02
422             	3.05042078e+02
423             	3.05042896e+02
424             	3.05043754e+02
425             	3.05044608e+02
426             	3.05045423e+02
427             	3.05046237e+02
428             	3.05047041e+02
429             	3.05047855e+02
430             	3.05048605e+02
431             	3.05049367e+02
432             	3.05050156e+02
433             	3.05050939e+02
434             	3.05051672e+02
435             	3.05052419e+02
436             	3.05053192e+02
437             	3.05053965e+02
438             	3.05054705e+02
439             	3.05055484e+02
440             	3.05056267e+02
441             	3.05057006e+02
442             	3.05057764e+02
443             	3.05058553e+02
444             	3.05059337e+02
445             	3.05060066e+02
446             	3.05060800e+02
447             	3.05061508e+02
448             	3.05062207e+02
449             	3.05062895e+02
450             	3.05063585e+02
451             	3.05064292e+02
452             	3.05064951e+02
453             	3.05065635e+02
454             	3.05066272e+02
455             	3.05066911e+02
456             	3.05067566e+02
457             	3.05068213e+02
458             	3.05068851e+02
459             	3.05069455e+02
460             	3.05070053e+02
461             	3.05070673e+02
462             	3.05071287e+02
463             	3.05071877e+02
464             	3.05072455e+02
465             	3.05073014e+02
466             	3.05073575e+02
467             	3.05074162e+02
468             	3.05074714e+02
469             	3.05075267e+02
470             	3.05075812e+02
471             	3.05076358e+02
472             	3.05076926e+02
473             	3.05077494e+02
474             	3.05078058e+02
475             	3.05078618e+02
476             	3.05079175e+02
477             	3.05079730e+02
478             	3.05080284e+02
479             	3.05080807e+02
480             	3.05081327e+02
481             	3.05081849e+02
482             	3.05082392e+02
483             	3.05082901e+02
484             	3.05083402e+02
485             	3.05083908e+02
486             	3.05084424e+02
487             	3.05084903e+02
488             	3.05085373e+02
489             	3.05085839e+02
490             	3.05086320e+02
491             	3.05086769e+02
492             	3.05087216e+02
493             	3.05087684e+02
494             	3.05088119e+02
495             	3.05088555e+02
496             	3.05088983e+02
497             	3.05089407e+02
498             	3.05089826e+02
499             	3.05090246e+02
500             	3.05090656e+02
501             	3.05091063e+02
502             	3.05091468e+02
503             	3.05091865e+02
504             	3.05092262e+02
505             	3.05092653e+02
506             	3.05093042e+02
507             	3.05093425e+02
508             	3.05093806e+02
509             	3.05094186e+02
510             	3.05094568e+02
511             	3.05094948e+02
512             	3.05095329e+02
513             	3.05095708e+02
514             	3.05096088e+02
515             	3.05096466e+02
516             	3.05096839e+02
517             	3.05097213e+02
518             	3.05097586e+02
519             	3.05097953e+02
520             	3.05098318e+02
521             	3.05098678e+02
522             	3.05099036e+02
523             	3.05099389e+02
524             	3.05099742e+02
525             	3.05100089e+02
526             	3.05100435e+02
527             	3.05100776e+02
528             	3.05101110e+02
529             	3.05101439e+02
530             	3.05101766e+02
531             	3.05102091e+02
532             	3.05102408e+02
533             	3.05102722e+02
534             	3.05103029e+02
535             	3.05103335e+02
536             	3.05103640e+02
537             	3.05103941e+02
538             	3.05104244e+02
539             	3.05104543e+02
540             	3.05104843e+02
541             	3.05105140e+02
542             	3.05105435e+02
543             	3.05105730e+02
544             	3.05106023e+02
545             	3.05106315e+02
546             	3.05106605e+02
547             	3.05106893e+02
548             	3.05107179e+02
549             	3.05107463e+02
550             	3.05107742e+02
551             	3.05108018e+02
552             	3.05108289e+02
553             	3.05108555e+02
554             	3.05108816e+02
555             	3.05109071e+02
556             	3.05109325e+02
557             	3.05109576e+02
558             	3.05109823e+02
559             	3.05110069e+02
560             	3.05110314e+02
561             	3.05110561e+02
562             	3.05110809e+02
563             	3.05111056e+02
564             	3.05111309e+02
565             	3.05111564e+02
566             	3.05111820e+02
567             	3.05112075e+02
568             	3.05112331e+02
569             	3.05112588e+02
570             	3.05112841e+02
571             	3.05113088e+02
572             	3.05113334e+02
573             	3.05113575e+02
574             	3.05113812e+02
575             	3.05114042e+02
576             	3.05114271e+02
577             	3.05114498e+02
578             	3.05114722e+02
579             	3.05114942e+02
580             	3.05115162e+02
581             	3.05115382e+02
582             	3.05115599e+02
583             	3.05115812e+02
584             	3.05116022e+02
585             	3.05116232e+02
586             	3.05116438e+02
587             	3.05116639e+02
588             	3.05116838e+02
589             	3.05117037e+02
590             	3.05117234e+02
591             	3.05117428e+02
592             	3.05117621e+02
593             	3.05117812e+02
594             	3.05118003e+02
595             	3.05118193e+02
596             	3.05118381e+02
597             	3.05118571e+02
598             	3.05118761e+02
599             	3.05118951e+02
600             	3.05119137e+02
601             	3.05119325e+02
602             	3.05119512e+02
603             	3.05119697e+02
604             	3.05119879e+02
605             	3.05120062e+02
606             	3.05120244e+02
607             	3.05120423e+02
608             	3.05120600e+02
609             	3.05120777e+02
610             	3.05120953e+02
611             	3.05121126e+02
612             	3.05121295e+02
613             	3.05121463e+02
614             	3.05121631e+02
615             	3.05121796e+02
616             	3.05121957e+02
617             	3.05122120e+02
618             	3.05122281e+02
619             	3.05122442e+02
620             	3.05122601e+02
621             	3.05122761e+02
622             	3.05122922e+02
623             	3.05123080e+02
624             	3.05123234e+02
625             	3.05123388e+02
626             	3.05123540e+02
627             	3.05123690e+02
628             	3.05123837e+02
629             	3.05123983e+02
630             	3.05124128e+02
631             	3.05124270e+02
632             	3.05124410e+02
633             	3.05124550e+02
634             	3.05124690e+02
635             	3.05124828e+02
636             	3.05124963e+02
637             	3.05125099e+02
638             	3.05125234e+02
639             	3.05125369e+02
640             	3.05125502e+02
641             	3.05125635e+02
642             	3.05125769e+02
643             	3.05125901e+02
644             	3.05126032e+02
645             	3.05126164e+02
646             	3.05126297e+02
647             	3.05126428e+02
648             	3.05126558e+02
649             	3.05126687e+02
650             	3.05126816e+02
651             	3.05126943e+02
652             	3.05127066e+02
653             	3.05127188e+02
654             	3.05127310e+02
655             	3.05127429e+02
656             	3.05127544e+02
657             	3.05127660e+02
658             	3.05127774e+02
659             	3.05127887e+02
660             	3.05127998e+02
661             	3.05128109e+02
662             	3.05128219e+02
663             	3.05128328e+02
664             	3.05128435e+02
665             	3.05128542e+02
666             	3.05128649e+02
667             	3.05128755e+02
668             	3.05128859e+02
669             	3.05128964e+02
670             	3.05129068e+02
671             	3.05129172e+02
672             	3.05129274e+02
673             	3.05129376e+02
674             	3.05129477e+02
675             	3.05129578e+02
676             	3.05129677e+02
677             	3.05129775e+02
678             	3.05129874e+02
679             	3.05129971e+02
680             	3.05130066e+02
681             	3.05130162e+02
682             	3.05130257e+02
683             	3.05130352e+02
684             	3.05130445e+02
685             	3.05130539e+02
686             	3.05130634e+02
687             	3.05130727e+02
688             	3.05130818e+02
689             	3.05130910e+02
690             	3.05131000e+02
691             	3.05131089e+02
692             	3.05131175e+02
693             	3.05131261e+02
694             	3.05131346e+02
695             	3.05131430e+02
696             	3.05131512e+02
697             	3.05131595e+02
698             	3.05131676e+02
699             	3.05131757e+02
700             	3.05131837e+02
701             	3.05131917e+02
702             	3.05131996e+02
703             	3.05132075e+02
704             	3.05132152e+02
705             	3.05132229e+02
706             	3.05132306e+02
707             	3.05132382e+02
708             	3.05132457e+02
709             	3.05132532e+02
710             	3.05132607e+02
711             	3.05132682e+02
712             	3.05132754e+02
713             	3.05132827e+02
714             	3.05132900e+02
715             	3.05132972e+02
716             	3.05133042e+02
717             	3.05133113e+02
718             	3.05133184e+02
719             	3.05133253e+02
720             	3.05133321e+02
721             	3.05133390e+02
722             	3.05133458e+02
723             	3.05133526e+02
724             	3.05133593e+02
725             	3.05133660e+02
726             	3.05133728e+02
727             	3.05133795e+02
728             	3.05133861e+02
729             	3.05133927e+02
730             	3.05133992e+02
731             	3.05134056e+02
732             	3.05134119e+02
733             	3.05134182e+02
734             	3.05134244e+02
735             	3.05134306e+02
736             	3.05134366e+02
737             	3.05134426e+02
738             	3.05134486e+02
739             	3.05134545e+02
740             	3.05134603e+02
741             	3.05134661e+02
742             	3.05134719e+02
743             	3.05134776e+02
744             	3.05134831e+02
745             	3.05134886e+02
746             	3.05134941e+02
747             	3.05134994e+02
748             	3.05135046e+02
749             	3.05135098e+02
750             	3.05135150e+02
751             	3.05135201e+02
752             	3.05135252e+02
753             	3.05135302e+02
754             	3.05135353e+02
755             	3.05135403e+02
756             	3.05135452e+02
757             	3.05135502e+02
758             	3.05135552e+02
759             	3.05135601e+02
760             	3.05135650e+02
761             	3.05135699e+02
762             	3.05135748e+02
763             	3.05135797e+02
764             	3.05135844e+02
765             	3.05135892e+02
766             	3.05135939e+02
767             	3.05135986e+02
768             	3.05136032e+02
769             	3.05136078e+02
770             	3.05136124e+02
771             	3.05136169e+02
772             	3.05136213e+02
773             	3.05136257e+02
774             	3.05136301e+02
775             	3.05136345e+02
776             	3.05136388e+02
777             	3.05136430e+02
778             	3.05136473e+02
779             	3.05136514e+02
780             	3.05136555e+02
781             	3.05136595e+02
782             	3.05136635e+02
783             	3.05136674e+02
784             	3.05136712e+02
785             	3.05136751e+02
786             	3.05136789e+02
787             	3.05136828e+02
788             	3.05136865e+02
789             	3.05136904e+02
790             	3.05136943e+02
791             	3.05136981e+02
792             	3.05137019e+02
793             	3.05137056e+02
794             	3.05137094e+02
795             	3.05137131e+02
796             	3.05137167e+02
797             	3.05137203e+02
798             	3.05137239e+02
799             	3.05137275e+02
800             	3.05137310e+02
801             	3.05137345e+02
802             	3.05137381e+02
803             	3.05137416e+02
804             	3.05137451e+02
805             	3.05137487e+02
806             	3.05137522e+02
807             	3.05137557e+02
808             	3.05137590e+02
809             	3.05137623e+02
810             	3.05137655e+02
811             	3.05137687e+02
812             	3.05137717e+02
813             	3.05137748e+02
814             	3.05137779e+02
815             	3.05137809e+02
816             	3.05137840e+02
817             	3.05137870e+02
818             	3.05137901e+02
819             	3.05137932e+02
820             	3.05137962e+02
821             	3.05137992e+02
822             	3.05138021e+02
823             	3.05138050e+02
824             	3.05138078e+02
825             	3.05138105e+02
826             	3.05138132e+02
827             	3.05138159e+02
828             	3.05138185e+02
829             	3.05138211e+02
830             	3.05138237e+02
831             	3.05138263e+02
832             	3.05138289e+02
833             	3.05138316e+02
834             	3.05138343e+02
835             	3.05138370e+02
836             	3.05138397e+02
837             	3.05138423e+02
838             	3.05138450e+02
839             	3.05138477e+02
840             	3.05138503e+02
841             	3.05138529e+02
842             	3.05138554e+02
843             	3.05138580e+02
844             	3.05138605e+02
845             	3.05138629e+02
846             	3.05138654e+02
847             	3.05138678e+02
848             	3.05138702e+02
849             	3.05138725e+02
850             	3.05138749e+02
851             	3.05138772e+02
852             	3.05138795e+02
853             	3.05138818e+02
854             	3.05138841e+02
855             	3.05138863e+02
856             	3.05138884e+02
857             	3.05138906e+02
858             	3.05138927e+02
859             	3.05138949e+02
860             	3.05138969e+02
861             	3.05138990e+02
862             	3.05139011e+02
863             	3.05139032e+02
864             	3.05139052e+02
865             	3.05139072e+02
866             	3.05139093e+02
867             	3.05139113e+02
868             	3.05139134e+02
869             	3.05139154e+02
870             	3.05139175e+02
871             	3.05139195e+02
872             	3.05139216e+02
873             	3.05139237e+02
874             	3.05139258e+02
875             	3.05139279e+02
876             	3.05139300e+02
877             	3.05139320e+02
878             	3.05139341e+02
879             	3.05139362e+02
880             	3.05139381e+02
881             	3.05139401e+02
882             	3.05139420e+02
883             	3.05139439e+02
884             	3.05139456e+02
885             	3.05139473e+02
886             	3.05139490e+02
887             	3.05139506e+02
888             	3.05139522e+02
889             	3.05139538e+02
890             	3.05139554e+02
891             	3.05139569e+02
892             	3.05139585e+02
893             	3.05139601e+02
894             	3.05139617e+02
895             	3.05139633e+02
896             	3.05139648e+02
897             	3.05139664e+02
898             	3.05139680e+02
899             	3.05139695e+02
900             	3.05139711e+02
901             	3.05139726e+02
902             	3.05139741e+02
903             	3.05139756e+02
904             	3.05139771e+02
905             	3.05139787e+02
906             	3.05139802e+02
907             	3.05139818e+02
908             	3.05139833e+02
909             	3.05139849e+02
910             	3.05139865e+02
911             	3.05139880e+02
912             	3.05139896e+02
913             	3.05139910e+02
914             	3.05139925e+02
915             	3.05139939e+02
916             	3.05139953e+02
917             	3.05139966e+02
918             	3.05139979e+02
919             	3.05139992e+02
920             	3.05140004e+02
921             	3.05140016e+02
922             	3.05140029e+02
923             	3.05140041e+02
924             	3.05140052e+02
925             	3.05140064e+02
926             	3.05140076e+02
927             	3.05140088e+02
928             	3.05140100e+02
929             	3.05140112e+02
930             	3.05140124e+02
931             	3.05140135e+02
932             	3.05140146e+02
933             	3.05140157e+02
934             	3.05140167e+02
935             	3.05140177e+02
936             	3.05140187e+02
937             	3.05140197e+02
938             	3.05140206e+02
939             	3.05140216e+02
940             	3.05140225e+02
941             	3.05140235e+02
942             	3.05140245e+02
943             	3.05140255e+02
944             	3.05140265e+02
945             	3.05140276e+02
946             	3.05140287e+02
947             	3.05140298e+02
948             	3.05140308e+02
949             	3.05140319e+02
950             	3.05140329e+02
951             	3.05140339e+02
952             	3.05140349e+02
953             	3.05140359e+02
954             	3.05140369e+02
955             	3.05140380e+02
956             	3.05140389e+02
957             	3.05140399e+02
958             	3.05140409e+02
959             	3.05140419e+02
960             	3.05140428e+02
961             	3.05140438e+02
962             	3.05140447e+02
963             	3.05140456e+02
964             	3.05140465e+02
965             	3.05140474e+02
966             	3.05140483e+02
967             	3.05140492e+02
968             	3.05140500e+02
969             	3.05140509e+02
970             	3.05140518e+02
971             	3.05140527e+02
972             	3.05140535e+02
973             	3.05140544e+02
974             	3.05140552e+02
975             	3.05140560e+02
976             	3.05140567e+02
977             	3.05140575e+02
978             	3.05140581e+02
979             	3.05140587e+02
980             	3.05140592e+02
981             	3.05140598e+02
982             	3.05140603e+02
983             	3.05140608e+02
984             	3.05140613e+02
985             	3.05140619e+02
986             	3.05140625e+02
987             	3.05140631e+02
988             	3.05140637e+02
989             	3.05140644e+02
990             	3.05140651e+02
991             	3.05140658e+02
992             	3.05140665e+02
993             	3.05140672e+02
994             	3.05140680e+02
995             	3.05140687e+02
996             	3.05140694e+02
997             	3.05140701e+02
998             	3.05140708e+02
999             	3.05140714e+02
1000            	3.05140721e+02
1001            	3.05140727e+02
1002            	3.05140733e+02
1003            	3.05140740e+02
1004            	3.05140746e+02
1005            	3.05140752e+02
1006            	3.05140758e+02
1007            	3.05140764e+02
1008            	3.05140771e+02
1009            	3.05140777e+02
1010            	3.05140783e+02
1011            	3.05140789e+02
1012            	3.05140795e+02
1013            	3.05140801e+02
1014            	3.05140808e+02
1015            	3.05140814e+02
1016            	3.05140820e+02
1017            	3.05140826e+02
1018            	3.05140831e+02
1019            	3.05140837e+02
1020            	3.05140843e+02
1021            	3.05140848e+02
1022            	3.05140853e+02
1023            	3.05140859e+02
1024            	3.05140864e+02
1025            	3.05140869e+02
1026            	3.05140875e+02
1027            	3.05140880e+02
1028            	3.05140885e+02
1029            	3.05140891e+02
1030            	3.05140897e+02
1031            	3.05140902e+02
1032            	3.05140908e+02
1033            	3.05140914e+02
1034            	3.05140920e+02
1035            	3.05140926e+02
1036            	3.05140932e+02
1037            	3.05140938e+02
1038            	3.05140944e+02
1039            	3.05140949e+02
1040            	3.05140955e+02
1041            	3.05140961e+02
1042            	3.05140966e+02
1043            	3.05140972e+02
1044            	3.05140976e+02
1045            	3.05140981e+02
1046            	3.05140985e+02
1047            	3.05140990e+02
1048            	3.05140993e+02
1049            	3.05140997e+02
1050            	3.05141001e+02
1051            	3.05141004e+02
1052            	3.05141008e+02
1053            	3.05141011e+02
1054            	3.05141014e+02
1055            	3.05141018e+02
1056            	3.05141021e+02
1057            	3.05141025e+02
1058            	3.05141028e+02
1059            	3.05141032e+02
1060            	3.05141036e+02
1061            	3.05141040e+02
1062            	3.05141044e+02
1063            	3.05141047e+02
1064            	3.05141051e+02
1065            	3.05141054e+02
1066            	3.05141058e+02
1067            	3.05141061e+02
1068            	3.05141065e+02
1069            	3.05141068e+02
1070            	3.05141072e+02
1071            	3.05141076e+02
1072            	3.05141079e+02
1073            	3.05141083e+02
1074            	3.05141087e+02
1075            	3.05141091e+02
1076            	3.05141095e+02
1077            	3.05141099e+02
1078            	3.05141104e+02
1079            	3.05141108e+02
1080            	3.05141112e+02
1081            	3.05141115e+02
1082            	3.05141119e+02
1083            	3.05141123e+02
1084            	3.05141126e+02
1085            	3.05141129e+02
1086            	3.05141132e+02
1087            	3.05141135e+02
1088            	3.05141138e+02
1089            	3.05141141e+02
1090            	3.05141144e+02
1091            	3.05141146e+02
1092            	3.05141149e+02
1093            	3.05141151e+02
1094            	3.05141153e+02
1095            	3.05141155e+02
1096            	3.05141157e+02
1097            	3.05141159e+02
1098            	3.05141161e+02
1099            	3.05141162e+02
1100            	3.05141163e+02
1101            	3.05141164e+02
1102            	3.05141166e+02
1103            	3.05141167e+02
1104            	3.05141168e+02
1105            	3.05141170e+02
1106            	3.05141172e+02
1107            	3.05141174e+02
1108            	3.05141176e+02
1109            	3.05141178e+02
1110            	3.05141181e+02
1111            	3.05141184e+02
1112            	3.05141187e+02
1113            	3.05141190e+02
1114            	3.05141194e+02
1115            	3.05141197e+02
1116            	3.05141200e+02
1117            	3.05141204e+02
1118            	3.05141207e+02
1119            	3.05141210e+02
1120            	3.05141213e+02
1121            	3.05141215e+02
1122            	3.05141218e+02
1123            	3.05141220e+02
1124            	3.05141223e+02
1125            	3.05141225e+02
1126            	3.05141227e+02
1127            	3.05141229e+02
1128            	3.05141231e+02
1129            	3.05141233e+02
1130            	3.05141235e+02
1131            	3.05141237e+02
1132            	3.05141239e+02
1133            	3.05141241e+02
1134            	3.05141243e+02
1135            	3.05141244e+02
1136            	3.05141246e+02
1137            	3.05141247e+02
1138            	3.05141248e+02
1139            	3.05141250e+02
1140            	3.05141251e+02
1141            	3.05141252e+02
1142            	3.05141254e+02
1143            	3.05141256e+02
1144            	3.05141257e+02
1145            	3.05141259e+02
1146            	3.05141261e+02
1147            	3.05141263e+02
1148            	3.05141265e+02
1149            	3.05141267e+02
1150            	3.05141269e+02
1151            	3.05141271e+02
1152            	3.05141273e+02
1153            	3.05141276e+02
1154            	3.05141278e+02
1155            	3.05141280e+02
1156            	3.05141282e+02
1157            	3.05141285e+02
1158            	3.05141287e+02
1159            	3.05141289e+02
1160            	3.05141291e+02
1161            	3.05141293e+02
1162            	3.05141295e+02
1163            	3.05141297e+02
1164            	3.05141299e+02
1165            	3.05141301e+02
1166            	3.05141303e+02
1167            	3.05141304e+02
1168            	3.05141306e+02
1169            	3.05141307e+02
1170            	3.05141308e+02
1171            	3.05141309e+02
1172            	3.05141310e+02
1173            	3.05141311e+02
1174            	3.05141312e+02
1175            	3.05141313e+02
1176            	3.05141314e+02
1177            	3.05141315e+02
1178            	3.05141315e+02
1179            	3.05141316e+02
1180            	3.05141317e+02
1181            	3.05141318e+02
1182            	3.05141319e+02
1183            	3.05141320e+02
1184            	3.05141320e+02
1185            	3.05141321e+02
1186            	3.05141322e+02
1187            	3.05141323e+02
1188            	3.05141324e+02
1189            	3.05141325e+02
1190            	3.05141326e+02
1191            	3.05141328e+02
1192            	3.05141329e+02
1193            	3.05141330e+02
1194            	3.05141332e+02
1195            	3.05141334e+02
1196            	3.05141336e+02
1197            	3.05141338e+02
1198            	3.05141340e+02
1199            	3.05141342e+02
1200            	3.05141344e+02
1201            	3.05141346e+02
1202            	3.05141347e+02
1203            	3.05141349e+02
1204            	3.05141350e+02
1205            	3.05141352e+02
1206            	3.05141353e+02
1207            	3.05141354e+02
1208            	3.05141355e+02
1209            	3.05141357e+02
1210            	3.05141358e+02
1211            	3.05141359e+02
1212            	3.05141361e+02
1213            	3.05141362e+02
1214            	3.05141364e+02
1215            	3.05141365e+02
1216            	3.05141366e+02
1217            	3.05141367e+02
1218            	3.05141368e+02
1219            	3.05141369e+02
1220            	3.05141369e+02
1221            	3.05141369e+02
1222            	3.05141369e+02
1223            	3.05141369e+02
1224            	3.05141368e+02
1225            	3.05141368e+02
1226            	3.05141368e+02
1227            	3.05141368e+02
1228            	3.05141368e+02
1229            	3.05141368e+02
1230            	3.05141368e+02
1231            	3.05141368e+02
1232            	3.05141369e+02
1233            	3.05141370e+02
1234            	3.05141371e+02
1235            	3.05141372e+02
1236            	3.05141373e+02
1237            	3.05141374e+02
1238            	3.05141376e+02
1239            	3.05141377e+02
1240            	3.05141379e+02
1241            	3.05141380e+02
1242            	3.05141382e+02
1243            	3.05141383e+02
1244            	3.05141385e+02
1245            	3.05141387e+02
1246            	3.05141388e+02
1247            	3.05141390e+02
1248            	3.05141391e+02
1249            	3.05141392e+02
1250            	3.05141394e+02
1251            	3.05141395e+02
1252            	3.05141396e+02
1253            	3.05141396e+02
1254            	3.05141397e+02
1255            	3.05141398e+02
1256            	3.05141398e+02
1257            	3.05141399e+02
1258            	3.05141399e+02
1259            	3.05141400e+02
1260            	3.05141400e+02
1261            	3.05141400e+02
1262            	3.05141400e+02
1263            	3.05141400e+02
1264            	3.05141399e+02
1265            	3.05141399e+02
1266            	3.05141399e+02
1267            	3.05141399e+02
1268            	3.05141399e+02
1269            	3.05141399e+02
1270            	3.05141400e+02
1271            	3.05141400e+02
1272            	3.05141401e+02
1273            	3.05141402e+02
1274            	3.05141403e+02
1275            	3.05141404e+02
1276            	3.05141406e+02
1277            	3.05141407e+02
1278            	3.05141409e+02
1279            	3.05141410e+02
1280            	3.05141411e+02
1281            	3.05141412e+02
1282            	3.05141413e+02
1283            	3.05141414e+02
1284            	3.05141414e+02
1285            	3.05141414e+02
1286            	3.05141415e+02
1287            	3.05141415e+02
1288            	3.05141416e+02
1289            	3.05141416e+02
1290            	3.05141417e+02
1291            	3.05141417e+02
1292            	3.05141418e+02
1293            	3.05141419e+02
1294            	3.05141419e+02
1295            	3.05141420e+02
1296            	3.05141420e+02
1297            	3.05141421e+02
1298            	3.05141421e+02
1299            	3.05141421e+02
1300            	3.05141422e+02
1301            	3.05141422e+02
1302            	3.05141423e+02
1303            	3.05141423e+02
1304            	3.05141424e+02
1305            	3.05141425e+02
1306            	3.05141426e+02
1307            	3.05141427e+02
1308            	3.05141429e+02
1309            	3.05141430e+02
1310            	3.05141430e+02
1311            	3.05141431e+02
1312            	3.05141432e+02
1313            	3.05141433e+02
1314            	3.05141433e+02
1315            	3.05141434e+02
1316            	3.05141434e+02
1317            	3.05141434e+02
1318            	3.05141434e+02
1319            	3.05141434e+02
1320            	3.05141434e+02
1321            	3.05141434e+02
1322            	3.05141434e+02
1323            	3.05141434e+02
1324            	3.05141434e+02
1325            	3.05141433e+02
1326            	3.05141433e+02
1327            	3.05141433e+02
1328            	3.05141433e+02
1329            	3.05141433e+02
1330            	3.05141433e+02
1331            	3.05141434e+02
1332            	3.05141434e+02
1333            	3.05141434e+02
1334            	3.05141435e+02
1335            	3.05141435e+02
1336            	3.05141436e+02
1337            	3.05141436e+02
1338            	3.05141436e+02
1339            	3.05141436e+02
1340            	3.05141437e+02
1341            	3.05141437e+02
1342            	3.05141437e+02
1343            	3.05141437e+02
1344            	3.05141438e+02
1345            	3.05141438e+02
1346            	3.05141439e+02
1347            	3.05141440e+02
1348            	3.05141441e+02
1349            	3.05141442e+02
1350            	3.05141444e+02
1351            	3.05141445e+02
1352            	3.05141447e+02
1353            	3.05141449e+02
1354            	3.05141451e+02
1355            	3.05141453e+02
1356            	3.05141455e+02
1357            	3.05141457e+02
1358            	3.05141458e+02
1359            	3.05141460e+02
1360            	3.05141461e+02
1361            	3.05141462e+02
1362            	3.05141463e+02
1363            	3.05141464e+02
1364            	3.05141464e+02
1365            	3.05141463e+02
1366            	3.05141463e+02
1367            	3.05141462e+02
1368            	3.05141461e+02
1369            	3.05141460e+02
1370            	3.05141459e+02
1371            	3.05141458e+02
1372            	3.05141457e+02
1373            	3.05141456e+02
1374            	3.05141456e+02
1375            	3.05141455e+02
1376            	3.05141454e+02
1377            	3.05141454e+02
1378            	3.05141453e+02
1379            	3.05141453e+02
1380            	3.05141453e+02
1381            	3.05141452e+02
1382            	3.05141452e+02
1383            	3.05141453e+02
1384            	3.05141453e+02
1385            	3.05141454e+02
1386            	3.05141455e+02
1387            	3.05141456e+02
1388            	3.05141457e+02
1389            	3.05141458e+02
1390            	3.05141460e+02
1391            	3.05141461e+02
1392            	3.05141462e+02
1393            	3.05141464e+02
1394            	3.05141465e+02
1395            	3.05141466e+02
1396            	3.05141468e+02
1397            	3.05141469e+02
1398            	3.05141470e+02
1399            	3.05141471e+02
1400            	3.05141471e+02
1401            	3.05141472e+02
1402            	3.05141472e+02
1403            	3.05141472e+02
1404            	3.05141472e+02
1405            	3.05141472e+02
1406            	3.05141472e+02
1407            	3.05141471e+02
1408            	3.05141471e+02
1409            	3.05141470e+02
1410            	3.05141470e+02
1411            	3.05141469e+02
1412            	3.05141469e+02
1413            	3.05141469e+02
1414            	3.05141469e+02
1415            	3.05141469e+02
1416            	3.05141469e+02
1417            	3.05141469e+02
1418            	3.05141469e+02
1419            	3.05141469e+02
1420            	3.05141469e+02
1421            	3.05141469e+02
1422            	3.05141469e+02
1423            	3.05141469e+02
1424            	3.05141469e+02
1425            	3.05141469e+02
1426            	3.05141469e+02
1427            	3.05141468e+02
1428            	3.05141468e+02
1429            	3.05141468e+02
1430            	3.05141468e+02
1431            	3.05141468e+02
1432            	3.05141468e+02
1433            	3.05141469e+02
1434            	3.05141469e+02
1435            	3.05141470e+02
1436            	3.05141471e+02
1437            	3.05141471e+02
1438            	3.05141472e+02
1439            	3.05141473e+02
1440            	3.05141474e+02
1441            	3.05141475e+02
1442            	3.05141476e+02
1443            	3.05141476e+02
1444            	3.05141477e+02
1445            	3.05141477e+02
1446            	3.05141478e+02
1447            	3.05141478e+02
1448            	3.05141478e+02
1449            	3.05141478e+02
1450            	3.05141479e+02
1451            	3.05141479e+02
1452            	3.05141479e+02
1453            	3.05141479e+02
1454            	3.05141479e+02
1455            	3.05141479e+02
1456            	3.05141479e+02
1457            	3.05141478e+02
1458            	3.05141478e+02
1459            	3.05141477e+02
1460            	3.05141476e+02
1461            	3.05141476e+02
1462            	3.05141475e+02
1463            	3.05141474e+02
1464            	3.05141473e+02
1465            	3.05141472e+02
1466            	3.05141471e+02
1467            	3.05141470e+02
1468            	3.05141469e+02
1469            	3.05141468e+02
1470            	3.05141467e+02
1471            	3.05141467e+02
1472            	3.05141466e+02
1473            	3.05141466e+02
1474            	3.05141466e+02
1475            	3.05141466e+02
1476            	3.05141466e+02
1477            	3.05141467e+02
1478            	3.05141467e+02
1479            	3.05141467e+02
1480            	3.05141468e+02
1481            	3.05141468e+02
1482            	3.05141469e+02
1483            	3.05141469e+02
1484            	3.05141470e+02
1485            	3.05141470e+02
1486            	3.05141470e+02
1487            	3.05141471e+02
1488            	3.05141471e+02
1489            	3.05141471e+02
1490            	3.05141472e+02
1491            	3.05141472e+02
1492            	3.05141472e+02
1493            	3.05141472e+02
1494            	3.05141472e+02
1495            	3.05141472e+02
1496            	3.05141472e+02
1497            	3.05141472e+02
1498            	3.05141472e+02
1499            	3.05141472e+02
1500            	3.05141472e+02
1501            	3.05141472e+02
1502            	3.05141472e+02
1503            	3.05141472e+02
1504            	3.05141472e+02
1505            	3.05141472e+02
1506            	3.05141471e+02
1507            	3.05141471e+02
1508            	3.05141471e+02
1509            	3.05141470e+02
1510            	3.05141470e+02
1511            	3.05141469e+02
1512            	3.05141468e+02
1513            	3.05141468e+02
1514            	3.05141467e+02
1515            	3.05141466e+02
1516            	3.05141466e+02
1517            	3.05141465e+02
1518            	3.05141465e+02
1519            	3.05141465e+02
1520            	3.05141465e+02
1521            	3.05141465e+02
1522            	3.05141465e+02
1523            	3.05141465e+02
1524            	3.05141466e+02
1525            	3.05141467e+02
1526            	3.05141468e+02
1527            	3.05141469e+02
1528            	3.05141470e+02
1529            	3.05141472e+02
1530            	3.05141473e+02
1531            	3.05141475e+02
1532            	3.05141476e+02
1533            	3.05141477e+02
1534            	3.05141479e+02
1535            	3.05141480e+02
1536            	3.05141481e+02
1537            	3.05141481e+02
1538            	3.05141482e+02
1539            	3.05141482e+02
1540            	3.05141482e+02
1541            	3.05141482e+02
1542            	3.05141482e+02
1543            	3.05141481e+02
1544            	3.05141481e+02
1545            	3.05141480e+02
1546            	3.05141480e+02
1547            	3.05141480e+02
1548            	3.05141479e+02
1549            	3.05141479e+02
1550            	3.05141479e+02
1551            	3.05141480e+02
1552            	3.05141480e+02
1553            	3.05141480e+02
1554            	3.05141481e+02
1555            	3.05141481e+02
1556            	3.05141482e+02
1557            	3.05141482e+02
1558            	3.05141482e+02
1559            	3.05141482e+02
1560            	3.05141482e+02
1561            	3.05141482e+02
1562            	3.05141482e+02
1563            	3.05141481e+02
1564            	3.05141481e+02
1565            	3.05141480e+02
1566            	3.05141480e+02
1567            	3.05141479e+02
1568            	3.05141479e+02
1569            	3.05141479e+02
1570            	3.05141479e+02
1571            	3.05141479e+02
1572            	3.05141479e+02
1573            	3.05141479e+02
1574            	3.05141479e+02
1575            	3.05141480e+02
1576            	3.05141481e+02
1577            	3.05141482e+02
1578            	3.05141483e+02
1579            	3.05141483e+02
1580            	3.05141484e+02
1581            	3.05141485e+02
1582            	3.05141486e+02
1583            	3.05141486e+02
1584            	3.05141487e+02
1585            	3.05141487e+02
1586            	3.05141488e+02
1587            	3.05141488e+02
1588            	3.05141488e+02
1589            	3.05141489e+02
1590            	3.05141489e+02
1591            	3.05141489e+02
1592            	3.05141489e+02
1593            	3.05141488e+02
1594            	3.05141488e+02
1595            	3.05141488e+02
1596            	3.05141488e+02
1597            	3.05141487e+02
1598            	3.05141487e+02
1599            	3.05141486e+02
1600            	3.05141485e+02
1601            	3.05141485e+02
1602            	3.05141484e+02
1603            	3.05141483e+02
1604            	3.05141483e+02
1605            	3.05141482e+02
1606            	3.05141482e+02
1607            	3.05141481e+02
1608            	3.05141480e+02
1609            	3.05141480e+02
1610            	3.05141479e+02
1611            	3.05141479e+02
1612            	3.05141478e+02
1613            	3.05141478e+02
1614            	3.05141477e+02
1615            	3.05141476e+02
1616            	3.05141476e+02
1617            	3.05141475e+02
1618            	3.05141475e+02
1619            	3.05141475e+02
1620            	3.05141474e+02
1621            	3.05141474e+02
1622            	3.05141474e+02
1623            	3.05141474e+02
1624            	3.05141474e+02
1625            	3.05141474e+02
1626            	3.05141474e+02
1627            	3.05141475e+02
1628            	3.05141475e+02
1629            	3.05141476e+02
1630            	3.05141476e+02
1631            	3.05141477e+02
1632            	3.05141478e+02
1633            	3.05141479e+02
1634            	3.05141479e+02
1635            	3.05141480e+02
1636            	3.05141481e+02
1637            	3.05141481e+02
1638            	3.05141482e+02
1639            	3.05141483e+02
1640            	3.05141483e+02
1641            	3.05141483e+02
1642            	3.05141484e+02
1643            	3.05141484e+02
1644            	3.05141484e+02
1645            	3.05141484e+02
1646            	3.05141484e+02
1647            	3.05141484e+02
1648            	3.05141484e+02
1649            	3.05141484e+02
1650            	3.05141483e+02
1651            	3.05141483e+02
1652            	3.05141483e+02
1653            	3.05141482e+02
1654            	3.05141482e+02
1655            	3.05141482e+02
1656            	3.05141481e+02
1657            	3.05141481e+02
1658            	3.05141480e+02
1659            	3.05141480e+02
1660            	3.05141480e+02
1661            	3.05141479e+02
1662            	3.05141479e+02
1663            	3.05141479e+02
1664            	3.05141478e+02
1665            	3.05141478e+02
1666            	3.05141477e+02
1667            	3.05141477e+02
1668            	3.05141476e+02
1669            	3.05141476e+02
1670            	3.05141476e+02
1671            	3.05141475e+02
1672            	3.05141475e+02
1673            	3.05141474e+02
1674            	3.05141474e+02
1675            	3.05141474e+02
1676            	3.05141474e+02
1677            	3.05141474e+02
1678            	3.05141474e+02
1679            	3.05141474e+02
1680            	3.05141474e+02
1681            	3.05141474e+02
1682            	3.05141474e+02
1683            	3.05141474e+02
1684            	3.05141474e+02
1685            	3.05141474e+02
1686            	3.05141474e+02
1687            	3.05141474e+02
1688            	3.05141475e+02
1689            	3.05141475e+02
1690            	3.05141475e+02
1691            	3.05141476e+02
1692            	3.05141476e+02
1693            	3.05141477e+02
1694            	3.05141478e+02
1695            	3.05141479e+02
1696            	3.05141479e+02
1697            	3.05141480e+02
1698            	3.05141480e+02
1699            	3.05141480e+02
1700            	3.05141480e+02
1701            	3.05141480e+02
1702            	3.05141480e+02
1703            	3.05141480e+02
1704            	3.05141480e+02
1705            	3.05141479e+02
1706            	3.05141479e+02
1707            	3.05141478e+02
1708            	3.05141478e+02
1709            	3.05141477e+02
1710            	3.05141477e+02
1711            	3.05141476e+02
1712            	3.05141476e+02
1713            	3.05141476e+02
1714            	3.05141475e+02
1715            	3.05141475e+02
1716            	3.05141475e+02
1717            	3.05141476e+02
1718            	3.05141476e+02
1719            	3.05141476e+02
1720            	3.05141476e+02
1721            	3.05141476e+02
1722            	3.05141476e+02
1723            	3.05141476e+02
1724            	3.05141476e+02
1725            	3.05141476e+02
1726            	3.05141476e+02
1727            	3.05141476e+02
1728            	3.05141476e+02
1729            	3.05141475e+02
1730            	3.05141475e+02
1731            	3.05141475e+02
1732            	3.05141475e+02
1733            	3.05141474e+02
1734            	3.05141474e+02
1735            	3.05141474e+02
1736            	3.05141474e+02
1737            	3.05141474e+02
1738            	3.05141474e+02
1739            	3.05141475e+02
1740            	3.05141475e+02
1741            	3.05141475e+02
1742            	3.05141476e+02
1743            	3.05141477e+02
1744            	3.05141477e+02
1745            	3.05141478e+02
1746            	3.05141478e+02
1747            	3.05141479e+02
1748            	3.05141480e+02
1749            	3.05141480e+02
1750            	3.05141481e+02
1751            	3.05141481e+02
1752            	3.05141482e+02
1753            	3.05141482e+02
1754            	3.05141483e+02
1755            	3.05141483e+02
1756            	3.05141483e+02
1757            	3.05141484e+02
1758            	3.05141484e+02
1759            	3.05141485e+02
1760            	3.05141485e+02
1761            	3.05141486e+02
1762            	3.05141486e+02
1763            	3.05141487e+02
1764            	3.05141487e+02
1765            	3.05141488e+02
1766            	3.05141488e+02
1767            	3.05141488e+02
1768            	3.05141489e+02
1769            	3.05141489e+02
1770            	3.05141489e+02
1771            	3.05141489e+02
1772            	3.05141488e+02
1773            	3.05141488e+02
1774            	3.05141487e+02
1775            	3.05141487e+02
1776            	3.05141486e+02
1777            	3.05141485e+02
1778            	3.05141484e+02
1779            	3.05141483e+02
1780            	3.05141482e+02
1781            	3.05141481e+02
1782            	3.05141480e+02
1783            	3.05141479e+02
1784            	3.05141478e+02
1785            	3.05141478e+02
1786            	3.05141477e+02
1787            	3.05141477e+02
1788            	3.05141477e+02
1789            	3.05141477e+02
1790            	3.05141476e+02
1791            	3.05141476e+02
1792            	3.05141476e+02
1793            	3.05141476e+02
1794            	3.05141476e+02
1795            	3.05141476e+02
1796            	3.05141476e+02
1797            	3.05141476e+02
1798            	3.05141476e+02
1799            	3.05141476e+02
1800            	3.05141476e+02
1801            	3.05141476e+02
1802            	3.05141476e+02
1803            	3.05141476e+02
1804            	3.05141477e+02
1805            	3.05141477e+02
1806            	3.05141477e+02
1807            	3.05141477e+02
1808            	3.05141478e+02
1809            	3.05141478e+02
1810            	3.05141479e+02
1811            	3.05141479e+02
1812            	3.05141480e+02
1813            	3.05141480e+02
1814            	3.05141481e+02
1815            	3.05141481e+02
1816            	3.05141482e+02
1817            	3.05141482e+02
1818            	3.05141482e+02
1819            	3.05141482e+02
1820            	3.05141482e+02
1821            	3.05141482e+02
1822            	3.05141482e+02
1823            	3.05141482e+02
1824            	3.05141482e+02
1825            	3.05141482e+02
1826            	3.05141482e+02
1827            	3.05141482e+02
1828            	3.05141481e+02
1829            	3.05141481e+02
1830            	3.05141481e+02
1831            	3.05141481e+02
1832            	3.05141480e+02
1833            	3.05141480e+02
1834            	3.05141480e+02
1835            	3.05141480e+02
1836            	3.05141479e+02
1837            	3.05141479e+02
1838            	3.05141479e+02
1839            	3.05141479e+02
1840            	3.05141479e+02
1841            	3.05141479e+02
1842            	3.05141479e+02
1843            	3.05141478e+02
1844            	3.05141478e+02
1845            	3.05141478e+02
1846            	3.05141478e+02
1847            	3.05141478e+02
1848            	3.05141478e+02
1849            	3.05141478e+02
1850            	3.05141478e+02
1851            	3.05141478e+02
1852            	3.05141478e+02
1853            	3.05141477e+02
1854            	3.05141477e+02
1855            	3.05141477e+02
1856            	3.05141477e+02
1857            	3.05141477e+02
1858            	3.05141476e+02
1859            	3.05141476e+02
1860            	3.05141476e+02
1861            	3.05141476e+02
1862            	3.05141476e+02
1863            	3.05141476e+02
1864            	3.05141476e+02
1865            	3.05141476e+02
1866            	3.05141476e+02
1867            	3.05141476e+02
1868            	3.05141476e+02
1869            	3.05141476e+02
1870            	3.05141476e+02
1871            	3.05141476e+02
1872            	3.05141476e+02
1873            	3.05141476e+02
1874            	3.05141476e+02
1875            	3.05141476e+02
1876            	3.05141477e+02
1877            	3.05141477e+02
1878            	3.05141477e+02
1879            	3.05141477e+02
1880            	3.05141477e+02
1881            	3.05141477e+02
1882            	3.05141478e+02
1883            	3.05141478e+02
1884            	3.05141478e+02
1885            	3.05141478e+02
1886            	3.05141479e+02
1887            	3.05141479e+02
1888            	3.05141479e+02
1889            	3.05141479e+02
1890            	3.05141479e+02
1891            	3.05141480e+02
1892            	3.05141480e+02
1893            	3.05141480e+02
1894            	3.05141480e+02
1895            	3.05141480e+02
1896            	3.05141480e+02
1897            	3.05141480e+02
1898            	3.05141480e+02
1899            	3.05141480e+02
1900            	3.05141480e+02
1901            	3.05141480e+02
1902            	3.05141480e+02
1903            	3.05141480e+02
1904            	3.05141479e+02
1905            	3.05141479e+02
1906            	3.05141479e+02
1907            	3.05141479e+02
1908            	3.05141479e+02
1909            	3.05141479e+02
1910            	3.05141479e+02
1911            	3.05141478e+02
1912            	3.05141478e+02
1913            	3.05141478e+02
1914            	3.05141478e+02
1915            	3.05141478e+02
1916            	3.05141478e+02
1917            	3.05141478e+02
1918            	3.05141478e+02
1919            	3.05141478e+02
1920            	3.05141478e+02
1921            	3.05141478e+02
1922            	3.05141478e+02
1923            	3.05141478e+02
1924            	3.05141478e+02
1925            	3.05141478e+02
1926            	3.05141478e+02
1927            	3.05141478e+02
1928            	3.05141478e+02
1929            	3.05141478e+02
1930            	3.05141478e+02
1931            	3.05141478e+02
1932            	3.05141478e+02
1933            	3.05141478e+02
1934            	3.05141477e+02
1935            	3.05141477e+02
1936            	3.05141477e+02
1937            	3.05141477e+02
1938            	3.05141477e+02
1939            	3.05141477e+02
1940            	3.05141477e+02
1941            	3.05141477e+02
1942            	3.05141477e+02
1943            	3.05141476e+02
1944            	3.05141476e+02
1945            	3.05141476e+02
1946            	3.05141476e+02
1947            	3.05141476e+02
1948            	3.05141475e+02
1949            	3.05141475e+02
1950            	3.05141475e+02
1951            	3.05141475e+02
1952            	3.05141474e+02
1953            	3.05141474e+02
1954            	3.05141474e+02
1955            	3.05141473e+02
1956            	3.05141473e+02
1957            	3.05141473e+02
1958            	3.05141473e+02
1959            	3.05141472e+02
1960            	3.05141472e+02
1961            	3.05141472e+02
1962            	3.05141472e+02
1963            	3.05141471e+02
1964            	3.05141471e+02
1965            	3.05141471e+02
1966            	3.05141471e+02
1967            	3.05141471e+02
1968            	3.05141471e+02
1969            	3.05141471e+02
1970            	3.05141471e+02
1971            	3.05141471e+02
1972            	3.05141471e+02
1973            	3.05141471e+02
1974            	3.05141471e+02
1975            	3.05141471e+02
1976            	3.05141471e+02
1977            	3.05141472e+02
1978            	3.05141472e+02
1979            	3.05141472e+02
1980            	3.05141472e+02
1981            	3.05141472e+02
1982            	3.05141472e+02
1983            	3.05141473e+02
1984            	3.05141473e+02
1985            	3.05141473e+02
1986            	3.05141473e+02
1987            	3.05141473e+02
1988            	3.05141473e+02
1989            	3.05141474e+02
1990            	3.05141474e+02
1991            	3.05141474e+02
1992            	3.05141474e+02
1993            	3.05141474e+02
1994            	3.05141474e+02
1995            	3.05141474e+02
1996            	3.05141474e+02
1997            	3.05141474e+02
1998            	3.05141474e+02
1999            	3.05141474e+02
2000            	3.05141474e+02
