# Region        : cellZone component_0
# Cells         : 64
# Volume        : 1.16030268e-01
# Time          	volAverage(T)
1               	3.03305455e+02
2               	3.06487825e+02
3               	3.08597877e+02
4               	3.10086106e+02
5               	3.11755360e+02
6               	3.13735334e+02
7               	3.15655409e+02
8               	3.17266311e+02
9               	3.18716862e+02
10              	3.20227287e+02
11              	3.21653270e+02
12              	3.22895272e+02
13              	3.24012556e+02
14              	3.25021049e+02
15              	3.25934203e+02
16              	3.26773992e+02
17              	3.27566287e+02
18              	3.28385338e+02
19              	3.29232346e+02
20              	3.29992063e+02
21              	3.30611491e+02
22              	3.31248693e+02
23              	3.31924848e+02
24              	3.32725324e+02
25              	3.33486225e+02
26              	3.34191588e+02
27              	3.34843605e+02
28              	3.35435434e+02
29              	3.35938163e+02
30              	3.36361153e+02
31              	3.36728551e+02
32              	3.37035669e+02
33              	3.37280798e+02
34              	3.37550137e+02
35              	3.37912943e+02
36              	3.38419627e+02
37              	3.39056900e+02
38              	3.39668751e+02
39              	3.40124705e+02
40              	3.40445558e+02
41              	3.40573244e+02
42              	3.40530720e+02
43              	3.40703146e+02
44              	3.41012125e+02
45              	3.41275362e+02
46              	3.41432235e+02
47              	3.41562617e+02
48              	3.41635942e+02
49              	3.41719866e+02
50              	3.41823191e+02
51              	3.41949942e+02
52              	3.42080281e+02
53              	3.42295858e+02
54              	3.42587888e+02
55              	3.43002631e+02
56              	3.43417167e+02
57              	3.43885952e+02
58              	3.44276583e+02
59              	3.44641251e+02
60              	3.44916396e+02
61              	3.45186707e+02
62              	3.45356060e+02
63              	3.45464507e+02
64              	3.45548500e+02
65              	3.45736452e+02
66              	3.46036802e+02
67              	3.46236698e+02
68              	3.46395529e+02
69              	3.46470920e+02
70              	3.46521026e+02
71              	3.46487989e+02
72              	3.46414809e+02
73              	3.46366538e+02
74              	3.46311795e+02
75              	3.46298147e+02
76              	3.46235014e+02
77              	3.46208973e+02
78              	3.46247021e+02
79              	3.46418972e+02
80              	3.46601764e+02
81              	3.46716768e+02
82              	3.46813976e+02
83              	3.46859126e+02
84              	3.46870921e+02
85              	3.46873301e+02
86              	3.46845853e+02
87              	3.46830463e+02
88              	3.46786107e+02
89              	3.46697157e+02
90              	3.46543861e+02
91              	3.46425949e+02
92              	3.46365752e+02
93              	3.46360798e+02
94              	3.46334831e+02
95              	3.46401630e+02
96              	3.46469699e+02
97              	3.46597669e+02
98              	3.46584738e+02
99              	3.46595759e+02
100             	3.46661552e+02
101             	3.46747742e+02
102             	3.46868814e+02
103             	3.47024167e+02
104             	3.47147061e+02
105             	3.47209025e+02
106             	3.47237176e+02
107             	3.47280005e+02
108             	3.47329456e+02
109             	3.47397772e+02
110             	3.47475527e+02
111             	3.47564241e+02
112             	3.47664449e+02
113             	3.47774705e+02
114             	3.47887555e+02
115             	3.48017364e+02
116             	3.48152363e+02
117             	3.48327456e+02
118             	3.48550543e+02
119             	3.48817425e+02
120             	3.49034425e+02
121             	3.49250735e+02
122             	3.49467255e+02
123             	3.49563315e+02
124             	3.49604081e+02
125             	3.49570237e+02
126             	3.49512155e+02
127             	3.49417801e+02
128             	3.49304552e+02
129             	3.49203667e+02
130             	3.49141306e+02
131             	3.49119083e+02
132             	3.49171320e+02
133             	3.49255627e+02
134             	3.49391134e+02
135             	3.49543841e+02
136             	3.49683852e+02
137             	3.49765736e+02
138             	3.49806905e+02
139             	3.49822913e+02
140             	3.49803669e+02
141             	3.49807343e+02
142             	3.49824093e+02
143             	3.49819174e+02
144             	3.49788232e+02
145             	3.49774213e+02
146             	3.49778578e+02
147             	3.49788978e+02
148             	3.49806196e+02
149             	3.49824749e+02
150             	3.49853073e+02
151             	3.49859158e+02
152             	3.49914220e+02
153             	3.49951131e+02
154             	3.50039829e+02
155             	3.50147192e+02
156             	3.50314855e+02
157             	3.50470369e+02
158             	3.50562273e+02
159             	3.50672907e+02
160             	3.50774430e+02
161             	3.50805142e+02
162             	3.50777267e+02
163             	3.50703897e+02
164             	3.50599357e+02
165             	3.50479366e+02
166             	3.50360841e+02
167             	3.50258940e+02
168             	3.50155633e+02
169             	3.50166963e+02
170             	3.50239023e+02
171             	3.50372399e+02
172             	3.50507879e+02
173             	3.50604220e+02
174             	3.50751055e+02
175             	3.50910440e+02
176             	3.51032844e+02
177             	3.51064364e+02
178             	3.51104758e+02
179             	3.51106298e+02
180             	3.51144339e+02
181             	3.51177063e+02
182             	3.51221156e+02
183             	3.51257074e+02
184             	3.51278051e+02
185             	3.51288921e+02
186             	3.51300330e+02
187             	3.51310008e+02
188             	3.51320429e+02
189             	3.51301094e+02
190             	3.51322782e+02
191             	3.51349874e+02
192             	3.51456187e+02
193             	3.51594394e+02
194             	3.51679048e+02
195             	3.51740872e+02
196             	3.51804522e+02
197             	3.51900631e+02
198             	3.51979025e+02
199             	3.52009609e+02
200             	3.51982044e+02
201             	3.51898524e+02
202             	3.51782925e+02
203             	3.51658209e+02
204             	3.51543178e+02
205             	3.51470164e+02
206             	3.51434842e+02
207             	3.51395762e+02
208             	3.51382864e+02
209             	3.51412850e+02
210             	3.51480827e+02
211             	3.51555816e+02
212             	3.51607002e+02
213             	3.51652691e+02
214             	3.51694892e+02
215             	3.51737754e+02
216             	3.51797738e+02
217             	3.51771400e+02
218             	3.51779412e+02
219             	3.51762779e+02
220             	3.51779805e+02
221             	3.51825613e+02
222             	3.51892286e+02
223             	3.51895121e+02
224             	3.51920642e+02
225             	3.51960430e+02
226             	3.51987558e+02
227             	3.51994910e+02
228             	3.51992526e+02
229             	3.51995012e+02
230             	3.51990136e+02
231             	3.51959560e+02
232             	3.51930778e+02
233             	3.51895280e+02
234             	3.51853131e+02
235             	3.51827578e+02
236             	3.51809681e+02
237             	3.51807062e+02
238             	3.51808388e+02
239             	3.51828116e+02
240             	3.51863451e+02
241             	3.51884630e+02
242             	3.51906462e+02
243             	3.51926156e+02
244             	3.51962547e+02
245             	3.51999745e+02
246             	3.51994914e+02
247             	3.52037528e+02
248             	3.52061174e+02
249             	3.52092767e+02
250             	3.52121098e+02
251             	3.52159364e+02
252             	3.52166075e+02
253             	3.52160198e+02
254             	3.52154885e+02
255             	3.52131193e+02
256             	3.52095069e+02
257             	3.52060783e+02
258             	3.52041370e+02
259             	3.51983899e+02
260             	3.51968373e+02
261             	3.51990738e+02
262             	3.52055776e+02
263             	3.52078768e+02
264             	3.52115618e+02
265             	3.52183754e+02
266             	3.52262657e+02
267             	3.52286268e+02
268             	3.52313580e+02
269             	3.52325821e+02
270             	3.52327629e+02
271             	3.52294576e+02
272             	3.52276079e+02
273             	3.52267052e+02
274             	3.52269577e+02
275             	3.52223082e+02
276             	3.52195946e+02
277             	3.52195094e+02
278             	3.52198289e+02
279             	3.52218799e+02
280             	3.52250128e+02
281             	3.52290836e+02
282             	3.52296237e+02
283             	3.52325005e+02
284             	3.52390076e+02
285             	3.52392991e+02
286             	3.52383561e+02
287             	3.52399773e+02
288             	3.52437315e+02
289             	3.52463813e+02
290             	3.52467536e+02
291             	3.52443401e+02
292             	3.52433064e+02
293             	3.52435322e+02
294             	3.52449100e+02
295             	3.52415498e+02
296             	3.52429400e+02
297             	3.52455448e+02
298             	3.52475795e+02
299             	3.52500635e+02
300             	3.52536135e+02
301             	3.52551935e+02
302             	3.52550358e+02
303             	3.52570684e+02
304             	3.52604146e+02
305             	3.52620995e+02
306             	3.52619872e+02
307             	3.52561137e+02
308             	3.52556251e+02
309             	3.52529742e+02
310             	3.52532284e+02
311             	3.52574223e+02
312             	3.52574262e+02
313             	3.52598407e+02
314             	3.52632908e+02
315             	3.52652464e+02
316             	3.52657938e+02
317             	3.52676358e+02
318             	3.52681756e+02
319             	3.52668892e+02
320             	3.52602885e+02
321             	3.52557813e+02
322             	3.52520108e+02
323             	3.52518498e+02
324             	3.52541058e+02
325             	3.52584587e+02
326             	3.52641125e+02
327             	3.52637133e+02
328             	3.52664365e+02
329             	3.52715112e+02
330             	3.52754682e+02
331             	3.52742401e+02
332             	3.52739069e+02
333             	3.52748483e+02
334             	3.52697976e+02
335             	3.52661721e+02
336             	3.52644481e+02
337             	3.52635254e+02
338             	3.52627429e+02
339             	3.52619669e+02
340             	3.52628584e+02
341             	3.52633359e+02
342             	3.52641727e+02
343             	3.52661764e+02
344             	3.52690035e+02
345             	3.52719985e+02
346             	3.52751139e+02
347             	3.52713716e+02
348             	3.52703421e+02
349             	3.52731362e+02
350             	3.52705914e+02
351             	3.52690607e+02
352             	3.52688105e+02
353             	3.52701966e+02
354             	3.52714653e+02
355             	3.52699648e+02
356             	3.52685028e+02
357             	3.52665852e+02
358             	3.52655920e+02
359             	3.52622478e+02
360             	3.52614338e+02
361             	3.52634032e+02
362             	3.52660056e+02
363             	3.52691965e+02
364             	3.52737901e+02
365             	3.52719771e+02
366             	3.52730308e+02
367             	3.52759252e+02
368             	3.52803301e+02
369             	3.52783287e+02
370             	3.52778950e+02
371             	3.52796083e+02
372             	3.52817283e+02
373             	3.52830051e+02
374             	3.52838507e+02
375             	3.52838467e+02
376             	3.52835111e+02
377             	3.52837838e+02
378             	3.52842481e+02
379             	3.52845893e+02
380             	3.52806004e+02
381             	3.52803403e+02
382             	3.52823442e+02
383             	3.52843511e+02
384             	3.52809998e+02
385             	3.52812911e+02
386             	3.52842630e+02
387             	3.52883341e+02
388             	3.52855626e+02
389             	3.52848774e+02
390             	3.52862385e+02
391             	3.52880706e+02
392             	3.52875179e+02
393             	3.52848068e+02
394             	3.52829780e+02
395             	3.52819022e+02
396             	3.52804683e+02
397             	3.52743309e+02
398             	3.52712452e+02
399             	3.52706618e+02
400             	3.52706270e+02
401             	3.52710861e+02
402             	3.52726585e+02
403             	3.52751154e+02
404             	3.52763443e+02
405             	3.52775939e+02
406             	3.52796576e+02
407             	3.52760380e+02
408             	3.52751071e+02
409             	3.52767877e+02
410             	3.52742203e+02
411             	3.52742036e+02
412             	3.52762559e+02
413             	3.52783842e+02
414             	3.52807171e+02
415             	3.52810645e+02
416             	3.52802264e+02
417             	3.52802281e+02
418             	3.52811997e+02
419             	3.52769122e+02
420             	3.52752128e+02
421             	3.52756526e+02
422             	3.52762479e+02
423             	3.52765251e+02
424             	3.52760833e+02
425             	3.52754739e+02
426             	3.52753327e+02
427             	3.52760200e+02
428             	3.52767285e+02
429             	3.52775326e+02
430             	3.52795438e+02
431             	3.52813232e+02
432             	3.52765721e+02
433             	3.52763367e+02
434             	3.52788287e+02
435             	3.52817674e+02
436             	3.52850019e+02
437             	3.52821740e+02
438             	3.52826119e+02
439             	3.52849338e+02
440             	3.52885643e+02
441             	3.52916798e+02
442             	3.52922168e+02
443             	3.52864569e+02
444             	3.52844012e+02
445             	3.52854312e+02
446             	3.52876294e+02
447             	3.52898072e+02
448             	3.52883687e+02
449             	3.52873597e+02
450             	3.52870195e+02
451             	3.52860680e+02
452             	3.52847705e+02
453             	3.52838807e+02
454             	3.52842805e+02
455             	3.52796145e+02
456             	3.52783961e+02
457             	3.52807897e+02
458             	3.52847969e+02
459             	3.52877464e+02
460             	3.52886590e+02
461             	3.52899006e+02
462             	3.52909114e+02
463             	3.52921569e+02
464             	3.52875904e+02
465             	3.52860605e+02
466             	3.52874180e+02
467             	3.52901692e+02
468             	3.52928079e+02
469             	3.52880053e+02
470             	3.52863164e+02
471             	3.52872914e+02
472             	3.52881660e+02
473             	3.52890367e+02
474             	3.52889411e+02
475             	3.52879521e+02
476             	3.52874992e+02
477             	3.52876858e+02
478             	3.52871482e+02
479             	3.52881006e+02
480             	3.52840703e+02
481             	3.52828077e+02
482             	3.52844207e+02
483             	3.52876546e+02
484             	3.52848886e+02
485             	3.52843444e+02
486             	3.52865070e+02
487             	3.52890812e+02
488             	3.52894529e+02
489             	3.52896248e+02
490             	3.52905614e+02
491             	3.52852582e+02
492             	3.52826615e+02
493             	3.52831209e+02
494             	3.52841764e+02
495             	3.52850982e+02
496             	3.52853420e+02
497             	3.52850349e+02
498             	3.52850796e+02
499             	3.52870331e+02
500             	3.52829299e+02
501             	3.52815537e+02
502             	3.52825691e+02
503             	3.52866198e+02
504             	3.52895173e+02
505             	3.52846828e+02
506             	3.52826617e+02
507             	3.52847136e+02
508             	3.52827600e+02
509             	3.52819241e+02
510             	3.52816299e+02
511             	3.52827958e+02
512             	3.52841751e+02
513             	3.52836433e+02
514             	3.52825647e+02
515             	3.52783224e+02
516             	3.52776113e+02
517             	3.52788123e+02
518             	3.52809420e+02
519             	3.52788199e+02
520             	3.52794126e+02
521             	3.52818746e+02
522             	3.52836707e+02
523             	3.52837528e+02
524             	3.52848929e+02
525             	3.52861721e+02
526             	3.52862541e+02
527             	3.52862344e+02
528             	3.52806616e+02
529             	3.52781657e+02
530             	3.52786854e+02
531             	3.52808115e+02
532             	3.52830799e+02
533             	3.52858678e+02
534             	3.52828336e+02
535             	3.52825592e+02
536             	3.52850785e+02
537             	3.52886454e+02
538             	3.52859736e+02
539             	3.52853710e+02
540             	3.52876483e+02
541             	3.52895315e+02
542             	3.52913230e+02
543             	3.52924968e+02
544             	3.52919476e+02
545             	3.52907776e+02
546             	3.52907966e+02
547             	3.52917163e+02
548             	3.52866773e+02
549             	3.52849471e+02
550             	3.52859993e+02
551             	3.52888493e+02
552             	3.52905697e+02
553             	3.52923524e+02
554             	3.52879003e+02
555             	3.52871060e+02
556             	3.52892061e+02
557             	3.52924570e+02
558             	3.52957475e+02
559             	3.52913111e+02
560             	3.52897442e+02
561             	3.52914715e+02
562             	3.52938167e+02
563             	3.52955358e+02
564             	3.52906285e+02
565             	3.52882236e+02
566             	3.52895860e+02
567             	3.52926116e+02
568             	3.52890140e+02
569             	3.52866186e+02
570             	3.52871620e+02
571             	3.52889641e+02
572             	3.52900505e+02
573             	3.52902082e+02
574             	3.52898828e+02
575             	3.52903325e+02
576             	3.52911113e+02
577             	3.52856921e+02
578             	3.52838364e+02
579             	3.52850912e+02
580             	3.52871862e+02
581             	3.52880781e+02
582             	3.52886748e+02
583             	3.52892465e+02
584             	3.52856936e+02
585             	3.52847435e+02
586             	3.52863317e+02
587             	3.52894341e+02
588             	3.52864252e+02
589             	3.52858709e+02
590             	3.52882043e+02
591             	3.52919889e+02
592             	3.52887915e+02
593             	3.52876415e+02
594             	3.52880793e+02
595             	3.52896348e+02
596             	3.52921764e+02
597             	3.52874540e+02
598             	3.52848678e+02
599             	3.52851465e+02
600             	3.52867777e+02
601             	3.52826456e+02
602             	3.52817374e+02
603             	3.52832780e+02
604             	3.52847379e+02
605             	3.52859635e+02
606             	3.52872586e+02
607             	3.52893350e+02
608             	3.52851316e+02
609             	3.52837837e+02
610             	3.52854240e+02
611             	3.52877552e+02
612             	3.52888573e+02
613             	3.52903686e+02
614             	3.52917012e+02
615             	3.52864147e+02
616             	3.52842834e+02
617             	3.52853812e+02
618             	3.52873250e+02
619             	3.52894790e+02
620             	3.52904006e+02
621             	3.52903382e+02
622             	3.52911580e+02
623             	3.52913828e+02
624             	3.52924893e+02
625             	3.52933698e+02
626             	3.52934934e+02
627             	3.52933231e+02
628             	3.52938287e+02
629             	3.52884369e+02
630             	3.52865176e+02
631             	3.52874169e+02
632             	3.52890442e+02
633             	3.52909101e+02
634             	3.52860862e+02
635             	3.52842106e+02
636             	3.52856095e+02
637             	3.52882586e+02
638             	3.52903378e+02
639             	3.52916144e+02
640             	3.52862293e+02
641             	3.52843730e+02
642             	3.52860694e+02
643             	3.52885094e+02
644             	3.52895238e+02
645             	3.52904703e+02
646             	3.52852905e+02
647             	3.52833283e+02
648             	3.52845995e+02
649             	3.52866832e+02
650             	3.52828912e+02
651             	3.52814156e+02
652             	3.52821661e+02
653             	3.52835483e+02
654             	3.52849469e+02
655             	3.52867760e+02
656             	3.52819759e+02
657             	3.52803131e+02
658             	3.52815434e+02
659             	3.52835347e+02
660             	3.52844661e+02
661             	3.52850990e+02
662             	3.52858752e+02
663             	3.52869467e+02
664             	3.52819441e+02
665             	3.52802649e+02
666             	3.52818588e+02
667             	3.52841799e+02
668             	3.52859532e+02
669             	3.52871748e+02
670             	3.52820477e+02
671             	3.52803819e+02
672             	3.52822217e+02
673             	3.52848813e+02
674             	3.52872227e+02
675             	3.52886852e+02
676             	3.52898863e+02
677             	3.52846556e+02
678             	3.52828202e+02
679             	3.52838294e+02
680             	3.52856819e+02
681             	3.52872546e+02
682             	3.52887224e+02
683             	3.52835704e+02
684             	3.52817538e+02
685             	3.52828789e+02
686             	3.52847618e+02
687             	3.52864338e+02
688             	3.52881409e+02
689             	3.52832030e+02
690             	3.52815241e+02
691             	3.52827740e+02
692             	3.52848176e+02
693             	3.52867092e+02
694             	3.52822065e+02
695             	3.52807348e+02
696             	3.52825086e+02
697             	3.52849942e+02
698             	3.52870930e+02
699             	3.52883826e+02
700             	3.52833132e+02
701             	3.52817242e+02
702             	3.52833745e+02
703             	3.52858108e+02
704             	3.52880010e+02
705             	3.52898803e+02
706             	3.52847060e+02
707             	3.52828981e+02
708             	3.52846664e+02
709             	3.52872772e+02
710             	3.52896104e+02
711             	3.52914082e+02
712             	3.52861802e+02
713             	3.52843020e+02
714             	3.52859695e+02
715             	3.52884168e+02
716             	3.52904878e+02
717             	3.52919756e+02
718             	3.52864088e+02
719             	3.52842442e+02
720             	3.52856649e+02
721             	3.52878437e+02
722             	3.52893876e+02
723             	3.52902390e+02
724             	3.52912531e+02
725             	3.52858876e+02
726             	3.52839146e+02
727             	3.52848557e+02
728             	3.52865324e+02
729             	3.52879948e+02
730             	3.52894224e+02
731             	3.52842081e+02
732             	3.52822431e+02
733             	3.52832076e+02
734             	3.52855514e+02
735             	3.52874925e+02
736             	3.52890500e+02
737             	3.52839951e+02
738             	3.52823273e+02
739             	3.52836060e+02
740             	3.52856222e+02
741             	3.52874273e+02
742             	3.52891505e+02
743             	3.52841516e+02
744             	3.52823873e+02
745             	3.52834538e+02
746             	3.52852561e+02
747             	3.52870998e+02
748             	3.52885807e+02
749             	3.52833437e+02
750             	3.52813860e+02
751             	3.52823954e+02
752             	3.52841787e+02
753             	3.52858312e+02
754             	3.52875421e+02
755             	3.52826262e+02
756             	3.52809837e+02
757             	3.52823573e+02
758             	3.52845010e+02
759             	3.52864559e+02
760             	3.52819179e+02
761             	3.52804248e+02
762             	3.52821736e+02
763             	3.52845781e+02
764             	3.52865408e+02
765             	3.52879878e+02
766             	3.52888060e+02
767             	3.52835172e+02
768             	3.52818019e+02
769             	3.52830287e+02
770             	3.52849242e+02
771             	3.52871671e+02
772             	3.52824638e+02
773             	3.52807330e+02
774             	3.52823802e+02
775             	3.52848911e+02
776             	3.52871219e+02
777             	3.52888693e+02
778             	3.52839854e+02
779             	3.52823778e+02
780             	3.52843038e+02
781             	3.52868790e+02
782             	3.52890830e+02
783             	3.52907426e+02
784             	3.52852601e+02
785             	3.52831275e+02
786             	3.52847146e+02
787             	3.52869673e+02
788             	3.52891694e+02
789             	3.52904337e+02
790             	3.52913308e+02
791             	3.52859424e+02
792             	3.52841946e+02
793             	3.52854907e+02
794             	3.52873467e+02
795             	3.52889438e+02
796             	3.52906790e+02
797             	3.52857164e+02
798             	3.52839331e+02
799             	3.52850437e+02
800             	3.52869728e+02
801             	3.52887353e+02
802             	3.52840745e+02
803             	3.52825100e+02
804             	3.52842041e+02
805             	3.52865735e+02
806             	3.52884955e+02
807             	3.52903658e+02
808             	3.52852440e+02
809             	3.52834360e+02
810             	3.52852331e+02
811             	3.52878808e+02
812             	3.52902522e+02
813             	3.52920716e+02
814             	3.52867934e+02
815             	3.52849005e+02
816             	3.52865716e+02
817             	3.52890424e+02
818             	3.52909416e+02
819             	3.52922956e+02
820             	3.52869673e+02
821             	3.52850935e+02
822             	3.52867753e+02
823             	3.52890913e+02
824             	3.52902914e+02
825             	3.52912437e+02
826             	3.52924707e+02
827             	3.52872948e+02
828             	3.52854730e+02
829             	3.52866152e+02
830             	3.52885413e+02
831             	3.52903021e+02
832             	3.52919453e+02
833             	3.52869422e+02
834             	3.52852121e+02
835             	3.52865354e+02
836             	3.52892611e+02
837             	3.52915229e+02
838             	3.52867787e+02
839             	3.52850887e+02
840             	3.52868523e+02
841             	3.52896322e+02
842             	3.52919682e+02
843             	3.52934757e+02
844             	3.52878437e+02
845             	3.52855952e+02
846             	3.52867479e+02
847             	3.52884626e+02
848             	3.52899629e+02
849             	3.52910586e+02
850             	3.52856876e+02
851             	3.52836391e+02
852             	3.52850600e+02
853             	3.52874453e+02
854             	3.52897332e+02
855             	3.52911946e+02
856             	3.52858457e+02
857             	3.52840616e+02
858             	3.52859229e+02
859             	3.52881880e+02
860             	3.52903328e+02
861             	3.52922059e+02
862             	3.52871619e+02
863             	3.52853509e+02
864             	3.52869981e+02
865             	3.52893970e+02
866             	3.52913634e+02
867             	3.52928241e+02
868             	3.52872960e+02
869             	3.52852050e+02
870             	3.52867297e+02
871             	3.52890878e+02
872             	3.52910853e+02
873             	3.52925465e+02
874             	3.52873659e+02
875             	3.52854805e+02
876             	3.52870945e+02
877             	3.52895337e+02
878             	3.52917432e+02
879             	3.52931228e+02
880             	3.52874561e+02
881             	3.52852361e+02
882             	3.52866284e+02
883             	3.52888134e+02
884             	3.52905631e+02
885             	3.52916892e+02
886             	3.52862215e+02
887             	3.52841476e+02
888             	3.52855496e+02
889             	3.52876783e+02
890             	3.52893431e+02
891             	3.52904581e+02
892             	3.52915424e+02
893             	3.52862513e+02
894             	3.52844706e+02
895             	3.52857353e+02
896             	3.52877750e+02
897             	3.52900018e+02
898             	3.52853246e+02
899             	3.52836033e+02
900             	3.52852075e+02
901             	3.52875475e+02
902             	3.52895313e+02
903             	3.52909339e+02
904             	3.52857088e+02
905             	3.52838140e+02
906             	3.52853749e+02
907             	3.52876484e+02
908             	3.52894645e+02
909             	3.52906734e+02
910             	3.52853186e+02
911             	3.52833539e+02
912             	3.52848558e+02
913             	3.52870784e+02
914             	3.52890300e+02
915             	3.52902800e+02
916             	3.52849342e+02
917             	3.52830062e+02
918             	3.52845593e+02
919             	3.52868224e+02
920             	3.52886390e+02
921             	3.52899260e+02
922             	3.52846820e+02
923             	3.52828311e+02
924             	3.52844212e+02
925             	3.52867743e+02
926             	3.52887498e+02
927             	3.52901571e+02
928             	3.52848902e+02
929             	3.52830549e+02
930             	3.52847010e+02
931             	3.52870569e+02
932             	3.52889223e+02
933             	3.52902187e+02
934             	3.52850125e+02
935             	3.52832095e+02
936             	3.52848706e+02
937             	3.52872535e+02
938             	3.52892232e+02
939             	3.52906058e+02
940             	3.52853068e+02
941             	3.52834108e+02
942             	3.52850144e+02
943             	3.52873520e+02
944             	3.52894181e+02
945             	3.52908273e+02
946             	3.52854542e+02
947             	3.52834783e+02
948             	3.52850240e+02
949             	3.52873328e+02
950             	3.52892427e+02
951             	3.52905757e+02
952             	3.52851815e+02
953             	3.52831807e+02
954             	3.52846988e+02
955             	3.52869719e+02
956             	3.52888190e+02
957             	3.52900889e+02
958             	3.52911656e+02
959             	3.52858639e+02
960             	3.52840738e+02
961             	3.52852945e+02
962             	3.52873013e+02
963             	3.52891714e+02
964             	3.52845467e+02
965             	3.52829448e+02
966             	3.52846469e+02
967             	3.52871914e+02
968             	3.52893153e+02
969             	3.52907792e+02
970             	3.52855318e+02
971             	3.52837563e+02
972             	3.52855335e+02
973             	3.52880769e+02
974             	3.52899574e+02
975             	3.52913818e+02
976             	3.52861048e+02
977             	3.52841804e+02
978             	3.52857386e+02
979             	3.52881803e+02
980             	3.52902292e+02
981             	3.52914676e+02
982             	3.52860076e+02
983             	3.52839687e+02
984             	3.52854781e+02
985             	3.52877438e+02
986             	3.52895733e+02
987             	3.52908173e+02
988             	3.52855335e+02
989             	3.52836477e+02
990             	3.52852385e+02
991             	3.52875674e+02
992             	3.52894822e+02
993             	3.52908223e+02
994             	3.52855547e+02
995             	3.52837024e+02
996             	3.52853427e+02
997             	3.52877338e+02
998             	3.52897176e+02
999             	3.52911295e+02
1000            	3.52858675e+02
1001            	3.52840049e+02
1002            	3.52856366e+02
1003            	3.52880133e+02
1004            	3.52899773e+02
1005            	3.52913383e+02
1006            	3.52859886e+02
1007            	3.52840495e+02
1008            	3.52856285e+02
1009            	3.52879586e+02
1010            	3.52898734e+02
1011            	3.52912063e+02
1012            	3.52859048e+02
1013            	3.52840150e+02
1014            	3.52856187e+02
1015            	3.52879711e+02
1016            	3.52899162e+02
1017            	3.52912885e+02
1018            	3.52859758e+02
1019            	3.52840679e+02
1020            	3.52856746e+02
1021            	3.52880467e+02
1022            	3.52900065e+02
1023            	3.52913681e+02
1024            	3.52860406e+02
1025            	3.52841307e+02
1026            	3.52856481e+02
1027            	3.52879552e+02
1028            	3.52899224e+02
1029            	3.52913487e+02
1030            	3.52860561e+02
1031            	3.52841634e+02
1032            	3.52857776e+02
1033            	3.52881371e+02
1034            	3.52900560e+02
1035            	3.52913654e+02
1036            	3.52860753e+02
1037            	3.52841887e+02
1038            	3.52858002e+02
1039            	3.52882131e+02
1040            	3.52902356e+02
1041            	3.52916844e+02
1042            	3.52863705e+02
1043            	3.52844901e+02
1044            	3.52861675e+02
1045            	3.52885971e+02
1046            	3.52906040e+02
1047            	3.52919930e+02
1048            	3.52866372e+02
1049            	3.52846836e+02
1050            	3.52862589e+02
1051            	3.52886093e+02
1052            	3.52905569e+02
1053            	3.52918901e+02
1054            	3.52865182e+02
1055            	3.52845484e+02
1056            	3.52860790e+02
1057            	3.52883664e+02
1058            	3.52902573e+02
1059            	3.52917258e+02
1060            	3.52863969e+02
1061            	3.52844464e+02
1062            	3.52860269e+02
1063            	3.52883758e+02
1064            	3.52903015e+02
1065            	3.52916709e+02
1066            	3.52864079e+02
1067            	3.52845308e+02
1068            	3.52861358e+02
1069            	3.52884217e+02
1070            	3.52903023e+02
1071            	3.52916022e+02
1072            	3.52862280e+02
1073            	3.52842440e+02
1074            	3.52857572e+02
1075            	3.52880786e+02
1076            	3.52899336e+02
1077            	3.52911357e+02
1078            	3.52921405e+02
1079            	3.52867846e+02
1080            	3.52849539e+02
1081            	3.52861431e+02
1082            	3.52881250e+02
1083            	3.52899365e+02
1084            	3.52852968e+02
1085            	3.52836870e+02
1086            	3.52853575e+02
1087            	3.52877432e+02
1088            	3.52897174e+02
1089            	3.52910710e+02
1090            	3.52857451e+02
1091            	3.52838383e+02
1092            	3.52854462e+02
1093            	3.52878146e+02
1094            	3.52897710e+02
1095            	3.52911341e+02
1096            	3.52858667e+02
1097            	3.52839983e+02
1098            	3.52856199e+02
1099            	3.52879399e+02
1100            	3.52898579e+02
1101            	3.52912056e+02
1102            	3.52859134e+02
1103            	3.52840105e+02
1104            	3.52855902e+02
1105            	3.52879581e+02
1106            	3.52898732e+02
1107            	3.52911729e+02
1108            	3.52858665e+02
1109            	3.52839801e+02
1110            	3.52855748e+02
1111            	3.52879008e+02
1112            	3.52897937e+02
1113            	3.52910983e+02
1114            	3.52857952e+02
1115            	3.52839081e+02
1116            	3.52855188e+02
1117            	3.52879069e+02
1118            	3.52899301e+02
1119            	3.52913888e+02
1120            	3.52860774e+02
1121            	3.52841245e+02
1122            	3.52856878e+02
1123            	3.52880003e+02
1124            	3.52898536e+02
1125            	3.52910871e+02
1126            	3.52857374e+02
1127            	3.52837962e+02
1128            	3.52853318e+02
1129            	3.52876297e+02
1130            	3.52895089e+02
1131            	3.52911608e+02
1132            	3.52858556e+02
1133            	3.52839066e+02
1134            	3.52855272e+02
1135            	3.52879604e+02
1136            	3.52899840e+02
1137            	3.52914272e+02
1138            	3.52861401e+02
1139            	3.52842325e+02
1140            	3.52858182e+02
1141            	3.52881765e+02
1142            	3.52901500e+02
1143            	3.52915298e+02
1144            	3.52861627e+02
1145            	3.52842090e+02
1146            	3.52857518e+02
1147            	3.52880256e+02
1148            	3.52898444e+02
1149            	3.52910794e+02
1150            	3.52858050e+02
1151            	3.52839524e+02
1152            	3.52855830e+02
1153            	3.52879889e+02
1154            	3.52899906e+02
1155            	3.52913941e+02
1156            	3.52860761e+02
1157            	3.52841845e+02
1158            	3.52858154e+02
1159            	3.52882005e+02
1160            	3.52901669e+02
1161            	3.52914905e+02
1162            	3.52861913e+02
1163            	3.52843129e+02
1164            	3.52859204e+02
1165            	3.52882694e+02
1166            	3.52899782e+02
1167            	3.52911676e+02
1168            	3.52858718e+02
1169            	3.52839497e+02
1170            	3.52854741e+02
1171            	3.52878016e+02
1172            	3.52896860e+02
1173            	3.52911340e+02
1174            	3.52858191e+02
1175            	3.52839324e+02
1176            	3.52855990e+02
1177            	3.52880487e+02
1178            	3.52900483e+02
1179            	3.52914580e+02
1180            	3.52862059e+02
1181            	3.52843071e+02
1182            	3.52858825e+02
1183            	3.52882121e+02
1184            	3.52902306e+02
1185            	3.52917686e+02
1186            	3.52862754e+02
1187            	3.52841953e+02
1188            	3.52857025e+02
1189            	3.52880397e+02
1190            	3.52899117e+02
1191            	3.52912975e+02
1192            	3.52861229e+02
1193            	3.52843060e+02
1194            	3.52859392e+02
1195            	3.52883095e+02
1196            	3.52902751e+02
1197            	3.52916438e+02
1198            	3.52862492e+02
1199            	3.52842621e+02
1200            	3.52857862e+02
1201            	3.52881124e+02
1202            	3.52901789e+02
1203            	3.52915288e+02
1204            	3.52861417e+02
1205            	3.52842078e+02
1206            	3.52858031e+02
1207            	3.52881038e+02
1208            	3.52899771e+02
1209            	3.52912750e+02
1210            	3.52859734e+02
1211            	3.52840519e+02
1212            	3.52856032e+02
1213            	3.52879300e+02
1214            	3.52899053e+02
1215            	3.52912321e+02
1216            	3.52858554e+02
1217            	3.52839194e+02
1218            	3.52855065e+02
1219            	3.52878316e+02
1220            	3.52897167e+02
1221            	3.52909969e+02
1222            	3.52857493e+02
1223            	3.52839181e+02
1224            	3.52855414e+02
1225            	3.52879076e+02
1226            	3.52899142e+02
1227            	3.52912731e+02
1228            	3.52858958e+02
1229            	3.52839539e+02
1230            	3.52855385e+02
1231            	3.52878907e+02
1232            	3.52898284e+02
1233            	3.52911763e+02
1234            	3.52858821e+02
1235            	3.52840192e+02
1236            	3.52856519e+02
1237            	3.52880498e+02
1238            	3.52900481e+02
1239            	3.52914571e+02
1240            	3.52861411e+02
1241            	3.52842527e+02
1242            	3.52858775e+02
1243            	3.52882641e+02
1244            	3.52902321e+02
1245            	3.52915960e+02
1246            	3.52862582e+02
1247            	3.52843474e+02
1248            	3.52859582e+02
1249            	3.52883259e+02
1250            	3.52902773e+02
1251            	3.52916343e+02
1252            	3.52863277e+02
1253            	3.52844392e+02
1254            	3.52860555e+02
1255            	3.52884341e+02
1256            	3.52904114e+02
1257            	3.52918162e+02
1258            	3.52864954e+02
1259            	3.52845989e+02
1260            	3.52862315e+02
1261            	3.52886627e+02
1262            	3.52906517e+02
1263            	3.52919799e+02
1264            	3.52866029e+02
1265            	3.52846669e+02
1266            	3.52862507e+02
1267            	3.52886037e+02
1268            	3.52905575e+02
1269            	3.52919309e+02
1270            	3.52865941e+02
1271            	3.52846739e+02
1272            	3.52862629e+02
1273            	3.52886082e+02
1274            	3.52905317e+02
1275            	3.52918520e+02
1276            	3.52864893e+02
1277            	3.52845501e+02
1278            	3.52861145e+02
1279            	3.52884424e+02
1280            	3.52903525e+02
1281            	3.52916636e+02
1282            	3.52863305e+02
1283            	3.52844167e+02
1284            	3.52859958e+02
1285            	3.52883074e+02
1286            	3.52902120e+02
1287            	3.52915961e+02
1288            	3.52862731e+02
1289            	3.52843536e+02
1290            	3.52859347e+02
1291            	3.52882797e+02
1292            	3.52902462e+02
1293            	3.52915948e+02
1294            	3.52862565e+02
1295            	3.52843423e+02
1296            	3.52859243e+02
1297            	3.52882379e+02
1298            	3.52901163e+02
1299            	3.52914033e+02
1300            	3.52860761e+02
1301            	3.52841608e+02
1302            	3.52857224e+02
1303            	3.52880274e+02
1304            	3.52899702e+02
1305            	3.52912865e+02
1306            	3.52859317e+02
1307            	3.52840101e+02
1308            	3.52855957e+02
1309            	3.52879368e+02
1310            	3.52898579e+02
1311            	3.52911892e+02
1312            	3.52858740e+02
1313            	3.52839776e+02
1314            	3.52855695e+02
1315            	3.52879135e+02
1316            	3.52898466e+02
1317            	3.52911865e+02
1318            	3.52858569e+02
1319            	3.52839521e+02
1320            	3.52855459e+02
1321            	3.52878796e+02
1322            	3.52897704e+02
1323            	3.52910963e+02
1324            	3.52858073e+02
1325            	3.52839289e+02
1326            	3.52855403e+02
1327            	3.52878712e+02
1328            	3.52897807e+02
1329            	3.52911151e+02
1330            	3.52858377e+02
1331            	3.52839772e+02
1332            	3.52855973e+02
1333            	3.52879596e+02
1334            	3.52899304e+02
1335            	3.52913221e+02
1336            	3.52860123e+02
1337            	3.52841222e+02
1338            	3.52857812e+02
1339            	3.52881939e+02
1340            	3.52901837e+02
1341            	3.52915767e+02
1342            	3.52862584e+02
1343            	3.52843467e+02
1344            	3.52859532e+02
1345            	3.52883283e+02
1346            	3.52903027e+02
1347            	3.52916763e+02
1348            	3.52863144e+02
1349            	3.52843811e+02
1350            	3.52859663e+02
1351            	3.52883130e+02
1352            	3.52902406e+02
1353            	3.52915653e+02
1354            	3.52862486e+02
1355            	3.52843548e+02
1356            	3.52859584e+02
1357            	3.52883184e+02
1358            	3.52902689e+02
1359            	3.52916308e+02
1360            	3.52863242e+02
1361            	3.52844404e+02
1362            	3.52860575e+02
1363            	3.52884344e+02
1364            	3.52904058e+02
1365            	3.52918873e+02
1366            	3.52865417e+02
1367            	3.52845997e+02
1368            	3.52861861e+02
1369            	3.52885309e+02
1370            	3.52904831e+02
1371            	3.52918183e+02
1372            	3.52864572e+02
1373            	3.52845191e+02
1374            	3.52860861e+02
1375            	3.52884012e+02
1376            	3.52902873e+02
1377            	3.52914971e+02
1378            	3.52861424e+02
1379            	3.52842179e+02
1380            	3.52857716e+02
1381            	3.52880720e+02
1382            	3.52899705e+02
1383            	3.52912894e+02
1384            	3.52859426e+02
1385            	3.52840190e+02
1386            	3.52856215e+02
1387            	3.52879749e+02
1388            	3.52899016e+02
1389            	3.52912263e+02
1390            	3.52859221e+02
1391            	3.52840349e+02
1392            	3.52856387e+02
1393            	3.52879949e+02
1394            	3.52899411e+02
1395            	3.52912958e+02
1396            	3.52859488e+02
1397            	3.52840280e+02
1398            	3.52856269e+02
1399            	3.52879958e+02
1400            	3.52899341e+02
1401            	3.52912576e+02
1402            	3.52859515e+02
1403            	3.52840659e+02
1404            	3.52856782e+02
1405            	3.52880383e+02
1406            	3.52899786e+02
1407            	3.52913080e+02
1408            	3.52859868e+02
1409            	3.52840854e+02
1410            	3.52856823e+02
1411            	3.52880243e+02
1412            	3.52899396e+02
1413            	3.52912485e+02
1414            	3.52859199e+02
1415            	3.52840203e+02
1416            	3.52856171e+02
1417            	3.52879626e+02
1418            	3.52898894e+02
1419            	3.52912252e+02
1420            	3.52859130e+02
1421            	3.52840188e+02
1422            	3.52856555e+02
1423            	3.52880354e+02
1424            	3.52899877e+02
1425            	3.52913347e+02
1426            	3.52860017e+02
1427            	3.52841029e+02
1428            	3.52857213e+02
1429            	3.52880767e+02
1430            	3.52900033e+02
1431            	3.52913080e+02
1432            	3.52859863e+02
1433            	3.52840825e+02
1434            	3.52856635e+02
1435            	3.52879948e+02
1436            	3.52899019e+02
1437            	3.52912548e+02
1438            	3.52859158e+02
1439            	3.52839916e+02
1440            	3.52855685e+02
1441            	3.52879091e+02
1442            	3.52898210e+02
1443            	3.52911467e+02
1444            	3.52858542e+02
1445            	3.52839870e+02
1446            	3.52856129e+02
1447            	3.52879753e+02
1448            	3.52899294e+02
1449            	3.52912945e+02
1450            	3.52859602e+02
1451            	3.52840500e+02
1452            	3.52856545e+02
1453            	3.52880263e+02
1454            	3.52899760e+02
1455            	3.52912944e+02
1456            	3.52859408e+02
1457            	3.52840063e+02
1458            	3.52855767e+02
1459            	3.52878986e+02
1460            	3.52897974e+02
1461            	3.52910974e+02
1462            	3.52857642e+02
1463            	3.52838597e+02
1464            	3.52854599e+02
1465            	3.52878088e+02
1466            	3.52897335e+02
1467            	3.52910700e+02
1468            	3.52857800e+02
1469            	3.52839138e+02
1470            	3.52855397e+02
1471            	3.52879158e+02
1472            	3.52899256e+02
1473            	3.52913004e+02
1474            	3.52859568e+02
1475            	3.52840358e+02
1476            	3.52856218e+02
1477            	3.52879784e+02
1478            	3.52899182e+02
1479            	3.52912498e+02
1480            	3.52859069e+02
1481            	3.52839909e+02
1482            	3.52855810e+02
1483            	3.52879176e+02
1484            	3.52897564e+02
1485            	3.52909710e+02
1486            	3.52856883e+02
1487            	3.52838305e+02
1488            	3.52854302e+02
1489            	3.52877709e+02
1490            	3.52897828e+02
1491            	3.52912220e+02
1492            	3.52858389e+02
1493            	3.52838748e+02
1494            	3.52854460e+02
1495            	3.52877619e+02
1496            	3.52896370e+02
1497            	3.52909578e+02
1498            	3.52856814e+02
1499            	3.52838135e+02
1500            	3.52854232e+02
1501            	3.52877792e+02
1502            	3.52897316e+02
1503            	3.52910823e+02
1504            	3.52857344e+02
1505            	3.52838246e+02
1506            	3.52854233e+02
1507            	3.52877702e+02
1508            	3.52896744e+02
1509            	3.52909865e+02
1510            	3.52856869e+02
1511            	3.52838063e+02
1512            	3.52854117e+02
1513            	3.52877578e+02
1514            	3.52896853e+02
1515            	3.52910169e+02
1516            	3.52856925e+02
1517            	3.52837908e+02
1518            	3.52853925e+02
1519            	3.52877469e+02
1520            	3.52896780e+02
1521            	3.52909592e+02
1522            	3.52856466e+02
1523            	3.52837662e+02
1524            	3.52853766e+02
1525            	3.52877300e+02
1526            	3.52896668e+02
1527            	3.52910757e+02
1528            	3.52857522e+02
1529            	3.52838441e+02
1530            	3.52854526e+02
1531            	3.52878177e+02
1532            	3.52897721e+02
1533            	3.52911291e+02
1534            	3.52858064e+02
1535            	3.52839041e+02
1536            	3.52855076e+02
1537            	3.52878721e+02
1538            	3.52898304e+02
1539            	3.52911918e+02
1540            	3.52858612e+02
1541            	3.52839572e+02
1542            	3.52855681e+02
1543            	3.52879237e+02
1544            	3.52898461e+02
1545            	3.52911683e+02
1546            	3.52858633e+02
1547            	3.52839840e+02
1548            	3.52856014e+02
1549            	3.52879596e+02
1550            	3.52898989e+02
1551            	3.52912319e+02
1552            	3.52859088e+02
1553            	3.52840150e+02
1554            	3.52856317e+02
1555            	3.52880000e+02
1556            	3.52899417e+02
1557            	3.52912303e+02
1558            	3.52859221e+02
1559            	3.52840529e+02
1560            	3.52856788e+02
1561            	3.52880480e+02
1562            	3.52899987e+02
1563            	3.52913928e+02
1564            	3.52860492e+02
1565            	3.52841235e+02
1566            	3.52857540e+02
1567            	3.52881399e+02
1568            	3.52901003e+02
1569            	3.52914595e+02
1570            	3.52861400e+02
1571            	3.52842354e+02
1572            	3.52858483e+02
1573            	3.52882252e+02
1574            	3.52901915e+02
1575            	3.52915310e+02
1576            	3.52861792e+02
1577            	3.52842542e+02
1578            	3.52858398e+02
1579            	3.52881747e+02
1580            	3.52900852e+02
1581            	3.52914036e+02
1582            	3.52860713e+02
1583            	3.52841693e+02
1584            	3.52857772e+02
1585            	3.52881379e+02
1586            	3.52900829e+02
1587            	3.52914316e+02
1588            	3.52861187e+02
1589            	3.52842268e+02
1590            	3.52858367e+02
1591            	3.52881877e+02
1592            	3.52901249e+02
1593            	3.52914651e+02
1594            	3.52861267e+02
1595            	3.52842134e+02
1596            	3.52858096e+02
1597            	3.52881574e+02
1598            	3.52901541e+02
1599            	3.52914966e+02
1600            	3.52861250e+02
1601            	3.52841856e+02
1602            	3.52857642e+02
1603            	3.52880857e+02
1604            	3.52899745e+02
1605            	3.52912824e+02
1606            	3.52859549e+02
1607            	3.52840459e+02
1608            	3.52856378e+02
1609            	3.52879844e+02
1610            	3.52898986e+02
1611            	3.52912210e+02
1612            	3.52858954e+02
1613            	3.52839937e+02
1614            	3.52855984e+02
1615            	3.52879542e+02
1616            	3.52898836e+02
1617            	3.52911994e+02
1618            	3.52858866e+02
1619            	3.52840061e+02
1620            	3.52856291e+02
1621            	3.52879991e+02
1622            	3.52899485e+02
1623            	3.52913000e+02
1624            	3.52859810e+02
1625            	3.52840856e+02
1626            	3.52856971e+02
1627            	3.52880558e+02
1628            	3.52899938e+02
1629            	3.52913039e+02
1630            	3.52859891e+02
1631            	3.52841056e+02
1632            	3.52857195e+02
1633            	3.52880825e+02
1634            	3.52900488e+02
1635            	3.52913839e+02
1636            	3.52860353e+02
1637            	3.52841167e+02
1638            	3.52857181e+02
1639            	3.52880827e+02
1640            	3.52900224e+02
1641            	3.52913587e+02
1642            	3.52860314e+02
1643            	3.52841378e+02
1644            	3.52857568e+02
1645            	3.52881330e+02
1646            	3.52900997e+02
1647            	3.52914664e+02
1648            	3.52861394e+02
1649            	3.52842359e+02
1650            	3.52858448e+02
1651            	3.52882076e+02
1652            	3.52901477e+02
1653            	3.52914954e+02
1654            	3.52861633e+02
1655            	3.52842586e+02
1656            	3.52858718e+02
1657            	3.52882535e+02
1658            	3.52902136e+02
1659            	3.52915700e+02
1660            	3.52862524e+02
1661            	3.52843608e+02
1662            	3.52859788e+02
1663            	3.52883434e+02
1664            	3.52902707e+02
1665            	3.52915875e+02
1666            	3.52862767e+02
1667            	3.52843931e+02
1668            	3.52860072e+02
1669            	3.52883707e+02
1670            	3.52903722e+02
1671            	3.52917104e+02
1672            	3.52863327e+02
1673            	3.52844057e+02
1674            	3.52859991e+02
1675            	3.52883404e+02
1676            	3.52902539e+02
1677            	3.52915897e+02
1678            	3.52862647e+02
1679            	3.52843602e+02
1680            	3.52859646e+02
1681            	3.52883270e+02
1682            	3.52902622e+02
1683            	3.52915909e+02
1684            	3.52862406e+02
1685            	3.52843124e+02
1686            	3.52858936e+02
1687            	3.52882292e+02
1688            	3.52901463e+02
1689            	3.52914758e+02
1690            	3.52861544e+02
1691            	3.52842631e+02
1692            	3.52858813e+02
1693            	3.52882392e+02
1694            	3.52901455e+02
1695            	3.52914867e+02
1696            	3.52861863e+02
1697            	3.52843007e+02
1698            	3.52859135e+02
1699            	3.52882816e+02
1700            	3.52902365e+02
1701            	3.52915883e+02
1702            	3.52862569e+02
1703            	3.52843580e+02
1704            	3.52859713e+02
1705            	3.52883319e+02
1706            	3.52902876e+02
1707            	3.52916316e+02
1708            	3.52862852e+02
1709            	3.52843692e+02
1710            	3.52859651e+02
1711            	3.52883153e+02
1712            	3.52902557e+02
1713            	3.52915957e+02
1714            	3.52862527e+02
1715            	3.52843355e+02
1716            	3.52859293e+02
1717            	3.52882776e+02
1718            	3.52902130e+02
1719            	3.52915477e+02
1720            	3.52862069e+02
1721            	3.52842894e+02
1722            	3.52858791e+02
1723            	3.52882215e+02
1724            	3.52901511e+02
1725            	3.52914789e+02
1726            	3.52861356e+02
1727            	3.52842168e+02
1728            	3.52858066e+02
1729            	3.52881477e+02
1730            	3.52900785e+02
1731            	3.52914166e+02
1732            	3.52860931e+02
1733            	3.52841950e+02
1734            	3.52858122e+02
1735            	3.52881849e+02
1736            	3.52901389e+02
1737            	3.52914987e+02
1738            	3.52861789e+02
1739            	3.52842838e+02
1740            	3.52858984e+02
1741            	3.52882685e+02
1742            	3.52902291e+02
1743            	3.52915805e+02
1744            	3.52862360e+02
1745            	3.52843158e+02
1746            	3.52859078e+02
1747            	3.52882565e+02
1748            	3.52901812e+02
1749            	3.52915041e+02
1750            	3.52861716e+02
1751            	3.52842655e+02
1752            	3.52858635e+02
1753            	3.52882008e+02
1754            	3.52901308e+02
1755            	3.52914721e+02
1756            	3.52861451e+02
1757            	3.52842397e+02
1758            	3.52858561e+02
1759            	3.52882588e+02
1760            	3.52902377e+02
1761            	3.52915854e+02
1762            	3.52862257e+02
1763            	3.52843004e+02
1764            	3.52858929e+02
1765            	3.52882233e+02
1766            	3.52901328e+02
1767            	3.52914753e+02
1768            	3.52861518e+02
1769            	3.52842339e+02
1770            	3.52858109e+02
1771            	3.52881387e+02
1772            	3.52900489e+02
1773            	3.52913542e+02
1774            	3.52860146e+02
1775            	3.52841013e+02
1776            	3.52856959e+02
1777            	3.52880861e+02
1778            	3.52901142e+02
1779            	3.52914905e+02
1780            	3.52861419e+02
1781            	3.52842372e+02
1782            	3.52858698e+02
1783            	3.52882608e+02
1784            	3.52901233e+02
1785            	3.52914578e+02
1786            	3.52861616e+02
1787            	3.52842661e+02
1788            	3.52858578e+02
1789            	3.52881932e+02
1790            	3.52901411e+02
1791            	3.52915048e+02
1792            	3.52861449e+02
1793            	3.52842123e+02
1794            	3.52858072e+02
1795            	3.52881704e+02
1796            	3.52901116e+02
1797            	3.52914471e+02
1798            	3.52861324e+02
1799            	3.52842439e+02
1800            	3.52858593e+02
1801            	3.52882273e+02
1802            	3.52901763e+02
1803            	3.52915369e+02
1804            	3.52861992e+02
1805            	3.52842677e+02
1806            	3.52858519e+02
1807            	3.52881924e+02
1808            	3.52901138e+02
1809            	3.52914143e+02
1810            	3.52860648e+02
1811            	3.52841435e+02
1812            	3.52857374e+02
1813            	3.52881049e+02
1814            	3.52900443e+02
1815            	3.52913873e+02
1816            	3.52860669e+02
1817            	3.52841745e+02
1818            	3.52857966e+02
1819            	3.52881820e+02
1820            	3.52901201e+02
1821            	3.52914945e+02
1822            	3.52861871e+02
1823            	3.52842947e+02
1824            	3.52859045e+02
1825            	3.52882582e+02
1826            	3.52901890e+02
1827            	3.52915175e+02
1828            	3.52861785e+02
1829            	3.52842646e+02
1830            	3.52858617e+02
1831            	3.52882529e+02
1832            	3.52902097e+02
1833            	3.52915309e+02
1834            	3.52861880e+02
1835            	3.52842804e+02
1836            	3.52858858e+02
1837            	3.52882520e+02
1838            	3.52902134e+02
1839            	3.52915633e+02
1840            	3.52862283e+02
1841            	3.52843078e+02
1842            	3.52859055e+02
1843            	3.52882631e+02
1844            	3.52902043e+02
1845            	3.52915300e+02
1846            	3.52861810e+02
1847            	3.52842546e+02
1848            	3.52858362e+02
1849            	3.52881693e+02
1850            	3.52900765e+02
1851            	3.52913791e+02
1852            	3.52860551e+02
1853            	3.52841561e+02
1854            	3.52857569e+02
1855            	3.52881262e+02
1856            	3.52901750e+02
1857            	3.52915780e+02
1858            	3.52862240e+02
1859            	3.52843109e+02
1860            	3.52859411e+02
1861            	3.52883380e+02
1862            	3.52901470e+02
1863            	3.52914451e+02
1864            	3.52861640e+02
1865            	3.52842720e+02
1866            	3.52858479e+02
1867            	3.52881778e+02
1868            	3.52901159e+02
1869            	3.52915847e+02
1870            	3.52862054e+02
1871            	3.52842297e+02
1872            	3.52857952e+02
1873            	3.52881117e+02
1874            	3.52900035e+02
1875            	3.52913387e+02
1876            	3.52860595e+02
1877            	3.52841939e+02
1878            	3.52858353e+02
1879            	3.52882324e+02
1880            	3.52902023e+02
1881            	3.52915540e+02
1882            	3.52862057e+02
1883            	3.52842704e+02
1884            	3.52858531e+02
1885            	3.52881895e+02
1886            	3.52900965e+02
1887            	3.52913818e+02
1888            	3.52860362e+02
1889            	3.52841180e+02
1890            	3.52857130e+02
1891            	3.52880926e+02
1892            	3.52900698e+02
1893            	3.52914153e+02
1894            	3.52860915e+02
1895            	3.52842146e+02
1896            	3.52858563e+02
1897            	3.52882571e+02
1898            	3.52902376e+02
1899            	3.52915519e+02
1900            	3.52862340e+02
1901            	3.52843507e+02
1902            	3.52859651e+02
1903            	3.52883327e+02
1904            	3.52902952e+02
1905            	3.52916251e+02
1906            	3.52862662e+02
1907            	3.52843399e+02
1908            	3.52859365e+02
1909            	3.52882892e+02
1910            	3.52902208e+02
1911            	3.52915500e+02
1912            	3.52862310e+02
1913            	3.52843329e+02
1914            	3.52859356e+02
1915            	3.52882861e+02
1916            	3.52902250e+02
1917            	3.52915709e+02
1918            	3.52862415e+02
1919            	3.52843347e+02
1920            	3.52859443e+02
1921            	3.52883141e+02
1922            	3.52902641e+02
1923            	3.52916077e+02
1924            	3.52862822e+02
1925            	3.52843801e+02
1926            	3.52859862e+02
1927            	3.52883503e+02
1928            	3.52902941e+02
1929            	3.52916297e+02
1930            	3.52862949e+02
1931            	3.52843912e+02
1932            	3.52859947e+02
1933            	3.52883502e+02
1934            	3.52902933e+02
1935            	3.52915881e+02
1936            	3.52862605e+02
1937            	3.52843654e+02
1938            	3.52859700e+02
1939            	3.52883210e+02
1940            	3.52902540e+02
1941            	3.52915887e+02
1942            	3.52862589e+02
1943            	3.52843530e+02
1944            	3.52859614e+02
1945            	3.52883530e+02
1946            	3.52903256e+02
1947            	3.52916792e+02
1948            	3.52863406e+02
1949            	3.52844313e+02
1950            	3.52860353e+02
1951            	3.52883918e+02
1952            	3.52903403e+02
1953            	3.52916981e+02
1954            	3.52863637e+02
1955            	3.52844429e+02
1956            	3.52860355e+02
1957            	3.52883874e+02
1958            	3.52903258e+02
1959            	3.52916584e+02
1960            	3.52863187e+02
1961            	3.52844040e+02
1962            	3.52860003e+02
1963            	3.52883506e+02
1964            	3.52902869e+02
1965            	3.52916218e+02
1966            	3.52862986e+02
1967            	3.52844079e+02
1968            	3.52860196e+02
1969            	3.52883814e+02
1970            	3.52903385e+02
1971            	3.52917039e+02
1972            	3.52863749e+02
1973            	3.52844674e+02
1974            	3.52860759e+02
1975            	3.52884465e+02
1976            	3.52903852e+02
1977            	3.52917260e+02
1978            	3.52863906e+02
1979            	3.52844751e+02
1980            	3.52860654e+02
1981            	3.52884067e+02
1982            	3.52903246e+02
1983            	3.52916341e+02
1984            	3.52862982e+02
1985            	3.52843829e+02
1986            	3.52859661e+02
1987            	3.52883005e+02
1988            	3.52902221e+02
1989            	3.52915411e+02
1990            	3.52862095e+02
1991            	3.52843073e+02
1992            	3.52859122e+02
1993            	3.52882709e+02
1994            	3.52902113e+02
1995            	3.52915491e+02
1996            	3.52862289e+02
1997            	3.52843318e+02
1998            	3.52859382e+02
1999            	3.52882986e+02
2000            	3.52902438e+02
