# Region        : cellZone fluid
# Cells         : 10168
# Volume        : 1.86008305e+01
# Time          	volAverage(T)
1               	3.00000084e+02
2               	3.00000159e+02
3               	3.00000733e+02
4               	3.00001497e+02
5               	3.00002170e+02
6               	3.00002881e+02
7               	3.00003656e+02
8               	3.00004595e+02
9               	3.00005825e+02
10              	3.00007096e+02
11              	3.00008420e+02
12              	3.00009988e+02
13              	3.00011645e+02
14              	3.00013127e+02
15              	3.00015101e+02
16              	3.00016879e+02
17              	3.00018431e+02
18              	3.00020434e+02
19              	3.00022352e+02
20              	3.00024529e+02
21              	3.00026688e+02
22              	3.00029089e+02
23              	3.00031241e+02
24              	3.00033616e+02
25              	3.00036366e+02
26              	3.00038889e+02
27              	3.00041549e+02
28              	3.00043952e+02
29              	3.00046959e+02
30              	3.00049784e+02
31              	3.00052976e+02
32              	3.00056195e+02
33              	3.00059537e+02
34              	3.00062670e+02
35              	3.00066501e+02
36              	3.00069827e+02
37              	3.00072840e+02
38              	3.00076233e+02
39              	3.00079415e+02
40              	3.00082189e+02
41              	3.00084967e+02
42              	3.00088083e+02
43              	3.00091419e+02
44              	3.00095838e+02
45              	3.00099660e+02
46              	3.00105330e+02
47              	3.00110205e+02
48              	3.00113771e+02
49              	3.00117395e+02
50              	3.00120573e+02
51              	3.00123511e+02
52              	3.00126107e+02
53              	3.00128892e+02
54              	3.00132122e+02
55              	3.00135668e+02
56              	3.00139739e+02
57              	3.00144861e+02
58              	3.00148013e+02
59              	3.00152053e+02
60              	3.00156613e+02
61              	3.00159335e+02
62              	3.00163914e+02
63              	3.00166463e+02
64              	3.00169663e+02
65              	3.00173160e+02
66              	3.00176216e+02
67              	3.00179926e+02
68              	3.00184033e+02
69              	3.00188062e+02
70              	3.00191977e+02
71              	3.00194830e+02
72              	3.00197624e+02
73              	3.00199685e+02
74              	3.00202030e+02
75              	3.00204957e+02
76              	3.00208076e+02
77              	3.00211475e+02
78              	3.00215590e+02
79              	3.00219254e+02
80              	3.00222837e+02
81              	3.00224676e+02
82              	3.00227275e+02
83              	3.00229169e+02
84              	3.00231036e+02
85              	3.00232679e+02
86              	3.00234650e+02
87              	3.00237480e+02
88              	3.00241224e+02
89              	3.00242799e+02
90              	3.00245460e+02
91              	3.00247145e+02
92              	3.00249083e+02
93              	3.00251371e+02
94              	3.00252951e+02
95              	3.00255232e+02
96              	3.00257670e+02
97              	3.00259525e+02
98              	3.00261675e+02
99              	3.00263596e+02
100             	3.00265885e+02
101             	3.00269149e+02
102             	3.00270343e+02
103             	3.00271997e+02
104             	3.00273915e+02
105             	3.00275975e+02
106             	3.00277921e+02
107             	3.00279989e+02
108             	3.00281611e+02
109             	3.00283464e+02
110             	3.00285388e+02
111             	3.00287023e+02
112             	3.00288786e+02
113             	3.00290458e+02
114             	3.00292141e+02
115             	3.00293930e+02
116             	3.00295632e+02
117             	3.00297722e+02
118             	3.00299080e+02
119             	3.00300763e+02
120             	3.00302139e+02
121             	3.00303677e+02
122             	3.00305279e+02
123             	3.00306903e+02
124             	3.00308463e+02
125             	3.00309754e+02
126             	3.00311090e+02
127             	3.00312722e+02
128             	3.00314139e+02
129             	3.00315450e+02
130             	3.00316750e+02
131             	3.00318029e+02
132             	3.00319165e+02
133             	3.00320174e+02
134             	3.00321113e+02
135             	3.00322030e+02
136             	3.00322942e+02
137             	3.00323883e+02
138             	3.00324787e+02
139             	3.00325681e+02
140             	3.00326532e+02
141             	3.00327380e+02
142             	3.00328176e+02
143             	3.00328940e+02
144             	3.00329677e+02
145             	3.00330372e+02
146             	3.00330991e+02
147             	3.00331587e+02
148             	3.00332025e+02
149             	3.00332409e+02
150             	3.00332903e+02
151             	3.00333313e+02
152             	3.00333658e+02
153             	3.00333963e+02
154             	3.00334189e+02
155             	3.00334505e+02
156             	3.00334782e+02
157             	3.00334916e+02
158             	3.00335069e+02
159             	3.00335229e+02
160             	3.00335366e+02
161             	3.00335438e+02
162             	3.00335455e+02
163             	3.00335490e+02
164             	3.00335530e+02
165             	3.00335522e+02
166             	3.00335473e+02
167             	3.00335437e+02
168             	3.00335380e+02
169             	3.00335298e+02
170             	3.00335169e+02
171             	3.00335056e+02
172             	3.00334953e+02
173             	3.00334855e+02
174             	3.00334732e+02
175             	3.00334593e+02
176             	3.00334442e+02
177             	3.00334352e+02
178             	3.00334228e+02
179             	3.00334086e+02
180             	3.00333941e+02
181             	3.00333795e+02
182             	3.00333697e+02
183             	3.00333618e+02
184             	3.00333459e+02
185             	3.00333340e+02
186             	3.00333243e+02
187             	3.00333144e+02
188             	3.00333015e+02
189             	3.00332839e+02
190             	3.00332781e+02
191             	3.00332689e+02
192             	3.00332579e+02
193             	3.00332475e+02
194             	3.00332377e+02
195             	3.00332305e+02
196             	3.00332234e+02
197             	3.00332117e+02
198             	3.00332010e+02
199             	3.00331906e+02
200             	3.00331808e+02
201             	3.00331701e+02
202             	3.00331572e+02
203             	3.00331495e+02
204             	3.00331393e+02
205             	3.00331303e+02
206             	3.00331209e+02
207             	3.00331102e+02
208             	3.00330988e+02
209             	3.00330865e+02
210             	3.00330739e+02
211             	3.00330612e+02
212             	3.00330486e+02
213             	3.00330366e+02
214             	3.00330227e+02
215             	3.00330088e+02
216             	3.00329946e+02
217             	3.00329807e+02
218             	3.00329668e+02
219             	3.00329529e+02
220             	3.00329378e+02
221             	3.00329251e+02
222             	3.00329120e+02
223             	3.00328979e+02
224             	3.00328831e+02
225             	3.00328678e+02
226             	3.00328515e+02
227             	3.00328361e+02
228             	3.00328199e+02
229             	3.00328032e+02
230             	3.00327867e+02
231             	3.00327696e+02
232             	3.00327519e+02
233             	3.00327343e+02
234             	3.00327170e+02
235             	3.00326997e+02
236             	3.00326838e+02
237             	3.00326662e+02
238             	3.00326491e+02
239             	3.00326315e+02
240             	3.00326140e+02
241             	3.00325967e+02
242             	3.00325794e+02
243             	3.00325621e+02
244             	3.00325447e+02
245             	3.00325273e+02
246             	3.00325100e+02
247             	3.00324926e+02
248             	3.00324751e+02
249             	3.00324565e+02
250             	3.00324394e+02
251             	3.00324219e+02
252             	3.00324041e+02
253             	3.00323859e+02
254             	3.00323676e+02
255             	3.00323493e+02
256             	3.00323312e+02
257             	3.00323127e+02
258             	3.00322942e+02
259             	3.00322761e+02
260             	3.00322580e+02
261             	3.00322397e+02
262             	3.00322215e+02
263             	3.00322035e+02
264             	3.00321855e+02
265             	3.00321680e+02
266             	3.00321503e+02
267             	3.00321324e+02
268             	3.00321146e+02
269             	3.00320970e+02
270             	3.00320795e+02
271             	3.00320621e+02
272             	3.00320448e+02
273             	3.00320275e+02
274             	3.00320103e+02
275             	3.00319932e+02
276             	3.00319762e+02
277             	3.00319593e+02
278             	3.00319426e+02
279             	3.00319261e+02
280             	3.00319096e+02
281             	3.00318932e+02
282             	3.00318769e+02
283             	3.00318607e+02
284             	3.00318445e+02
285             	3.00318285e+02
286             	3.00318127e+02
287             	3.00317969e+02
288             	3.00317814e+02
289             	3.00317659e+02
290             	3.00317506e+02
291             	3.00317353e+02
292             	3.00317200e+02
293             	3.00317048e+02
294             	3.00316898e+02
295             	3.00316748e+02
296             	3.00316600e+02
297             	3.00316452e+02
298             	3.00316305e+02
299             	3.00316159e+02
300             	3.00316013e+02
301             	3.00315867e+02
302             	3.00315722e+02
303             	3.00315578e+02
304             	3.00315436e+02
305             	3.00315293e+02
306             	3.00315157e+02
307             	3.00315021e+02
308             	3.00314885e+02
309             	3.00314751e+02
310             	3.00314618e+02
311             	3.00314483e+02
312             	3.00314351e+02
313             	3.00314220e+02
314             	3.00314090e+02
315             	3.00313961e+02
316             	3.00313834e+02
317             	3.00313707e+02
318             	3.00313581e+02
319             	3.00313455e+02
320             	3.00313331e+02
321             	3.00313209e+02
322             	3.00313088e+02
323             	3.00312968e+02
324             	3.00312850e+02
325             	3.00312734e+02
326             	3.00312619e+02
327             	3.00312504e+02
328             	3.00312390e+02
329             	3.00312278e+02
330             	3.00312166e+02
331             	3.00312055e+02
332             	3.00311945e+02
333             	3.00311836e+02
334             	3.00311729e+02
335             	3.00311623e+02
336             	3.00311518e+02
337             	3.00311413e+02
338             	3.00311310e+02
339             	3.00311208e+02
340             	3.00311107e+02
341             	3.00311006e+02
342             	3.00310907e+02
343             	3.00310809e+02
344             	3.00310712e+02
345             	3.00310616e+02
346             	3.00310521e+02
347             	3.00310426e+02
348             	3.00310333e+02
349             	3.00310240e+02
350             	3.00310148e+02
351             	3.00310057e+02
352             	3.00309967e+02
353             	3.00309878e+02
354             	3.00309790e+02
355             	3.00309702e+02
356             	3.00309615e+02
357             	3.00309529e+02
358             	3.00309445e+02
359             	3.00309361e+02
360             	3.00309278e+02
361             	3.00309195e+02
362             	3.00309114e+02
363             	3.00309034e+02
364             	3.00308955e+02
365             	3.00308876e+02
366             	3.00308798e+02
367             	3.00308721e+02
368             	3.00308645e+02
369             	3.00308569e+02
370             	3.00308496e+02
371             	3.00308423e+02
372             	3.00308350e+02
373             	3.00308279e+02
374             	3.00308208e+02
375             	3.00308138e+02
376             	3.00308068e+02
377             	3.00307999e+02
378             	3.00307931e+02
379             	3.00307863e+02
380             	3.00307796e+02
381             	3.00307730e+02
382             	3.00307665e+02
383             	3.00307600e+02
384             	3.00307536e+02
385             	3.00307472e+02
386             	3.00307410e+02
387             	3.00307348e+02
388             	3.00307288e+02
389             	3.00307227e+02
390             	3.00307168e+02
391             	3.00307109e+02
392             	3.00307051e+02
393             	3.00306993e+02
394             	3.00306936e+02
395             	3.00306880e+02
396             	3.00306825e+02
397             	3.00306771e+02
398             	3.00306717e+02
399             	3.00306663e+02
400             	3.00306611e+02
401             	3.00306557e+02
402             	3.00306506e+02
403             	3.00306455e+02
404             	3.00306404e+02
405             	3.00306354e+02
406             	3.00306304e+02
407             	3.00306255e+02
408             	3.00306206e+02
409             	3.00306157e+02
410             	3.00306110e+02
411             	3.00306063e+02
412             	3.00306016e+02
413             	3.00305970e+02
414             	3.00305925e+02
415             	3.00305880e+02
416             	3.00305836e+02
417             	3.00305793e+02
418             	3.00305750e+02
419             	3.00305707e+02
420             	3.00305666e+02
421             	3.00305624e+02
422             	3.00305583e+02
423             	3.00305543e+02
424             	3.00305503e+02
425             	3.00305464e+02
426             	3.00305425e+02
427             	3.00305387e+02
428             	3.00305350e+02
429             	3.00305313e+02
430             	3.00305276e+02
431             	3.00305240e+02
432             	3.00305205e+02
433             	3.00305169e+02
434             	3.00305135e+02
435             	3.00305100e+02
436             	3.00305066e+02
437             	3.00305033e+02
438             	3.00304999e+02
439             	3.00304967e+02
440             	3.00304934e+02
441             	3.00304902e+02
442             	3.00304870e+02
443             	3.00304840e+02
444             	3.00304809e+02
445             	3.00304779e+02
446             	3.00304750e+02
447             	3.00304721e+02
448             	3.00304692e+02
449             	3.00304663e+02
450             	3.00304635e+02
451             	3.00304607e+02
452             	3.00304580e+02
453             	3.00304553e+02
454             	3.00304527e+02
455             	3.00304501e+02
456             	3.00304475e+02
457             	3.00304450e+02
458             	3.00304425e+02
459             	3.00304400e+02
460             	3.00304376e+02
461             	3.00304352e+02
462             	3.00304329e+02
463             	3.00304306e+02
464             	3.00304283e+02
465             	3.00304261e+02
466             	3.00304239e+02
467             	3.00304216e+02
468             	3.00304195e+02
469             	3.00304173e+02
470             	3.00304151e+02
471             	3.00304130e+02
472             	3.00304109e+02
473             	3.00304089e+02
474             	3.00304068e+02
475             	3.00304048e+02
476             	3.00304028e+02
477             	3.00304009e+02
478             	3.00303990e+02
479             	3.00303971e+02
480             	3.00303953e+02
481             	3.00303934e+02
482             	3.00303916e+02
483             	3.00303899e+02
484             	3.00303882e+02
485             	3.00303865e+02
486             	3.00303848e+02
487             	3.00303831e+02
488             	3.00303815e+02
489             	3.00303799e+02
490             	3.00303783e+02
491             	3.00303768e+02
492             	3.00303753e+02
493             	3.00303738e+02
494             	3.00303723e+02
495             	3.00303709e+02
496             	3.00303694e+02
497             	3.00303680e+02
498             	3.00303666e+02
499             	3.00303653e+02
500             	3.00303639e+02
501             	3.00303626e+02
502             	3.00303613e+02
503             	3.00303601e+02
504             	3.00303588e+02
505             	3.00303576e+02
506             	3.00303565e+02
507             	3.00303553e+02
508             	3.00303542e+02
509             	3.00303531e+02
510             	3.00303519e+02
511             	3.00303508e+02
512             	3.00303497e+02
513             	3.00303486e+02
514             	3.00303476e+02
515             	3.00303465e+02
516             	3.00303455e+02
517             	3.00303445e+02
518             	3.00303435e+02
519             	3.00303426e+02
520             	3.00303416e+02
521             	3.00303407e+02
522             	3.00303398e+02
523             	3.00303389e+02
524             	3.00303381e+02
525             	3.00303372e+02
526             	3.00303363e+02
527             	3.00303355e+02
528             	3.00303346e+02
529             	3.00303338e+02
530             	3.00303330e+02
531             	3.00303322e+02
532             	3.00303314e+02
533             	3.00303306e+02
534             	3.00303298e+02
535             	3.00303291e+02
536             	3.00303284e+02
537             	3.00303277e+02
538             	3.00303270e+02
539             	3.00303263e+02
540             	3.00303257e+02
541             	3.00303251e+02
542             	3.00303245e+02
543             	3.00303239e+02
544             	3.00303233e+02
545             	3.00303228e+02
546             	3.00303222e+02
547             	3.00303217e+02
548             	3.00303211e+02
549             	3.00303206e+02
550             	3.00303201e+02
551             	3.00303196e+02
552             	3.00303191e+02
553             	3.00303186e+02
554             	3.00303182e+02
555             	3.00303177e+02
556             	3.00303173e+02
557             	3.00303169e+02
558             	3.00303165e+02
559             	3.00303161e+02
560             	3.00303158e+02
561             	3.00303154e+02
562             	3.00303150e+02
563             	3.00303147e+02
564             	3.00303143e+02
565             	3.00303140e+02
566             	3.00303137e+02
567             	3.00303134e+02
568             	3.00303130e+02
569             	3.00303127e+02
570             	3.00303124e+02
571             	3.00303121e+02
572             	3.00303118e+02
573             	3.00303116e+02
574             	3.00303114e+02
575             	3.00303111e+02
576             	3.00303108e+02
577             	3.00303105e+02
578             	3.00303103e+02
579             	3.00303100e+02
580             	3.00303098e+02
581             	3.00303096e+02
582             	3.00303094e+02
583             	3.00303091e+02
584             	3.00303089e+02
585             	3.00303087e+02
586             	3.00303085e+02
587             	3.00303084e+02
588             	3.00303082e+02
589             	3.00303080e+02
590             	3.00303078e+02
591             	3.00303077e+02
592             	3.00303075e+02
593             	3.00303074e+02
594             	3.00303072e+02
595             	3.00303071e+02
596             	3.00303070e+02
597             	3.00303069e+02
598             	3.00303068e+02
599             	3.00303067e+02
600             	3.00303066e+02
601             	3.00303066e+02
602             	3.00303065e+02
603             	3.00303065e+02
604             	3.00303064e+02
605             	3.00303064e+02
606             	3.00303063e+02
607             	3.00303063e+02
608             	3.00303062e+02
609             	3.00303061e+02
610             	3.00303061e+02
611             	3.00303060e+02
612             	3.00303060e+02
613             	3.00303059e+02
614             	3.00303059e+02
615             	3.00303059e+02
616             	3.00303059e+02
617             	3.00303059e+02
618             	3.00303058e+02
619             	3.00303059e+02
620             	3.00303059e+02
621             	3.00303059e+02
622             	3.00303059e+02
623             	3.00303060e+02
624             	3.00303060e+02
625             	3.00303061e+02
626             	3.00303062e+02
627             	3.00303062e+02
628             	3.00303063e+02
629             	3.00303064e+02
630             	3.00303065e+02
631             	3.00303066e+02
632             	3.00303067e+02
633             	3.00303068e+02
634             	3.00303069e+02
635             	3.00303070e+02
636             	3.00303071e+02
637             	3.00303072e+02
638             	3.00303072e+02
639             	3.00303073e+02
640             	3.00303073e+02
641             	3.00303074e+02
642             	3.00303074e+02
643             	3.00303075e+02
644             	3.00303076e+02
645             	3.00303077e+02
646             	3.00303077e+02
647             	3.00303078e+02
648             	3.00303079e+02
649             	3.00303080e+02
650             	3.00303081e+02
651             	3.00303083e+02
652             	3.00303084e+02
653             	3.00303085e+02
654             	3.00303087e+02
655             	3.00303088e+02
656             	3.00303090e+02
657             	3.00303091e+02
658             	3.00303093e+02
659             	3.00303094e+02
660             	3.00303096e+02
661             	3.00303097e+02
662             	3.00303099e+02
663             	3.00303100e+02
664             	3.00303102e+02
665             	3.00303103e+02
666             	3.00303105e+02
667             	3.00303107e+02
668             	3.00303108e+02
669             	3.00303110e+02
670             	3.00303111e+02
671             	3.00303113e+02
672             	3.00303114e+02
673             	3.00303116e+02
674             	3.00303118e+02
675             	3.00303119e+02
676             	3.00303121e+02
677             	3.00303122e+02
678             	3.00303124e+02
679             	3.00303126e+02
680             	3.00303127e+02
681             	3.00303129e+02
682             	3.00303131e+02
683             	3.00303133e+02
684             	3.00303135e+02
685             	3.00303137e+02
686             	3.00303139e+02
687             	3.00303141e+02
688             	3.00303143e+02
689             	3.00303145e+02
690             	3.00303147e+02
691             	3.00303149e+02
692             	3.00303151e+02
693             	3.00303154e+02
694             	3.00303156e+02
695             	3.00303158e+02
696             	3.00303160e+02
697             	3.00303162e+02
698             	3.00303164e+02
699             	3.00303166e+02
700             	3.00303168e+02
701             	3.00303170e+02
702             	3.00303172e+02
703             	3.00303174e+02
704             	3.00303176e+02
705             	3.00303178e+02
706             	3.00303180e+02
707             	3.00303182e+02
708             	3.00303184e+02
709             	3.00303186e+02
710             	3.00303188e+02
711             	3.00303190e+02
712             	3.00303192e+02
713             	3.00303194e+02
714             	3.00303196e+02
715             	3.00303198e+02
716             	3.00303200e+02
717             	3.00303202e+02
718             	3.00303204e+02
719             	3.00303206e+02
720             	3.00303208e+02
721             	3.00303210e+02
722             	3.00303212e+02
723             	3.00303214e+02
724             	3.00303216e+02
725             	3.00303218e+02
726             	3.00303220e+02
727             	3.00303222e+02
728             	3.00303224e+02
729             	3.00303226e+02
730             	3.00303229e+02
731             	3.00303231e+02
732             	3.00303233e+02
733             	3.00303235e+02
734             	3.00303237e+02
735             	3.00303240e+02
736             	3.00303242e+02
737             	3.00303244e+02
738             	3.00303246e+02
739             	3.00303249e+02
740             	3.00303251e+02
741             	3.00303253e+02
742             	3.00303256e+02
743             	3.00303258e+02
744             	3.00303261e+02
745             	3.00303263e+02
746             	3.00303265e+02
747             	3.00303267e+02
748             	3.00303269e+02
749             	3.00303271e+02
750             	3.00303273e+02
751             	3.00303275e+02
752             	3.00303278e+02
753             	3.00303280e+02
754             	3.00303282e+02
755             	3.00303285e+02
756             	3.00303287e+02
757             	3.00303289e+02
758             	3.00303291e+02
759             	3.00303293e+02
760             	3.00303295e+02
761             	3.00303297e+02
762             	3.00303298e+02
763             	3.00303300e+02
764             	3.00303302e+02
765             	3.00303304e+02
766             	3.00303305e+02
767             	3.00303307e+02
768             	3.00303309e+02
769             	3.00303311e+02
770             	3.00303313e+02
771             	3.00303315e+02
772             	3.00303316e+02
773             	3.00303318e+02
774             	3.00303320e+02
775             	3.00303322e+02
776             	3.00303324e+02
777             	3.00303326e+02
778             	3.00303328e+02
779             	3.00303330e+02
780             	3.00303332e+02
781             	3.00303334e+02
782             	3.00303336e+02
783             	3.00303338e+02
784             	3.00303340e+02
785             	3.00303342e+02
786             	3.00303344e+02
787             	3.00303346e+02
788             	3.00303348e+02
789             	3.00303350e+02
790             	3.00303353e+02
791             	3.00303355e+02
792             	3.00303357e+02
793             	3.00303358e+02
794             	3.00303360e+02
795             	3.00303362e+02
796             	3.00303365e+02
797             	3.00303366e+02
798             	3.00303368e+02
799             	3.00303370e+02
800             	3.00303372e+02
801             	3.00303374e+02
802             	3.00303376e+02
803             	3.00303378e+02
804             	3.00303380e+02
805             	3.00303382e+02
806             	3.00303384e+02
807             	3.00303385e+02
808             	3.00303387e+02
809             	3.00303389e+02
810             	3.00303391e+02
811             	3.00303392e+02
812             	3.00303394e+02
813             	3.00303396e+02
814             	3.00303397e+02
815             	3.00303398e+02
816             	3.00303400e+02
817             	3.00303402e+02
818             	3.00303403e+02
819             	3.00303405e+02
820             	3.00303406e+02
821             	3.00303408e+02
822             	3.00303409e+02
823             	3.00303411e+02
824             	3.00303412e+02
825             	3.00303414e+02
826             	3.00303415e+02
827             	3.00303417e+02
828             	3.00303419e+02
829             	3.00303421e+02
830             	3.00303422e+02
831             	3.00303424e+02
832             	3.00303426e+02
833             	3.00303428e+02
834             	3.00303429e+02
835             	3.00303431e+02
836             	3.00303433e+02
837             	3.00303435e+02
838             	3.00303436e+02
839             	3.00303438e+02
840             	3.00303440e+02
841             	3.00303442e+02
842             	3.00303443e+02
843             	3.00303445e+02
844             	3.00303447e+02
845             	3.00303448e+02
846             	3.00303450e+02
847             	3.00303452e+02
848             	3.00303453e+02
849             	3.00303455e+02
850             	3.00303457e+02
851             	3.00303458e+02
852             	3.00303460e+02
853             	3.00303462e+02
854             	3.00303463e+02
855             	3.00303465e+02
856             	3.00303466e+02
857             	3.00303468e+02
858             	3.00303470e+02
859             	3.00303471e+02
860             	3.00303473e+02
861             	3.00303474e+02
862             	3.00303476e+02
863             	3.00303477e+02
864             	3.00303479e+02
865             	3.00303481e+02
866             	3.00303482e+02
867             	3.00303484e+02
868             	3.00303485e+02
869             	3.00303486e+02
870             	3.00303488e+02
871             	3.00303489e+02
872             	3.00303490e+02
873             	3.00303491e+02
874             	3.00303493e+02
875             	3.00303494e+02
876             	3.00303495e+02
877             	3.00303496e+02
878             	3.00303497e+02
879             	3.00303499e+02
880             	3.00303500e+02
881             	3.00303501e+02
882             	3.00303503e+02
883             	3.00303504e+02
884             	3.00303505e+02
885             	3.00303507e+02
886             	3.00303508e+02
887             	3.00303510e+02
888             	3.00303511e+02
889             	3.00303513e+02
890             	3.00303514e+02
891             	3.00303516e+02
892             	3.00303517e+02
893             	3.00303518e+02
894             	3.00303520e+02
895             	3.00303521e+02
896             	3.00303522e+02
897             	3.00303524e+02
898             	3.00303525e+02
899             	3.00303526e+02
900             	3.00303527e+02
901             	3.00303528e+02
902             	3.00303529e+02
903             	3.00303530e+02
904             	3.00303531e+02
905             	3.00303532e+02
906             	3.00303534e+02
907             	3.00303535e+02
908             	3.00303536e+02
909             	3.00303537e+02
910             	3.00303538e+02
911             	3.00303539e+02
912             	3.00303540e+02
913             	3.00303542e+02
914             	3.00303543e+02
915             	3.00303544e+02
916             	3.00303545e+02
917             	3.00303547e+02
918             	3.00303548e+02
919             	3.00303549e+02
920             	3.00303551e+02
921             	3.00303552e+02
922             	3.00303553e+02
923             	3.00303554e+02
924             	3.00303556e+02
925             	3.00303557e+02
926             	3.00303558e+02
927             	3.00303559e+02
928             	3.00303561e+02
929             	3.00303562e+02
930             	3.00303563e+02
931             	3.00303565e+02
932             	3.00303566e+02
933             	3.00303567e+02
934             	3.00303569e+02
935             	3.00303570e+02
936             	3.00303571e+02
937             	3.00303572e+02
938             	3.00303573e+02
939             	3.00303574e+02
940             	3.00303575e+02
941             	3.00303576e+02
942             	3.00303577e+02
943             	3.00303578e+02
944             	3.00303579e+02
945             	3.00303580e+02
946             	3.00303581e+02
947             	3.00303582e+02
948             	3.00303582e+02
949             	3.00303583e+02
950             	3.00303584e+02
951             	3.00303584e+02
952             	3.00303586e+02
953             	3.00303587e+02
954             	3.00303589e+02
955             	3.00303590e+02
956             	3.00303591e+02
957             	3.00303593e+02
958             	3.00303594e+02
959             	3.00303595e+02
960             	3.00303596e+02
961             	3.00303597e+02
962             	3.00303598e+02
963             	3.00303599e+02
964             	3.00303599e+02
965             	3.00303599e+02
966             	3.00303601e+02
967             	3.00303602e+02
968             	3.00303603e+02
969             	3.00303603e+02
970             	3.00303604e+02
971             	3.00303605e+02
972             	3.00303606e+02
973             	3.00303607e+02
974             	3.00303608e+02
975             	3.00303609e+02
976             	3.00303609e+02
977             	3.00303610e+02
978             	3.00303611e+02
979             	3.00303611e+02
980             	3.00303612e+02
981             	3.00303613e+02
982             	3.00303613e+02
983             	3.00303614e+02
984             	3.00303615e+02
985             	3.00303616e+02
986             	3.00303617e+02
987             	3.00303618e+02
988             	3.00303619e+02
989             	3.00303620e+02
990             	3.00303621e+02
991             	3.00303622e+02
992             	3.00303623e+02
993             	3.00303624e+02
994             	3.00303625e+02
995             	3.00303625e+02
996             	3.00303627e+02
997             	3.00303628e+02
998             	3.00303629e+02
999             	3.00303630e+02
1000            	3.00303631e+02
1001            	3.00303632e+02
1002            	3.00303632e+02
1003            	3.00303633e+02
1004            	3.00303633e+02
1005            	3.00303633e+02
1006            	3.00303634e+02
1007            	3.00303634e+02
1008            	3.00303634e+02
1009            	3.00303635e+02
1010            	3.00303636e+02
1011            	3.00303636e+02
1012            	3.00303637e+02
1013            	3.00303638e+02
1014            	3.00303639e+02
1015            	3.00303640e+02
1016            	3.00303641e+02
1017            	3.00303642e+02
1018            	3.00303643e+02
1019            	3.00303643e+02
1020            	3.00303643e+02
1021            	3.00303644e+02
1022            	3.00303644e+02
1023            	3.00303645e+02
1024            	3.00303645e+02
1025            	3.00303646e+02
1026            	3.00303646e+02
1027            	3.00303646e+02
1028            	3.00303646e+02
1029            	3.00303647e+02
1030            	3.00303647e+02
1031            	3.00303648e+02
1032            	3.00303648e+02
1033            	3.00303648e+02
1034            	3.00303648e+02
1035            	3.00303648e+02
1036            	3.00303648e+02
1037            	3.00303649e+02
1038            	3.00303649e+02
1039            	3.00303649e+02
1040            	3.00303649e+02
1041            	3.00303650e+02
1042            	3.00303650e+02
1043            	3.00303650e+02
1044            	3.00303650e+02
1045            	3.00303651e+02
1046            	3.00303651e+02
1047            	3.00303651e+02
1048            	3.00303651e+02
1049            	3.00303652e+02
1050            	3.00303653e+02
1051            	3.00303654e+02
1052            	3.00303654e+02
1053            	3.00303654e+02
1054            	3.00303654e+02
1055            	3.00303655e+02
1056            	3.00303655e+02
1057            	3.00303656e+02
1058            	3.00303656e+02
1059            	3.00303656e+02
1060            	3.00303656e+02
1061            	3.00303656e+02
1062            	3.00303656e+02
1063            	3.00303657e+02
1064            	3.00303657e+02
1065            	3.00303658e+02
1066            	3.00303658e+02
1067            	3.00303658e+02
1068            	3.00303658e+02
1069            	3.00303659e+02
1070            	3.00303659e+02
1071            	3.00303659e+02
1072            	3.00303659e+02
1073            	3.00303659e+02
1074            	3.00303659e+02
1075            	3.00303659e+02
1076            	3.00303659e+02
1077            	3.00303660e+02
1078            	3.00303660e+02
1079            	3.00303661e+02
1080            	3.00303661e+02
1081            	3.00303661e+02
1082            	3.00303661e+02
1083            	3.00303661e+02
1084            	3.00303661e+02
1085            	3.00303662e+02
1086            	3.00303662e+02
1087            	3.00303663e+02
1088            	3.00303663e+02
1089            	3.00303663e+02
1090            	3.00303663e+02
1091            	3.00303664e+02
1092            	3.00303664e+02
1093            	3.00303664e+02
1094            	3.00303664e+02
1095            	3.00303665e+02
1096            	3.00303665e+02
1097            	3.00303666e+02
1098            	3.00303666e+02
1099            	3.00303667e+02
1100            	3.00303667e+02
1101            	3.00303668e+02
1102            	3.00303668e+02
1103            	3.00303667e+02
1104            	3.00303667e+02
1105            	3.00303668e+02
1106            	3.00303668e+02
1107            	3.00303668e+02
1108            	3.00303668e+02
1109            	3.00303668e+02
1110            	3.00303668e+02
1111            	3.00303668e+02
1112            	3.00303668e+02
1113            	3.00303668e+02
1114            	3.00303668e+02
1115            	3.00303668e+02
1116            	3.00303668e+02
1117            	3.00303668e+02
1118            	3.00303668e+02
1119            	3.00303668e+02
1120            	3.00303668e+02
1121            	3.00303669e+02
1122            	3.00303669e+02
1123            	3.00303669e+02
1124            	3.00303669e+02
1125            	3.00303670e+02
1126            	3.00303670e+02
1127            	3.00303670e+02
1128            	3.00303670e+02
1129            	3.00303671e+02
1130            	3.00303671e+02
1131            	3.00303671e+02
1132            	3.00303671e+02
1133            	3.00303672e+02
1134            	3.00303672e+02
1135            	3.00303673e+02
1136            	3.00303673e+02
1137            	3.00303673e+02
1138            	3.00303673e+02
1139            	3.00303673e+02
1140            	3.00303673e+02
1141            	3.00303674e+02
1142            	3.00303674e+02
1143            	3.00303674e+02
1144            	3.00303674e+02
1145            	3.00303675e+02
1146            	3.00303675e+02
1147            	3.00303674e+02
1148            	3.00303674e+02
1149            	3.00303674e+02
1150            	3.00303674e+02
1151            	3.00303674e+02
1152            	3.00303674e+02
1153            	3.00303674e+02
1154            	3.00303674e+02
1155            	3.00303673e+02
1156            	3.00303673e+02
1157            	3.00303673e+02
1158            	3.00303673e+02
1159            	3.00303673e+02
1160            	3.00303673e+02
1161            	3.00303673e+02
1162            	3.00303673e+02
1163            	3.00303673e+02
1164            	3.00303673e+02
1165            	3.00303673e+02
1166            	3.00303673e+02
1167            	3.00303673e+02
1168            	3.00303673e+02
1169            	3.00303673e+02
1170            	3.00303673e+02
1171            	3.00303673e+02
1172            	3.00303673e+02
1173            	3.00303674e+02
1174            	3.00303674e+02
1175            	3.00303674e+02
1176            	3.00303674e+02
1177            	3.00303674e+02
1178            	3.00303674e+02
1179            	3.00303674e+02
1180            	3.00303674e+02
1181            	3.00303675e+02
1182            	3.00303675e+02
1183            	3.00303675e+02
1184            	3.00303675e+02
1185            	3.00303675e+02
1186            	3.00303675e+02
1187            	3.00303675e+02
1188            	3.00303675e+02
1189            	3.00303675e+02
1190            	3.00303675e+02
1191            	3.00303675e+02
1192            	3.00303675e+02
1193            	3.00303675e+02
1194            	3.00303675e+02
1195            	3.00303675e+02
1196            	3.00303675e+02
1197            	3.00303676e+02
1198            	3.00303676e+02
1199            	3.00303676e+02
1200            	3.00303676e+02
1201            	3.00303676e+02
1202            	3.00303676e+02
1203            	3.00303676e+02
1204            	3.00303676e+02
1205            	3.00303676e+02
1206            	3.00303676e+02
1207            	3.00303676e+02
1208            	3.00303676e+02
1209            	3.00303676e+02
1210            	3.00303676e+02
1211            	3.00303677e+02
1212            	3.00303677e+02
1213            	3.00303677e+02
1214            	3.00303677e+02
1215            	3.00303677e+02
1216            	3.00303677e+02
1217            	3.00303677e+02
1218            	3.00303677e+02
1219            	3.00303677e+02
1220            	3.00303677e+02
1221            	3.00303677e+02
1222            	3.00303677e+02
1223            	3.00303677e+02
1224            	3.00303677e+02
1225            	3.00303677e+02
1226            	3.00303677e+02
1227            	3.00303677e+02
1228            	3.00303677e+02
1229            	3.00303677e+02
1230            	3.00303677e+02
1231            	3.00303677e+02
1232            	3.00303677e+02
1233            	3.00303676e+02
1234            	3.00303676e+02
1235            	3.00303676e+02
1236            	3.00303676e+02
1237            	3.00303676e+02
1238            	3.00303676e+02
1239            	3.00303676e+02
1240            	3.00303676e+02
1241            	3.00303676e+02
1242            	3.00303676e+02
1243            	3.00303676e+02
1244            	3.00303676e+02
1245            	3.00303676e+02
1246            	3.00303676e+02
1247            	3.00303676e+02
1248            	3.00303676e+02
1249            	3.00303676e+02
1250            	3.00303676e+02
1251            	3.00303676e+02
1252            	3.00303676e+02
1253            	3.00303676e+02
1254            	3.00303676e+02
1255            	3.00303676e+02
1256            	3.00303676e+02
1257            	3.00303676e+02
1258            	3.00303676e+02
1259            	3.00303676e+02
1260            	3.00303676e+02
1261            	3.00303676e+02
1262            	3.00303676e+02
1263            	3.00303675e+02
1264            	3.00303675e+02
1265            	3.00303675e+02
1266            	3.00303675e+02
1267            	3.00303675e+02
1268            	3.00303675e+02
1269            	3.00303675e+02
1270            	3.00303675e+02
1271            	3.00303675e+02
1272            	3.00303674e+02
1273            	3.00303674e+02
1274            	3.00303674e+02
1275            	3.00303674e+02
1276            	3.00303674e+02
1277            	3.00303673e+02
1278            	3.00303673e+02
1279            	3.00303673e+02
1280            	3.00303673e+02
1281            	3.00303673e+02
1282            	3.00303673e+02
1283            	3.00303673e+02
1284            	3.00303673e+02
1285            	3.00303673e+02
1286            	3.00303673e+02
1287            	3.00303674e+02
1288            	3.00303674e+02
1289            	3.00303674e+02
1290            	3.00303674e+02
1291            	3.00303674e+02
1292            	3.00303674e+02
1293            	3.00303674e+02
1294            	3.00303674e+02
1295            	3.00303674e+02
1296            	3.00303674e+02
1297            	3.00303673e+02
1298            	3.00303673e+02
1299            	3.00303673e+02
1300            	3.00303673e+02
1301            	3.00303673e+02
1302            	3.00303673e+02
1303            	3.00303672e+02
1304            	3.00303672e+02
1305            	3.00303672e+02
1306            	3.00303672e+02
1307            	3.00303672e+02
1308            	3.00303672e+02
1309            	3.00303672e+02
1310            	3.00303672e+02
1311            	3.00303672e+02
1312            	3.00303672e+02
1313            	3.00303672e+02
1314            	3.00303672e+02
1315            	3.00303672e+02
1316            	3.00303672e+02
1317            	3.00303672e+02
1318            	3.00303672e+02
1319            	3.00303671e+02
1320            	3.00303671e+02
1321            	3.00303671e+02
1322            	3.00303671e+02
1323            	3.00303671e+02
1324            	3.00303670e+02
1325            	3.00303670e+02
1326            	3.00303670e+02
1327            	3.00303670e+02
1328            	3.00303669e+02
1329            	3.00303669e+02
1330            	3.00303669e+02
1331            	3.00303669e+02
1332            	3.00303669e+02
1333            	3.00303669e+02
1334            	3.00303669e+02
1335            	3.00303669e+02
1336            	3.00303669e+02
1337            	3.00303668e+02
1338            	3.00303668e+02
1339            	3.00303668e+02
1340            	3.00303668e+02
1341            	3.00303668e+02
1342            	3.00303668e+02
1343            	3.00303667e+02
1344            	3.00303667e+02
1345            	3.00303667e+02
1346            	3.00303667e+02
1347            	3.00303667e+02
1348            	3.00303667e+02
1349            	3.00303667e+02
1350            	3.00303667e+02
1351            	3.00303667e+02
1352            	3.00303667e+02
1353            	3.00303667e+02
1354            	3.00303667e+02
1355            	3.00303667e+02
1356            	3.00303667e+02
1357            	3.00303667e+02
1358            	3.00303667e+02
1359            	3.00303667e+02
1360            	3.00303667e+02
1361            	3.00303667e+02
1362            	3.00303667e+02
1363            	3.00303667e+02
1364            	3.00303667e+02
1365            	3.00303666e+02
1366            	3.00303666e+02
1367            	3.00303666e+02
1368            	3.00303666e+02
1369            	3.00303665e+02
1370            	3.00303665e+02
1371            	3.00303664e+02
1372            	3.00303664e+02
1373            	3.00303664e+02
1374            	3.00303664e+02
1375            	3.00303663e+02
1376            	3.00303663e+02
1377            	3.00303663e+02
1378            	3.00303663e+02
1379            	3.00303663e+02
1380            	3.00303663e+02
1381            	3.00303663e+02
1382            	3.00303663e+02
1383            	3.00303663e+02
1384            	3.00303664e+02
1385            	3.00303664e+02
1386            	3.00303664e+02
1387            	3.00303664e+02
1388            	3.00303664e+02
1389            	3.00303664e+02
1390            	3.00303664e+02
1391            	3.00303664e+02
1392            	3.00303664e+02
1393            	3.00303664e+02
1394            	3.00303664e+02
1395            	3.00303664e+02
1396            	3.00303664e+02
1397            	3.00303665e+02
1398            	3.00303665e+02
1399            	3.00303664e+02
1400            	3.00303664e+02
1401            	3.00303664e+02
1402            	3.00303664e+02
1403            	3.00303664e+02
1404            	3.00303664e+02
1405            	3.00303664e+02
1406            	3.00303664e+02
1407            	3.00303664e+02
1408            	3.00303664e+02
1409            	3.00303664e+02
1410            	3.00303664e+02
1411            	3.00303664e+02
1412            	3.00303664e+02
1413            	3.00303664e+02
1414            	3.00303664e+02
1415            	3.00303664e+02
1416            	3.00303665e+02
1417            	3.00303665e+02
1418            	3.00303665e+02
1419            	3.00303665e+02
1420            	3.00303665e+02
1421            	3.00303665e+02
1422            	3.00303665e+02
1423            	3.00303665e+02
1424            	3.00303665e+02
1425            	3.00303666e+02
1426            	3.00303666e+02
1427            	3.00303666e+02
1428            	3.00303667e+02
1429            	3.00303667e+02
1430            	3.00303667e+02
1431            	3.00303668e+02
1432            	3.00303669e+02
1433            	3.00303669e+02
1434            	3.00303669e+02
1435            	3.00303670e+02
1436            	3.00303670e+02
1437            	3.00303670e+02
1438            	3.00303671e+02
1439            	3.00303671e+02
1440            	3.00303671e+02
1441            	3.00303671e+02
1442            	3.00303671e+02
1443            	3.00303671e+02
1444            	3.00303671e+02
1445            	3.00303671e+02
1446            	3.00303671e+02
1447            	3.00303671e+02
1448            	3.00303671e+02
1449            	3.00303672e+02
1450            	3.00303672e+02
1451            	3.00303672e+02
1452            	3.00303672e+02
1453            	3.00303673e+02
1454            	3.00303673e+02
1455            	3.00303674e+02
1456            	3.00303675e+02
1457            	3.00303675e+02
1458            	3.00303676e+02
1459            	3.00303676e+02
1460            	3.00303677e+02
1461            	3.00303678e+02
1462            	3.00303679e+02
1463            	3.00303679e+02
1464            	3.00303680e+02
1465            	3.00303681e+02
1466            	3.00303682e+02
1467            	3.00303683e+02
1468            	3.00303683e+02
1469            	3.00303684e+02
1470            	3.00303685e+02
1471            	3.00303685e+02
1472            	3.00303686e+02
1473            	3.00303687e+02
1474            	3.00303687e+02
1475            	3.00303688e+02
1476            	3.00303688e+02
1477            	3.00303689e+02
1478            	3.00303689e+02
1479            	3.00303690e+02
1480            	3.00303691e+02
1481            	3.00303691e+02
1482            	3.00303692e+02
1483            	3.00303692e+02
1484            	3.00303693e+02
1485            	3.00303694e+02
1486            	3.00303694e+02
1487            	3.00303695e+02
1488            	3.00303696e+02
1489            	3.00303697e+02
1490            	3.00303697e+02
1491            	3.00303697e+02
1492            	3.00303698e+02
1493            	3.00303699e+02
1494            	3.00303699e+02
1495            	3.00303700e+02
1496            	3.00303700e+02
1497            	3.00303700e+02
1498            	3.00303700e+02
1499            	3.00303701e+02
1500            	3.00303701e+02
1501            	3.00303702e+02
1502            	3.00303702e+02
1503            	3.00303703e+02
1504            	3.00303703e+02
1505            	3.00303704e+02
1506            	3.00303704e+02
1507            	3.00303704e+02
1508            	3.00303704e+02
1509            	3.00303705e+02
1510            	3.00303705e+02
1511            	3.00303706e+02
1512            	3.00303706e+02
1513            	3.00303707e+02
1514            	3.00303708e+02
1515            	3.00303709e+02
1516            	3.00303710e+02
1517            	3.00303711e+02
1518            	3.00303711e+02
1519            	3.00303712e+02
1520            	3.00303712e+02
1521            	3.00303713e+02
1522            	3.00303713e+02
1523            	3.00303714e+02
1524            	3.00303714e+02
1525            	3.00303715e+02
1526            	3.00303715e+02
1527            	3.00303716e+02
1528            	3.00303716e+02
1529            	3.00303716e+02
1530            	3.00303716e+02
1531            	3.00303717e+02
1532            	3.00303717e+02
1533            	3.00303718e+02
1534            	3.00303718e+02
1535            	3.00303718e+02
1536            	3.00303718e+02
1537            	3.00303719e+02
1538            	3.00303720e+02
1539            	3.00303721e+02
1540            	3.00303721e+02
1541            	3.00303722e+02
1542            	3.00303722e+02
1543            	3.00303722e+02
1544            	3.00303723e+02
1545            	3.00303724e+02
1546            	3.00303725e+02
1547            	3.00303725e+02
1548            	3.00303725e+02
1549            	3.00303726e+02
1550            	3.00303726e+02
1551            	3.00303727e+02
1552            	3.00303727e+02
1553            	3.00303728e+02
1554            	3.00303728e+02
1555            	3.00303728e+02
1556            	3.00303729e+02
1557            	3.00303730e+02
1558            	3.00303730e+02
1559            	3.00303731e+02
1560            	3.00303732e+02
1561            	3.00303733e+02
1562            	3.00303733e+02
1563            	3.00303734e+02
1564            	3.00303734e+02
1565            	3.00303734e+02
1566            	3.00303734e+02
1567            	3.00303735e+02
1568            	3.00303735e+02
1569            	3.00303735e+02
1570            	3.00303735e+02
1571            	3.00303736e+02
1572            	3.00303737e+02
1573            	3.00303738e+02
1574            	3.00303738e+02
1575            	3.00303739e+02
1576            	3.00303739e+02
1577            	3.00303740e+02
1578            	3.00303740e+02
1579            	3.00303740e+02
1580            	3.00303740e+02
1581            	3.00303741e+02
1582            	3.00303741e+02
1583            	3.00303741e+02
1584            	3.00303741e+02
1585            	3.00303742e+02
1586            	3.00303742e+02
1587            	3.00303742e+02
1588            	3.00303742e+02
1589            	3.00303743e+02
1590            	3.00303743e+02
1591            	3.00303744e+02
1592            	3.00303744e+02
1593            	3.00303745e+02
1594            	3.00303745e+02
1595            	3.00303746e+02
1596            	3.00303746e+02
1597            	3.00303747e+02
1598            	3.00303747e+02
1599            	3.00303748e+02
1600            	3.00303748e+02
1601            	3.00303749e+02
1602            	3.00303749e+02
1603            	3.00303749e+02
1604            	3.00303749e+02
1605            	3.00303749e+02
1606            	3.00303749e+02
1607            	3.00303749e+02
1608            	3.00303749e+02
1609            	3.00303749e+02
1610            	3.00303749e+02
1611            	3.00303749e+02
1612            	3.00303749e+02
1613            	3.00303750e+02
1614            	3.00303750e+02
1615            	3.00303750e+02
1616            	3.00303750e+02
1617            	3.00303750e+02
1618            	3.00303750e+02
1619            	3.00303751e+02
1620            	3.00303751e+02
1621            	3.00303751e+02
1622            	3.00303751e+02
1623            	3.00303751e+02
1624            	3.00303751e+02
1625            	3.00303751e+02
1626            	3.00303751e+02
1627            	3.00303751e+02
1628            	3.00303751e+02
1629            	3.00303751e+02
1630            	3.00303751e+02
1631            	3.00303751e+02
1632            	3.00303751e+02
1633            	3.00303751e+02
1634            	3.00303751e+02
1635            	3.00303752e+02
1636            	3.00303752e+02
1637            	3.00303752e+02
1638            	3.00303752e+02
1639            	3.00303752e+02
1640            	3.00303752e+02
1641            	3.00303752e+02
1642            	3.00303752e+02
1643            	3.00303752e+02
1644            	3.00303752e+02
1645            	3.00303752e+02
1646            	3.00303752e+02
1647            	3.00303752e+02
1648            	3.00303752e+02
1649            	3.00303753e+02
1650            	3.00303753e+02
1651            	3.00303753e+02
1652            	3.00303753e+02
1653            	3.00303753e+02
1654            	3.00303753e+02
1655            	3.00303754e+02
1656            	3.00303754e+02
1657            	3.00303754e+02
1658            	3.00303754e+02
1659            	3.00303754e+02
1660            	3.00303754e+02
1661            	3.00303754e+02
1662            	3.00303754e+02
1663            	3.00303754e+02
1664            	3.00303754e+02
1665            	3.00303755e+02
1666            	3.00303755e+02
1667            	3.00303755e+02
1668            	3.00303755e+02
1669            	3.00303755e+02
1670            	3.00303755e+02
1671            	3.00303756e+02
1672            	3.00303756e+02
1673            	3.00303756e+02
1674            	3.00303756e+02
1675            	3.00303756e+02
1676            	3.00303756e+02
1677            	3.00303756e+02
1678            	3.00303756e+02
1679            	3.00303757e+02
1680            	3.00303757e+02
1681            	3.00303757e+02
1682            	3.00303757e+02
1683            	3.00303757e+02
1684            	3.00303757e+02
1685            	3.00303758e+02
1686            	3.00303758e+02
1687            	3.00303758e+02
1688            	3.00303758e+02
1689            	3.00303758e+02
1690            	3.00303758e+02
1691            	3.00303758e+02
1692            	3.00303758e+02
1693            	3.00303758e+02
1694            	3.00303758e+02
1695            	3.00303758e+02
1696            	3.00303758e+02
1697            	3.00303758e+02
1698            	3.00303758e+02
1699            	3.00303758e+02
1700            	3.00303758e+02
1701            	3.00303758e+02
1702            	3.00303758e+02
1703            	3.00303758e+02
1704            	3.00303758e+02
1705            	3.00303758e+02
1706            	3.00303758e+02
1707            	3.00303759e+02
1708            	3.00303759e+02
1709            	3.00303759e+02
1710            	3.00303759e+02
1711            	3.00303759e+02
1712            	3.00303759e+02
1713            	3.00303760e+02
1714            	3.00303760e+02
1715            	3.00303760e+02
1716            	3.00303760e+02
1717            	3.00303760e+02
1718            	3.00303760e+02
1719            	3.00303761e+02
1720            	3.00303761e+02
1721            	3.00303761e+02
1722            	3.00303761e+02
1723            	3.00303761e+02
1724            	3.00303761e+02
1725            	3.00303761e+02
1726            	3.00303761e+02
1727            	3.00303761e+02
1728            	3.00303761e+02
1729            	3.00303762e+02
1730            	3.00303762e+02
1731            	3.00303762e+02
1732            	3.00303762e+02
1733            	3.00303762e+02
1734            	3.00303762e+02
1735            	3.00303762e+02
1736            	3.00303762e+02
1737            	3.00303762e+02
1738            	3.00303762e+02
1739            	3.00303762e+02
1740            	3.00303762e+02
1741            	3.00303762e+02
1742            	3.00303762e+02
1743            	3.00303762e+02
1744            	3.00303762e+02
1745            	3.00303762e+02
1746            	3.00303762e+02
1747            	3.00303762e+02
1748            	3.00303762e+02
1749            	3.00303762e+02
1750            	3.00303762e+02
1751            	3.00303762e+02
1752            	3.00303762e+02
1753            	3.00303762e+02
1754            	3.00303762e+02
1755            	3.00303762e+02
1756            	3.00303762e+02
1757            	3.00303762e+02
1758            	3.00303762e+02
1759            	3.00303763e+02
1760            	3.00303763e+02
1761            	3.00303763e+02
1762            	3.00303763e+02
1763            	3.00303763e+02
1764            	3.00303763e+02
1765            	3.00303763e+02
1766            	3.00303763e+02
1767            	3.00303764e+02
1768            	3.00303764e+02
1769            	3.00303764e+02
1770            	3.00303764e+02
1771            	3.00303764e+02
1772            	3.00303764e+02
1773            	3.00303764e+02
1774            	3.00303764e+02
1775            	3.00303764e+02
1776            	3.00303764e+02
1777            	3.00303764e+02
1778            	3.00303764e+02
1779            	3.00303764e+02
1780            	3.00303764e+02
1781            	3.00303765e+02
1782            	3.00303765e+02
1783            	3.00303765e+02
1784            	3.00303765e+02
1785            	3.00303765e+02
1786            	3.00303765e+02
1787            	3.00303765e+02
1788            	3.00303765e+02
1789            	3.00303765e+02
1790            	3.00303765e+02
1791            	3.00303765e+02
1792            	3.00303765e+02
1793            	3.00303765e+02
1794            	3.00303765e+02
1795            	3.00303766e+02
1796            	3.00303766e+02
1797            	3.00303766e+02
1798            	3.00303766e+02
1799            	3.00303766e+02
1800            	3.00303766e+02
1801            	3.00303766e+02
1802            	3.00303766e+02
1803            	3.00303766e+02
1804            	3.00303766e+02
1805            	3.00303766e+02
1806            	3.00303766e+02
1807            	3.00303766e+02
1808            	3.00303766e+02
1809            	3.00303766e+02
1810            	3.00303766e+02
1811            	3.00303766e+02
1812            	3.00303766e+02
1813            	3.00303766e+02
1814            	3.00303766e+02
1815            	3.00303766e+02
1816            	3.00303766e+02
1817            	3.00303766e+02
1818            	3.00303766e+02
1819            	3.00303766e+02
1820            	3.00303766e+02
1821            	3.00303767e+02
1822            	3.00303767e+02
1823            	3.00303767e+02
1824            	3.00303767e+02
1825            	3.00303767e+02
1826            	3.00303767e+02
1827            	3.00303767e+02
1828            	3.00303767e+02
1829            	3.00303767e+02
1830            	3.00303767e+02
1831            	3.00303767e+02
1832            	3.00303767e+02
1833            	3.00303767e+02
1834            	3.00303767e+02
1835            	3.00303767e+02
1836            	3.00303767e+02
1837            	3.00303767e+02
1838            	3.00303767e+02
1839            	3.00303767e+02
1840            	3.00303767e+02
1841            	3.00303767e+02
1842            	3.00303767e+02
1843            	3.00303767e+02
1844            	3.00303767e+02
1845            	3.00303767e+02
1846            	3.00303767e+02
1847            	3.00303767e+02
1848            	3.00303767e+02
1849            	3.00303767e+02
1850            	3.00303767e+02
1851            	3.00303767e+02
1852            	3.00303767e+02
1853            	3.00303767e+02
1854            	3.00303767e+02
1855            	3.00303767e+02
1856            	3.00303767e+02
1857            	3.00303767e+02
1858            	3.00303767e+02
1859            	3.00303767e+02
1860            	3.00303767e+02
1861            	3.00303767e+02
1862            	3.00303767e+02
1863            	3.00303767e+02
1864            	3.00303767e+02
1865            	3.00303767e+02
1866            	3.00303767e+02
1867            	3.00303767e+02
1868            	3.00303767e+02
1869            	3.00303767e+02
1870            	3.00303767e+02
1871            	3.00303768e+02
1872            	3.00303768e+02
1873            	3.00303768e+02
1874            	3.00303768e+02
1875            	3.00303768e+02
1876            	3.00303768e+02
1877            	3.00303768e+02
1878            	3.00303768e+02
1879            	3.00303768e+02
1880            	3.00303768e+02
1881            	3.00303768e+02
1882            	3.00303768e+02
1883            	3.00303768e+02
1884            	3.00303768e+02
1885            	3.00303768e+02
1886            	3.00303768e+02
1887            	3.00303768e+02
1888            	3.00303768e+02
1889            	3.00303768e+02
1890            	3.00303768e+02
1891            	3.00303768e+02
1892            	3.00303768e+02
1893            	3.00303768e+02
1894            	3.00303768e+02
1895            	3.00303768e+02
1896            	3.00303768e+02
1897            	3.00303768e+02
1898            	3.00303768e+02
1899            	3.00303768e+02
1900            	3.00303768e+02
1901            	3.00303768e+02
1902            	3.00303768e+02
1903            	3.00303768e+02
1904            	3.00303768e+02
1905            	3.00303768e+02
1906            	3.00303768e+02
1907            	3.00303768e+02
1908            	3.00303768e+02
1909            	3.00303768e+02
1910            	3.00303768e+02
1911            	3.00303768e+02
1912            	3.00303768e+02
1913            	3.00303769e+02
1914            	3.00303769e+02
1915            	3.00303769e+02
1916            	3.00303769e+02
1917            	3.00303769e+02
1918            	3.00303769e+02
1919            	3.00303769e+02
1920            	3.00303769e+02
1921            	3.00303769e+02
1922            	3.00303769e+02
1923            	3.00303769e+02
1924            	3.00303769e+02
1925            	3.00303769e+02
1926            	3.00303769e+02
1927            	3.00303769e+02
1928            	3.00303769e+02
1929            	3.00303770e+02
1930            	3.00303770e+02
1931            	3.00303770e+02
1932            	3.00303770e+02
1933            	3.00303770e+02
1934            	3.00303770e+02
1935            	3.00303770e+02
1936            	3.00303770e+02
1937            	3.00303770e+02
1938            	3.00303770e+02
1939            	3.00303770e+02
1940            	3.00303770e+02
1941            	3.00303770e+02
1942            	3.00303770e+02
1943            	3.00303770e+02
1944            	3.00303770e+02
1945            	3.00303771e+02
1946            	3.00303771e+02
1947            	3.00303771e+02
1948            	3.00303771e+02
1949            	3.00303771e+02
1950            	3.00303771e+02
1951            	3.00303771e+02
1952            	3.00303771e+02
1953            	3.00303771e+02
1954            	3.00303771e+02
1955            	3.00303771e+02
1956            	3.00303771e+02
1957            	3.00303772e+02
1958            	3.00303772e+02
1959            	3.00303773e+02
1960            	3.00303773e+02
1961            	3.00303773e+02
1962            	3.00303773e+02
1963            	3.00303774e+02
1964            	3.00303774e+02
1965            	3.00303774e+02
1966            	3.00303774e+02
1967            	3.00303774e+02
1968            	3.00303774e+02
1969            	3.00303774e+02
1970            	3.00303774e+02
1971            	3.00303774e+02
1972            	3.00303774e+02
1973            	3.00303775e+02
1974            	3.00303775e+02
1975            	3.00303775e+02
1976            	3.00303775e+02
1977            	3.00303776e+02
1978            	3.00303776e+02
1979            	3.00303776e+02
1980            	3.00303776e+02
1981            	3.00303777e+02
1982            	3.00303777e+02
1983            	3.00303777e+02
1984            	3.00303777e+02
1985            	3.00303778e+02
1986            	3.00303778e+02
1987            	3.00303778e+02
1988            	3.00303778e+02
1989            	3.00303778e+02
1990            	3.00303778e+02
1991            	3.00303778e+02
1992            	3.00303778e+02
1993            	3.00303779e+02
1994            	3.00303779e+02
1995            	3.00303780e+02
1996            	3.00303780e+02
1997            	3.00303780e+02
1998            	3.00303780e+02
1999            	3.00303781e+02
2000            	3.00303781e+02
