# Region        : cellZone pcb
# Cells         : 630
# Volume        : 1.26210435e+00
# Time          	volAverage(T)
1               	3.00002725e+02
2               	3.00008013e+02
3               	3.00015580e+02
4               	3.00025358e+02
5               	3.00036253e+02
6               	3.00048788e+02
7               	3.00062936e+02
8               	3.00078599e+02
9               	3.00096101e+02
10              	3.00115576e+02
11              	3.00136508e+02
12              	3.00159362e+02
13              	3.00183700e+02
14              	3.00208351e+02
15              	3.00234625e+02
16              	3.00261705e+02
17              	3.00287907e+02
18              	3.00315572e+02
19              	3.00345243e+02
20              	3.00376067e+02
21              	3.00407711e+02
22              	3.00439439e+02
23              	3.00473068e+02
24              	3.00506289e+02
25              	3.00540797e+02
26              	3.00577191e+02
27              	3.00617606e+02
28              	3.00658599e+02
29              	3.00699103e+02
30              	3.00739309e+02
31              	3.00778941e+02
32              	3.00814386e+02
33              	3.00850046e+02
34              	3.00887530e+02
35              	3.00926709e+02
36              	3.00964356e+02
37              	3.00998815e+02
38              	3.01034320e+02
39              	3.01073336e+02
40              	3.01113545e+02
41              	3.01153715e+02
42              	3.01196986e+02
43              	3.01241918e+02
44              	3.01285110e+02
45              	3.01327348e+02
46              	3.01366136e+02
47              	3.01406328e+02
48              	3.01447666e+02
49              	3.01492619e+02
50              	3.01535289e+02
51              	3.01578728e+02
52              	3.01623291e+02
53              	3.01664539e+02
54              	3.01706669e+02
55              	3.01748249e+02
56              	3.01788911e+02
57              	3.01833026e+02
58              	3.01879368e+02
59              	3.01925113e+02
60              	3.01964397e+02
61              	3.02003321e+02
62              	3.02044941e+02
63              	3.02084975e+02
64              	3.02123295e+02
65              	3.02164638e+02
66              	3.02205221e+02
67              	3.02245177e+02
68              	3.02285176e+02
69              	3.02326018e+02
70              	3.02368236e+02
71              	3.02407244e+02
72              	3.02451619e+02
73              	3.02490502e+02
74              	3.02526093e+02
75              	3.02564286e+02
76              	3.02602783e+02
77              	3.02642388e+02
78              	3.02682783e+02
79              	3.02723657e+02
80              	3.02765017e+02
81              	3.02803839e+02
82              	3.02840360e+02
83              	3.02880316e+02
84              	3.02921394e+02
85              	3.02958814e+02
86              	3.02996036e+02
87              	3.03032826e+02
88              	3.03072264e+02
89              	3.03110011e+02
90              	3.03147123e+02
91              	3.03187361e+02
92              	3.03230887e+02
93              	3.03272075e+02
94              	3.03313234e+02
95              	3.03356096e+02
96              	3.03396012e+02
97              	3.03431037e+02
98              	3.03462479e+02
99              	3.03499165e+02
100             	3.03535156e+02
101             	3.03571562e+02
102             	3.03608665e+02
103             	3.03646073e+02
104             	3.03683002e+02
105             	3.03720609e+02
106             	3.03758152e+02
107             	3.03794751e+02
108             	3.03830495e+02
109             	3.03865378e+02
110             	3.03899701e+02
111             	3.03933803e+02
112             	3.03966857e+02
113             	3.04000630e+02
114             	3.04033891e+02
115             	3.04068109e+02
116             	3.04103091e+02
117             	3.04137878e+02
118             	3.04173851e+02
119             	3.04209604e+02
120             	3.04245101e+02
121             	3.04281366e+02
122             	3.04317076e+02
123             	3.04350340e+02
124             	3.04382190e+02
125             	3.04412690e+02
126             	3.04442592e+02
127             	3.04473062e+02
128             	3.04504103e+02
129             	3.04535804e+02
130             	3.04568579e+02
131             	3.04602385e+02
132             	3.04635413e+02
133             	3.04667503e+02
134             	3.04699839e+02
135             	3.04730492e+02
136             	3.04760876e+02
137             	3.04792173e+02
138             	3.04822428e+02
139             	3.04851605e+02
140             	3.04879644e+02
141             	3.04909492e+02
142             	3.04940393e+02
143             	3.04969940e+02
144             	3.04998355e+02
145             	3.05027101e+02
146             	3.05056354e+02
147             	3.05085408e+02
148             	3.05113136e+02
149             	3.05139377e+02
150             	3.05165322e+02
151             	3.05191332e+02
152             	3.05217998e+02
153             	3.05244907e+02
154             	3.05271790e+02
155             	3.05299649e+02
156             	3.05327125e+02
157             	3.05354723e+02
158             	3.05382320e+02
159             	3.05409916e+02
160             	3.05437108e+02
161             	3.05463512e+02
162             	3.05488896e+02
163             	3.05513861e+02
164             	3.05538230e+02
165             	3.05561624e+02
166             	3.05585269e+02
167             	3.05609273e+02
168             	3.05633585e+02
169             	3.05657569e+02
170             	3.05681712e+02
171             	3.05706173e+02
172             	3.05730267e+02
173             	3.05753954e+02
174             	3.05777597e+02
175             	3.05801591e+02
176             	3.05826131e+02
177             	3.05849538e+02
178             	3.05871816e+02
179             	3.05893336e+02
180             	3.05914553e+02
181             	3.05935499e+02
182             	3.05956773e+02
183             	3.05978645e+02
184             	3.06000440e+02
185             	3.06021917e+02
186             	3.06043265e+02
187             	3.06064682e+02
188             	3.06086352e+02
189             	3.06108051e+02
190             	3.06128905e+02
191             	3.06148900e+02
192             	3.06168308e+02
193             	3.06187570e+02
194             	3.06206828e+02
195             	3.06226507e+02
196             	3.06245764e+02
197             	3.06264934e+02
198             	3.06284301e+02
199             	3.06303680e+02
200             	3.06323165e+02
201             	3.06342345e+02
202             	3.06361145e+02
203             	3.06379680e+02
204             	3.06397710e+02
205             	3.06415658e+02
206             	3.06433539e+02
207             	3.06451453e+02
208             	3.06469154e+02
209             	3.06487027e+02
210             	3.06504820e+02
211             	3.06522636e+02
212             	3.06540347e+02
213             	3.06558141e+02
214             	3.06575869e+02
215             	3.06593523e+02
216             	3.06610593e+02
217             	3.06627158e+02
218             	3.06643270e+02
219             	3.06659304e+02
220             	3.06675247e+02
221             	3.06691280e+02
222             	3.06707186e+02
223             	3.06722984e+02
224             	3.06738720e+02
225             	3.06754278e+02
226             	3.06769829e+02
227             	3.06785295e+02
228             	3.06800474e+02
229             	3.06815432e+02
230             	3.06830056e+02
231             	3.06844573e+02
232             	3.06858782e+02
233             	3.06873016e+02
234             	3.06887292e+02
235             	3.06901358e+02
236             	3.06915276e+02
237             	3.06929115e+02
238             	3.06942979e+02
239             	3.06956910e+02
240             	3.06970860e+02
241             	3.06984700e+02
242             	3.06998381e+02
243             	3.07011938e+02
244             	3.07025459e+02
245             	3.07038753e+02
246             	3.07051822e+02
247             	3.07064732e+02
248             	3.07077360e+02
249             	3.07089775e+02
250             	3.07102368e+02
251             	3.07114918e+02
252             	3.07127346e+02
253             	3.07139681e+02
254             	3.07151944e+02
255             	3.07164113e+02
256             	3.07176406e+02
257             	3.07188490e+02
258             	3.07200327e+02
259             	3.07212056e+02
260             	3.07223707e+02
261             	3.07235161e+02
262             	3.07246481e+02
263             	3.07257592e+02
264             	3.07268696e+02
265             	3.07279787e+02
266             	3.07290796e+02
267             	3.07301970e+02
268             	3.07313173e+02
269             	3.07324040e+02
270             	3.07334697e+02
271             	3.07345301e+02
272             	3.07355662e+02
273             	3.07365892e+02
274             	3.07376085e+02
275             	3.07386155e+02
276             	3.07396131e+02
277             	3.07406033e+02
278             	3.07415904e+02
279             	3.07425950e+02
280             	3.07436039e+02
281             	3.07445855e+02
282             	3.07455537e+02
283             	3.07465211e+02
284             	3.07474850e+02
285             	3.07484382e+02
286             	3.07493801e+02
287             	3.07503023e+02
288             	3.07512148e+02
289             	3.07521135e+02
290             	3.07530018e+02
291             	3.07538831e+02
292             	3.07547599e+02
293             	3.07556451e+02
294             	3.07565225e+02
295             	3.07573847e+02
296             	3.07582520e+02
297             	3.07591170e+02
298             	3.07599696e+02
299             	3.07608100e+02
300             	3.07616260e+02
301             	3.07624393e+02
302             	3.07632471e+02
303             	3.07640377e+02
304             	3.07648188e+02
305             	3.07655957e+02
306             	3.07663647e+02
307             	3.07671363e+02
308             	3.07679192e+02
309             	3.07686978e+02
310             	3.07694669e+02
311             	3.07702414e+02
312             	3.07710126e+02
313             	3.07717632e+02
314             	3.07724966e+02
315             	3.07732151e+02
316             	3.07739111e+02
317             	3.07745908e+02
318             	3.07752820e+02
319             	3.07759780e+02
320             	3.07766683e+02
321             	3.07773629e+02
322             	3.07780723e+02
323             	3.07787878e+02
324             	3.07794925e+02
325             	3.07801724e+02
326             	3.07808308e+02
327             	3.07814675e+02
328             	3.07820924e+02
329             	3.07827077e+02
330             	3.07833196e+02
331             	3.07839338e+02
332             	3.07845438e+02
333             	3.07851550e+02
334             	3.07857863e+02
335             	3.07864075e+02
336             	3.07870097e+02
337             	3.07876176e+02
338             	3.07882204e+02
339             	3.07888084e+02
340             	3.07893887e+02
341             	3.07899494e+02
342             	3.07904977e+02
343             	3.07910425e+02
344             	3.07915730e+02
345             	3.07920897e+02
346             	3.07926162e+02
347             	3.07931729e+02
348             	3.07937255e+02
349             	3.07942623e+02
350             	3.07948136e+02
351             	3.07953665e+02
352             	3.07959168e+02
353             	3.07964521e+02
354             	3.07969583e+02
355             	3.07974458e+02
356             	3.07979118e+02
357             	3.07983648e+02
358             	3.07988433e+02
359             	3.07993365e+02
360             	3.07998228e+02
361             	3.08003124e+02
362             	3.08008218e+02
363             	3.08013381e+02
364             	3.08018491e+02
365             	3.08023416e+02
366             	3.08028045e+02
367             	3.08031902e+02
368             	3.08035719e+02
369             	3.08039727e+02
370             	3.08043914e+02
371             	3.08048441e+02
372             	3.08052917e+02
373             	3.08057183e+02
374             	3.08061341e+02
375             	3.08065947e+02
376             	3.08071275e+02
377             	3.08076454e+02
378             	3.08081100e+02
379             	3.08084369e+02
380             	3.08087360e+02
381             	3.08090350e+02
382             	3.08093750e+02
383             	3.08097375e+02
384             	3.08101232e+02
385             	3.08105262e+02
386             	3.08109272e+02
387             	3.08113716e+02
388             	3.08118885e+02
389             	3.08123807e+02
390             	3.08128438e+02
391             	3.08132175e+02
392             	3.08134743e+02
393             	3.08137119e+02
394             	3.08139704e+02
395             	3.08142559e+02
396             	3.08145768e+02
397             	3.08149097e+02
398             	3.08152578e+02
399             	3.08156192e+02
400             	3.08159810e+02
401             	3.08163436e+02
402             	3.08166996e+02
403             	3.08170378e+02
404             	3.08173642e+02
405             	3.08176454e+02
406             	3.08179185e+02
407             	3.08181890e+02
408             	3.08184553e+02
409             	3.08187249e+02
410             	3.08189994e+02
411             	3.08192966e+02
412             	3.08196026e+02
413             	3.08198955e+02
414             	3.08201911e+02
415             	3.08205051e+02
416             	3.08208290e+02
417             	3.08211479e+02
418             	3.08214462e+02
419             	3.08217126e+02
420             	3.08219239e+02
421             	3.08221445e+02
422             	3.08223969e+02
423             	3.08226529e+02
424             	3.08229158e+02
425             	3.08231773e+02
426             	3.08234418e+02
427             	3.08237076e+02
428             	3.08239642e+02
429             	3.08242359e+02
430             	3.08245193e+02
431             	3.08247905e+02
432             	3.08250400e+02
433             	3.08252707e+02
434             	3.08254807e+02
435             	3.08256921e+02
436             	3.08259125e+02
437             	3.08261333e+02
438             	3.08263471e+02
439             	3.08265537e+02
440             	3.08267634e+02
441             	3.08269872e+02
442             	3.08272114e+02
443             	3.08274306e+02
444             	3.08276530e+02
445             	3.08278772e+02
446             	3.08281010e+02
447             	3.08283255e+02
448             	3.08285326e+02
449             	3.08287389e+02
450             	3.08289387e+02
451             	3.08291293e+02
452             	3.08293149e+02
453             	3.08294935e+02
454             	3.08296736e+02
455             	3.08298603e+02
456             	3.08300532e+02
457             	3.08302498e+02
458             	3.08304476e+02
459             	3.08306452e+02
460             	3.08308423e+02
461             	3.08310391e+02
462             	3.08312359e+02
463             	3.08314303e+02
464             	3.08316209e+02
465             	3.08318082e+02
466             	3.08320050e+02
467             	3.08322056e+02
468             	3.08323897e+02
469             	3.08325601e+02
470             	3.08327272e+02
471             	3.08328949e+02
472             	3.08330570e+02
473             	3.08332170e+02
474             	3.08333743e+02
475             	3.08335297e+02
476             	3.08336809e+02
477             	3.08338306e+02
478             	3.08339808e+02
479             	3.08341287e+02
480             	3.08342755e+02
481             	3.08344253e+02
482             	3.08345752e+02
483             	3.08347253e+02
484             	3.08348761e+02
485             	3.08350269e+02
486             	3.08351779e+02
487             	3.08353284e+02
488             	3.08354779e+02
489             	3.08356259e+02
490             	3.08357718e+02
491             	3.08359148e+02
492             	3.08360541e+02
493             	3.08361896e+02
494             	3.08363223e+02
495             	3.08364529e+02
496             	3.08365793e+02
497             	3.08367080e+02
498             	3.08368360e+02
499             	3.08369613e+02
500             	3.08370898e+02
501             	3.08372153e+02
502             	3.08373367e+02
503             	3.08374600e+02
504             	3.08375824e+02
505             	3.08377032e+02
506             	3.08378223e+02
507             	3.08379387e+02
508             	3.08380512e+02
509             	3.08381605e+02
510             	3.08382682e+02
511             	3.08383752e+02
512             	3.08384829e+02
513             	3.08385898e+02
514             	3.08386968e+02
515             	3.08388066e+02
516             	3.08389184e+02
517             	3.08390316e+02
518             	3.08391461e+02
519             	3.08392584e+02
520             	3.08393682e+02
521             	3.08394758e+02
522             	3.08395822e+02
523             	3.08396867e+02
524             	3.08397881e+02
525             	3.08398849e+02
526             	3.08399628e+02
527             	3.08400443e+02
528             	3.08401324e+02
529             	3.08402216e+02
530             	3.08403152e+02
531             	3.08404144e+02
532             	3.08405113e+02
533             	3.08406097e+02
534             	3.08407095e+02
535             	3.08408085e+02
536             	3.08409044e+02
537             	3.08409984e+02
538             	3.08410882e+02
539             	3.08411757e+02
540             	3.08412635e+02
541             	3.08413483e+02
542             	3.08414287e+02
543             	3.08415082e+02
544             	3.08415880e+02
545             	3.08416670e+02
546             	3.08417432e+02
547             	3.08418182e+02
548             	3.08418864e+02
549             	3.08419487e+02
550             	3.08420142e+02
551             	3.08420854e+02
552             	3.08421584e+02
553             	3.08422318e+02
554             	3.08423046e+02
555             	3.08423759e+02
556             	3.08424443e+02
557             	3.08425160e+02
558             	3.08425824e+02
559             	3.08426526e+02
560             	3.08427239e+02
561             	3.08427925e+02
562             	3.08428735e+02
563             	3.08429492e+02
564             	3.08430130e+02
565             	3.08430798e+02
566             	3.08431511e+02
567             	3.08432255e+02
568             	3.08432965e+02
569             	3.08433636e+02
570             	3.08434292e+02
571             	3.08434916e+02
572             	3.08435496e+02
573             	3.08436043e+02
574             	3.08436560e+02
575             	3.08437066e+02
576             	3.08437589e+02
577             	3.08438137e+02
578             	3.08438697e+02
579             	3.08439278e+02
580             	3.08439891e+02
581             	3.08440531e+02
582             	3.08441175e+02
583             	3.08441795e+02
584             	3.08442392e+02
585             	3.08442981e+02
586             	3.08443584e+02
587             	3.08444170e+02
588             	3.08444691e+02
589             	3.08445167e+02
590             	3.08445623e+02
591             	3.08446076e+02
592             	3.08446483e+02
593             	3.08446968e+02
594             	3.08447537e+02
595             	3.08448125e+02
596             	3.08448711e+02
597             	3.08449283e+02
598             	3.08449838e+02
599             	3.08450359e+02
600             	3.08450887e+02
601             	3.08451424e+02
602             	3.08451973e+02
603             	3.08452489e+02
604             	3.08452986e+02
605             	3.08453496e+02
606             	3.08454003e+02
607             	3.08454481e+02
608             	3.08454927e+02
609             	3.08455340e+02
610             	3.08455721e+02
611             	3.08456086e+02
612             	3.08456444e+02
613             	3.08456811e+02
614             	3.08457168e+02
615             	3.08457520e+02
616             	3.08457866e+02
617             	3.08458272e+02
618             	3.08458664e+02
619             	3.08459027e+02
620             	3.08459406e+02
621             	3.08459794e+02
622             	3.08460168e+02
623             	3.08460462e+02
624             	3.08460755e+02
625             	3.08461082e+02
626             	3.08461406e+02
627             	3.08461718e+02
628             	3.08462014e+02
629             	3.08462312e+02
630             	3.08462623e+02
631             	3.08462954e+02
632             	3.08463307e+02
633             	3.08463658e+02
634             	3.08464007e+02
635             	3.08464371e+02
636             	3.08464755e+02
637             	3.08465150e+02
638             	3.08465530e+02
639             	3.08465879e+02
640             	3.08466265e+02
641             	3.08466708e+02
642             	3.08467028e+02
643             	3.08467253e+02
644             	3.08467493e+02
645             	3.08467723e+02
646             	3.08467952e+02
647             	3.08468049e+02
648             	3.08468220e+02
649             	3.08468500e+02
650             	3.08468803e+02
651             	3.08469140e+02
652             	3.08469460e+02
653             	3.08469763e+02
654             	3.08470044e+02
655             	3.08470314e+02
656             	3.08470584e+02
657             	3.08470861e+02
658             	3.08471133e+02
659             	3.08471417e+02
660             	3.08471713e+02
661             	3.08472003e+02
662             	3.08472279e+02
663             	3.08472539e+02
664             	3.08472837e+02
665             	3.08473185e+02
666             	3.08473553e+02
667             	3.08473816e+02
668             	3.08474120e+02
669             	3.08474453e+02
670             	3.08474757e+02
671             	3.08475033e+02
672             	3.08475297e+02
673             	3.08475539e+02
674             	3.08475741e+02
675             	3.08476072e+02
676             	3.08476318e+02
677             	3.08476429e+02
678             	3.08476524e+02
679             	3.08476607e+02
680             	3.08476659e+02
681             	3.08476701e+02
682             	3.08476772e+02
683             	3.08476907e+02
684             	3.08477059e+02
685             	3.08477218e+02
686             	3.08477393e+02
687             	3.08477503e+02
688             	3.08477532e+02
689             	3.08477526e+02
690             	3.08477553e+02
691             	3.08477616e+02
692             	3.08477703e+02
693             	3.08477535e+02
694             	3.08477521e+02
695             	3.08477704e+02
696             	3.08477939e+02
697             	3.08478191e+02
698             	3.08478429e+02
699             	3.08478740e+02
700             	3.08479061e+02
701             	3.08479287e+02
702             	3.08479476e+02
703             	3.08479680e+02
704             	3.08479906e+02
705             	3.08480178e+02
706             	3.08480429e+02
707             	3.08480656e+02
708             	3.08480858e+02
709             	3.08481027e+02
710             	3.08481156e+02
711             	3.08481228e+02
712             	3.08481188e+02
713             	3.08481085e+02
714             	3.08480949e+02
715             	3.08480806e+02
716             	3.08480747e+02
717             	3.08480728e+02
718             	3.08480753e+02
719             	3.08480831e+02
720             	3.08480964e+02
721             	3.08481137e+02
722             	3.08481265e+02
723             	3.08481347e+02
724             	3.08481508e+02
725             	3.08481633e+02
726             	3.08481742e+02
727             	3.08481820e+02
728             	3.08481864e+02
729             	3.08481704e+02
730             	3.08481615e+02
731             	3.08481646e+02
732             	3.08481775e+02
733             	3.08481999e+02
734             	3.08482273e+02
735             	3.08482499e+02
736             	3.08482681e+02
737             	3.08482864e+02
738             	3.08483247e+02
739             	3.08483520e+02
740             	3.08483629e+02
741             	3.08483732e+02
742             	3.08483682e+02
743             	3.08483603e+02
744             	3.08483666e+02
745             	3.08483730e+02
746             	3.08483721e+02
747             	3.08483669e+02
748             	3.08483625e+02
749             	3.08483642e+02
750             	3.08483738e+02
751             	3.08483897e+02
752             	3.08484105e+02
753             	3.08484438e+02
754             	3.08484657e+02
755             	3.08484752e+02
756             	3.08484852e+02
757             	3.08484966e+02
758             	3.08485061e+02
759             	3.08485117e+02
760             	3.08485155e+02
761             	3.08485190e+02
762             	3.08485134e+02
763             	3.08485116e+02
764             	3.08485092e+02
765             	3.08485075e+02
766             	3.08485188e+02
767             	3.08485287e+02
768             	3.08485353e+02
769             	3.08485463e+02
770             	3.08485721e+02
771             	3.08485998e+02
772             	3.08486184e+02
773             	3.08486282e+02
774             	3.08486326e+02
775             	3.08486412e+02
776             	3.08486516e+02
777             	3.08486570e+02
778             	3.08486575e+02
779             	3.08486580e+02
780             	3.08486574e+02
781             	3.08486558e+02
782             	3.08486541e+02
783             	3.08486522e+02
784             	3.08486628e+02
785             	3.08486683e+02
786             	3.08486643e+02
787             	3.08486641e+02
788             	3.08486688e+02
789             	3.08486747e+02
790             	3.08486745e+02
791             	3.08486778e+02
792             	3.08486843e+02
793             	3.08486856e+02
794             	3.08486815e+02
795             	3.08486751e+02
796             	3.08486728e+02
797             	3.08486782e+02
798             	3.08486890e+02
799             	3.08487021e+02
800             	3.08487162e+02
801             	3.08487261e+02
802             	3.08487380e+02
803             	3.08487519e+02
804             	3.08487667e+02
805             	3.08487823e+02
806             	3.08487980e+02
807             	3.08488134e+02
808             	3.08488295e+02
809             	3.08488446e+02
810             	3.08488561e+02
811             	3.08488651e+02
812             	3.08488729e+02
813             	3.08488809e+02
814             	3.08488889e+02
815             	3.08488970e+02
816             	3.08489040e+02
817             	3.08489099e+02
818             	3.08489151e+02
819             	3.08489201e+02
820             	3.08489246e+02
821             	3.08489284e+02
822             	3.08489333e+02
823             	3.08489355e+02
824             	3.08489369e+02
825             	3.08489409e+02
826             	3.08489497e+02
827             	3.08489592e+02
828             	3.08489688e+02
829             	3.08489787e+02
830             	3.08489876e+02
831             	3.08489947e+02
832             	3.08490025e+02
833             	3.08490119e+02
834             	3.08490224e+02
835             	3.08490261e+02
836             	3.08490357e+02
837             	3.08490505e+02
838             	3.08490626e+02
839             	3.08490702e+02
840             	3.08490758e+02
841             	3.08490813e+02
842             	3.08490881e+02
843             	3.08490970e+02
844             	3.08491075e+02
845             	3.08491202e+02
846             	3.08491361e+02
847             	3.08491545e+02
848             	3.08491623e+02
849             	3.08491614e+02
850             	3.08491578e+02
851             	3.08491473e+02
852             	3.08491344e+02
853             	3.08491246e+02
854             	3.08491220e+02
855             	3.08491220e+02
856             	3.08491258e+02
857             	3.08491346e+02
858             	3.08491421e+02
859             	3.08491488e+02
860             	3.08491557e+02
861             	3.08491631e+02
862             	3.08491699e+02
863             	3.08491734e+02
864             	3.08491730e+02
865             	3.08491701e+02
866             	3.08491660e+02
867             	3.08491616e+02
868             	3.08491586e+02
869             	3.08491546e+02
870             	3.08491537e+02
871             	3.08491571e+02
872             	3.08491630e+02
873             	3.08491706e+02
874             	3.08491801e+02
875             	3.08491898e+02
876             	3.08492002e+02
877             	3.08492108e+02
878             	3.08492203e+02
879             	3.08492279e+02
880             	3.08492327e+02
881             	3.08492345e+02
882             	3.08492360e+02
883             	3.08492374e+02
884             	3.08492390e+02
885             	3.08492407e+02
886             	3.08492434e+02
887             	3.08492472e+02
888             	3.08492523e+02
889             	3.08492581e+02
890             	3.08492637e+02
891             	3.08492674e+02
892             	3.08492702e+02
893             	3.08492766e+02
894             	3.08492850e+02
895             	3.08492923e+02
896             	3.08493016e+02
897             	3.08493084e+02
898             	3.08493110e+02
899             	3.08493113e+02
900             	3.08493126e+02
901             	3.08493139e+02
902             	3.08493125e+02
903             	3.08493153e+02
904             	3.08493220e+02
905             	3.08493271e+02
906             	3.08493318e+02
907             	3.08493384e+02
908             	3.08493483e+02
909             	3.08493609e+02
910             	3.08493727e+02
911             	3.08493832e+02
912             	3.08493915e+02
913             	3.08493992e+02
914             	3.08494062e+02
915             	3.08494108e+02
916             	3.08494130e+02
917             	3.08494129e+02
918             	3.08494113e+02
919             	3.08494085e+02
920             	3.08494202e+02
921             	3.08494280e+02
922             	3.08494272e+02
923             	3.08494269e+02
924             	3.08494267e+02
925             	3.08494278e+02
926             	3.08494329e+02
927             	3.08494374e+02
928             	3.08494417e+02
929             	3.08494393e+02
930             	3.08494327e+02
931             	3.08494100e+02
932             	3.08493806e+02
933             	3.08493588e+02
934             	3.08493587e+02
935             	3.08493496e+02
936             	3.08493541e+02
937             	3.08493698e+02
938             	3.08493909e+02
939             	3.08494257e+02
940             	3.08494600e+02
941             	3.08494857e+02
942             	3.08494939e+02
943             	3.08494914e+02
944             	3.08495043e+02
945             	3.08495119e+02
946             	3.08495088e+02
947             	3.08495076e+02
948             	3.08495051e+02
949             	3.08494912e+02
950             	3.08494892e+02
951             	3.08494962e+02
952             	3.08494955e+02
953             	3.08494844e+02
954             	3.08494625e+02
955             	3.08494451e+02
956             	3.08494363e+02
957             	3.08494421e+02
958             	3.08494428e+02
959             	3.08494520e+02
960             	3.08494682e+02
961             	3.08494734e+02
962             	3.08494730e+02
963             	3.08494728e+02
964             	3.08494731e+02
965             	3.08494722e+02
966             	3.08494735e+02
967             	3.08494764e+02
968             	3.08494768e+02
969             	3.08494736e+02
970             	3.08494422e+02
971             	3.08494207e+02
972             	3.08494198e+02
973             	3.08494226e+02
974             	3.08494282e+02
975             	3.08494355e+02
976             	3.08494468e+02
977             	3.08494682e+02
978             	3.08494848e+02
979             	3.08494921e+02
980             	3.08495011e+02
981             	3.08495132e+02
982             	3.08495261e+02
983             	3.08495384e+02
984             	3.08495490e+02
985             	3.08495553e+02
986             	3.08495538e+02
987             	3.08495507e+02
988             	3.08495462e+02
989             	3.08495355e+02
990             	3.08495136e+02
991             	3.08494985e+02
992             	3.08494912e+02
993             	3.08494900e+02
994             	3.08494942e+02
995             	3.08495000e+02
996             	3.08495015e+02
997             	3.08494971e+02
998             	3.08494919e+02
999             	3.08494887e+02
1000            	3.08494870e+02
1001            	3.08494859e+02
1002            	3.08494793e+02
1003            	3.08494744e+02
1004            	3.08494735e+02
1005            	3.08494707e+02
1006            	3.08494639e+02
1007            	3.08494548e+02
1008            	3.08494470e+02
1009            	3.08494419e+02
1010            	3.08494409e+02
1011            	3.08494434e+02
1012            	3.08494498e+02
1013            	3.08494590e+02
1014            	3.08494694e+02
1015            	3.08494811e+02
1016            	3.08494931e+02
1017            	3.08495070e+02
1018            	3.08495205e+02
1019            	3.08495298e+02
1020            	3.08495341e+02
1021            	3.08495361e+02
1022            	3.08495470e+02
1023            	3.08495475e+02
1024            	3.08495347e+02
1025            	3.08495200e+02
1026            	3.08495067e+02
1027            	3.08494958e+02
1028            	3.08494921e+02
1029            	3.08494896e+02
1030            	3.08494821e+02
1031            	3.08494777e+02
1032            	3.08494799e+02
1033            	3.08494868e+02
1034            	3.08494851e+02
1035            	3.08494881e+02
1036            	3.08494956e+02
1037            	3.08494975e+02
1038            	3.08494953e+02
1039            	3.08494919e+02
1040            	3.08494892e+02
1041            	3.08494880e+02
1042            	3.08494863e+02
1043            	3.08494867e+02
1044            	3.08494896e+02
1045            	3.08494924e+02
1046            	3.08494894e+02
1047            	3.08494919e+02
1048            	3.08495057e+02
1049            	3.08495255e+02
1050            	3.08495474e+02
1051            	3.08495686e+02
1052            	3.08495850e+02
1053            	3.08495938e+02
1054            	3.08495971e+02
1055            	3.08495990e+02
1056            	3.08495981e+02
1057            	3.08495972e+02
1058            	3.08495983e+02
1059            	3.08495995e+02
1060            	3.08495999e+02
1061            	3.08495994e+02
1062            	3.08495983e+02
1063            	3.08495962e+02
1064            	3.08495937e+02
1065            	3.08495900e+02
1066            	3.08495890e+02
1067            	3.08495915e+02
1068            	3.08495964e+02
1069            	3.08496013e+02
1070            	3.08496043e+02
1071            	3.08496035e+02
1072            	3.08495960e+02
1073            	3.08495824e+02
1074            	3.08495571e+02
1075            	3.08495420e+02
1076            	3.08495424e+02
1077            	3.08495430e+02
1078            	3.08495411e+02
1079            	3.08495665e+02
1080            	3.08495855e+02
1081            	3.08495850e+02
1082            	3.08495922e+02
1083            	3.08496057e+02
1084            	3.08496222e+02
1085            	3.08496352e+02
1086            	3.08496419e+02
1087            	3.08496428e+02
1088            	3.08496345e+02
1089            	3.08496244e+02
1090            	3.08496162e+02
1091            	3.08496070e+02
1092            	3.08495988e+02
1093            	3.08495937e+02
1094            	3.08495874e+02
1095            	3.08495804e+02
1096            	3.08495763e+02
1097            	3.08495740e+02
1098            	3.08495777e+02
1099            	3.08495793e+02
1100            	3.08495763e+02
1101            	3.08495767e+02
1102            	3.08495814e+02
1103            	3.08495884e+02
1104            	3.08495932e+02
1105            	3.08495896e+02
1106            	3.08495847e+02
1107            	3.08495746e+02
1108            	3.08495565e+02
1109            	3.08495368e+02
1110            	3.08495217e+02
1111            	3.08495133e+02
1112            	3.08495129e+02
1113            	3.08495111e+02
1114            	3.08495153e+02
1115            	3.08495321e+02
1116            	3.08495537e+02
1117            	3.08495770e+02
1118            	3.08495975e+02
1119            	3.08496139e+02
1120            	3.08496208e+02
1121            	3.08496249e+02
1122            	3.08496299e+02
1123            	3.08496350e+02
1124            	3.08496373e+02
1125            	3.08496361e+02
1126            	3.08496340e+02
1127            	3.08496309e+02
1128            	3.08496265e+02
1129            	3.08496206e+02
1130            	3.08496138e+02
1131            	3.08496078e+02
1132            	3.08496013e+02
1133            	3.08495936e+02
1134            	3.08495897e+02
1135            	3.08495889e+02
1136            	3.08495850e+02
1137            	3.08495802e+02
1138            	3.08495770e+02
1139            	3.08495766e+02
1140            	3.08495789e+02
1141            	3.08495830e+02
1142            	3.08495808e+02
1143            	3.08495821e+02
1144            	3.08495886e+02
1145            	3.08495920e+02
1146            	3.08495900e+02
1147            	3.08495859e+02
1148            	3.08495847e+02
1149            	3.08495855e+02
1150            	3.08495869e+02
1151            	3.08495886e+02
1152            	3.08495905e+02
1153            	3.08495924e+02
1154            	3.08495957e+02
1155            	3.08496001e+02
1156            	3.08496038e+02
1157            	3.08496072e+02
1158            	3.08496114e+02
1159            	3.08496156e+02
1160            	3.08496171e+02
1161            	3.08496146e+02
1162            	3.08496087e+02
1163            	3.08496097e+02
1164            	3.08496118e+02
1165            	3.08496087e+02
1166            	3.08496068e+02
1167            	3.08496047e+02
1168            	3.08496004e+02
1169            	3.08495958e+02
1170            	3.08495892e+02
1171            	3.08495803e+02
1172            	3.08495721e+02
1173            	3.08495606e+02
1174            	3.08495460e+02
1175            	3.08495326e+02
1176            	3.08495092e+02
1177            	3.08494922e+02
1178            	3.08494858e+02
1179            	3.08494842e+02
1180            	3.08494850e+02
1181            	3.08494592e+02
1182            	3.08494417e+02
1183            	3.08494398e+02
1184            	3.08494399e+02
1185            	3.08494506e+02
1186            	3.08494844e+02
1187            	3.08494987e+02
1188            	3.08494970e+02
1189            	3.08495003e+02
1190            	3.08495076e+02
1191            	3.08495170e+02
1192            	3.08495224e+02
1193            	3.08495195e+02
1194            	3.08495165e+02
1195            	3.08495118e+02
1196            	3.08495053e+02
1197            	3.08494997e+02
1198            	3.08494873e+02
1199            	3.08494747e+02
1200            	3.08494641e+02
1201            	3.08494550e+02
1202            	3.08494499e+02
1203            	3.08494549e+02
1204            	3.08494542e+02
1205            	3.08494472e+02
1206            	3.08494439e+02
1207            	3.08494414e+02
1208            	3.08494429e+02
1209            	3.08494496e+02
1210            	3.08494588e+02
1211            	3.08494669e+02
1212            	3.08494726e+02
1213            	3.08494690e+02
1214            	3.08494663e+02
1215            	3.08494611e+02
1216            	3.08494505e+02
1217            	3.08494446e+02
1218            	3.08494432e+02
1219            	3.08494447e+02
1220            	3.08494489e+02
1221            	3.08494577e+02
1222            	3.08494716e+02
1223            	3.08494879e+02
1224            	3.08495058e+02
1225            	3.08495242e+02
1226            	3.08495573e+02
1227            	3.08495861e+02
1228            	3.08495974e+02
1229            	3.08496072e+02
1230            	3.08496138e+02
1231            	3.08496173e+02
1232            	3.08496170e+02
1233            	3.08496120e+02
1234            	3.08495952e+02
1235            	3.08495769e+02
1236            	3.08495583e+02
1237            	3.08495389e+02
1238            	3.08495212e+02
1239            	3.08495074e+02
1240            	3.08494977e+02
1241            	3.08494927e+02
1242            	3.08494925e+02
1243            	3.08494961e+02
1244            	3.08495019e+02
1245            	3.08495075e+02
1246            	3.08495118e+02
1247            	3.08495150e+02
1248            	3.08495194e+02
1249            	3.08495238e+02
1250            	3.08495257e+02
1251            	3.08495243e+02
1252            	3.08495195e+02
1253            	3.08495139e+02
1254            	3.08495077e+02
1255            	3.08495019e+02
1256            	3.08494984e+02
1257            	3.08495019e+02
1258            	3.08495073e+02
1259            	3.08495104e+02
1260            	3.08495148e+02
1261            	3.08495198e+02
1262            	3.08495225e+02
1263            	3.08495219e+02
1264            	3.08495184e+02
1265            	3.08495148e+02
1266            	3.08495203e+02
1267            	3.08495226e+02
1268            	3.08495175e+02
1269            	3.08495155e+02
1270            	3.08495152e+02
1271            	3.08495140e+02
1272            	3.08495118e+02
1273            	3.08495091e+02
1274            	3.08495067e+02
1275            	3.08495044e+02
1276            	3.08494995e+02
1277            	3.08494970e+02
1278            	3.08494993e+02
1279            	3.08495009e+02
1280            	3.08495006e+02
1281            	3.08494987e+02
1282            	3.08494964e+02
1283            	3.08494943e+02
1284            	3.08494924e+02
1285            	3.08494902e+02
1286            	3.08494874e+02
1287            	3.08494841e+02
1288            	3.08494801e+02
1289            	3.08494782e+02
1290            	3.08494775e+02
1291            	3.08494778e+02
1292            	3.08494806e+02
1293            	3.08494890e+02
1294            	3.08495010e+02
1295            	3.08495146e+02
1296            	3.08495171e+02
1297            	3.08495262e+02
1298            	3.08495410e+02
1299            	3.08495505e+02
1300            	3.08495563e+02
1301            	3.08495600e+02
1302            	3.08495643e+02
1303            	3.08495693e+02
1304            	3.08495887e+02
1305            	3.08495995e+02
1306            	3.08495949e+02
1307            	3.08495897e+02
1308            	3.08495860e+02
1309            	3.08495793e+02
1310            	3.08495675e+02
1311            	3.08495571e+02
1312            	3.08495511e+02
1313            	3.08495458e+02
1314            	3.08495220e+02
1315            	3.08495086e+02
1316            	3.08495100e+02
1317            	3.08495116e+02
1318            	3.08495315e+02
1319            	3.08495478e+02
1320            	3.08495490e+02
1321            	3.08495656e+02
1322            	3.08495760e+02
1323            	3.08495729e+02
1324            	3.08495688e+02
1325            	3.08495519e+02
1326            	3.08495181e+02
1327            	3.08495008e+02
1328            	3.08494991e+02
1329            	3.08494930e+02
1330            	3.08494873e+02
1331            	3.08494884e+02
1332            	3.08494930e+02
1333            	3.08495129e+02
1334            	3.08495331e+02
1335            	3.08495392e+02
1336            	3.08495384e+02
1337            	3.08495369e+02
1338            	3.08495348e+02
1339            	3.08495305e+02
1340            	3.08495223e+02
1341            	3.08495135e+02
1342            	3.08495047e+02
1343            	3.08494904e+02
1344            	3.08494794e+02
1345            	3.08494757e+02
1346            	3.08494742e+02
1347            	3.08494738e+02
1348            	3.08494746e+02
1349            	3.08494780e+02
1350            	3.08494843e+02
1351            	3.08494923e+02
1352            	3.08494994e+02
1353            	3.08495002e+02
1354            	3.08494970e+02
1355            	3.08494886e+02
1356            	3.08494835e+02
1357            	3.08494840e+02
1358            	3.08494865e+02
1359            	3.08494847e+02
1360            	3.08494849e+02
1361            	3.08494953e+02
1362            	3.08495133e+02
1363            	3.08495358e+02
1364            	3.08495585e+02
1365            	3.08495768e+02
1366            	3.08495965e+02
1367            	3.08496353e+02
1368            	3.08496623e+02
1369            	3.08496691e+02
1370            	3.08496737e+02
1371            	3.08496756e+02
1372            	3.08496716e+02
1373            	3.08496610e+02
1374            	3.08496455e+02
1375            	3.08496299e+02
1376            	3.08496158e+02
1377            	3.08496058e+02
1378            	3.08495997e+02
1379            	3.08495945e+02
1380            	3.08495876e+02
1381            	3.08495802e+02
1382            	3.08495724e+02
1383            	3.08495745e+02
1384            	3.08495752e+02
1385            	3.08495700e+02
1386            	3.08495624e+02
1387            	3.08495532e+02
1388            	3.08495447e+02
1389            	3.08495365e+02
1390            	3.08495332e+02
1391            	3.08495341e+02
1392            	3.08495364e+02
1393            	3.08495402e+02
1394            	3.08495468e+02
1395            	3.08495679e+02
1396            	3.08495889e+02
1397            	3.08496039e+02
1398            	3.08496215e+02
1399            	3.08496411e+02
1400            	3.08496610e+02
1401            	3.08496797e+02
1402            	3.08496913e+02
1403            	3.08496951e+02
1404            	3.08496993e+02
1405            	3.08496977e+02
1406            	3.08496921e+02
1407            	3.08496904e+02
1408            	3.08496915e+02
1409            	3.08496956e+02
1410            	3.08497032e+02
1411            	3.08497190e+02
1412            	3.08497334e+02
1413            	3.08497404e+02
1414            	3.08497259e+02
1415            	3.08497164e+02
1416            	3.08497176e+02
1417            	3.08497171e+02
1418            	3.08497145e+02
1419            	3.08497099e+02
1420            	3.08497035e+02
1421            	3.08497106e+02
1422            	3.08497053e+02
1423            	3.08496846e+02
1424            	3.08496552e+02
1425            	3.08496196e+02
1426            	3.08495984e+02
1427            	3.08495866e+02
1428            	3.08495769e+02
1429            	3.08495763e+02
1430            	3.08495760e+02
1431            	3.08495744e+02
1432            	3.08495753e+02
1433            	3.08495794e+02
1434            	3.08495874e+02
1435            	3.08495984e+02
1436            	3.08496108e+02
1437            	3.08496260e+02
1438            	3.08496427e+02
1439            	3.08496711e+02
1440            	3.08496908e+02
1441            	3.08497019e+02
1442            	3.08497142e+02
1443            	3.08497168e+02
1444            	3.08497142e+02
1445            	3.08497113e+02
1446            	3.08497014e+02
1447            	3.08496897e+02
1448            	3.08496813e+02
1449            	3.08496711e+02
1450            	3.08496600e+02
1451            	3.08496509e+02
1452            	3.08496432e+02
1453            	3.08496399e+02
1454            	3.08496423e+02
1455            	3.08496421e+02
1456            	3.08496381e+02
1457            	3.08496336e+02
1458            	3.08496313e+02
1459            	3.08496319e+02
1460            	3.08496342e+02
1461            	3.08496367e+02
1462            	3.08496376e+02
1463            	3.08496394e+02
1464            	3.08496439e+02
1465            	3.08496510e+02
1466            	3.08496534e+02
1467            	3.08496499e+02
1468            	3.08496434e+02
1469            	3.08496368e+02
1470            	3.08496333e+02
1471            	3.08496350e+02
1472            	3.08496439e+02
1473            	3.08496586e+02
1474            	3.08496700e+02
1475            	3.08496774e+02
1476            	3.08496878e+02
1477            	3.08496994e+02
1478            	3.08497084e+02
1479            	3.08497071e+02
1480            	3.08496942e+02
1481            	3.08496759e+02
1482            	3.08496567e+02
1483            	3.08496379e+02
1484            	3.08496209e+02
1485            	3.08496049e+02
1486            	3.08495742e+02
1487            	3.08495502e+02
1488            	3.08495451e+02
1489            	3.08495414e+02
1490            	3.08495354e+02
1491            	3.08495261e+02
1492            	3.08495151e+02
1493            	3.08495172e+02
1494            	3.08495189e+02
1495            	3.08495153e+02
1496            	3.08495176e+02
1497            	3.08495280e+02
1498            	3.08495360e+02
1499            	3.08495437e+02
1500            	3.08495520e+02
1501            	3.08495564e+02
1502            	3.08495649e+02
1503            	3.08495379e+02
1504            	3.08495241e+02
1505            	3.08495424e+02
1506            	3.08495654e+02
1507            	3.08495887e+02
1508            	3.08496194e+02
1509            	3.08496646e+02
1510            	3.08496897e+02
1511            	3.08497019e+02
1512            	3.08496978e+02
1513            	3.08496712e+02
1514            	3.08496315e+02
1515            	3.08495546e+02
1516            	3.08494837e+02
1517            	3.08494394e+02
1518            	3.08494027e+02
1519            	3.08493714e+02
1520            	3.08493454e+02
1521            	3.08493282e+02
1522            	3.08493187e+02
1523            	3.08493148e+02
1524            	3.08493108e+02
1525            	3.08493082e+02
1526            	3.08493063e+02
1527            	3.08493067e+02
1528            	3.08493042e+02
1529            	3.08492992e+02
1530            	3.08492970e+02
1531            	3.08493008e+02
1532            	3.08493107e+02
1533            	3.08492970e+02
1534            	3.08492791e+02
1535            	3.08492622e+02
1536            	3.08492319e+02
1537            	3.08491931e+02
1538            	3.08491570e+02
1539            	3.08491258e+02
1540            	3.08491131e+02
1541            	3.08491130e+02
1542            	3.08491080e+02
1543            	3.08491061e+02
1544            	3.08491107e+02
1545            	3.08491180e+02
1546            	3.08491229e+02
1547            	3.08491283e+02
1548            	3.08491507e+02
1549            	3.08491524e+02
1550            	3.08490675e+02
1551            	3.08489601e+02
1552            	3.08489486e+02
1553            	3.08489276e+02
1554            	3.08489173e+02
1555            	3.08489347e+02
1556            	3.08490321e+02
1557            	3.08490994e+02
1558            	3.08491232e+02
1559            	3.08491341e+02
1560            	3.08491132e+02
1561            	3.08490921e+02
1562            	3.08490314e+02
1563            	3.08489320e+02
1564            	3.08488758e+02
1565            	3.08488365e+02
1566            	3.08487896e+02
1567            	3.08487686e+02
1568            	3.08487757e+02
1569            	3.08488076e+02
1570            	3.08488396e+02
1571            	3.08489170e+02
1572            	3.08490246e+02
1573            	3.08490781e+02
1574            	3.08491275e+02
1575            	3.08491452e+02
1576            	3.08490837e+02
1577            	3.08490362e+02
1578            	3.08490099e+02
1579            	3.08489882e+02
1580            	3.08489310e+02
1581            	3.08488961e+02
1582            	3.08489699e+02
1583            	3.08490575e+02
1584            	3.08491026e+02
1585            	3.08491544e+02
1586            	3.08491726e+02
1587            	3.08491648e+02
1588            	3.08491484e+02
1589            	3.08491157e+02
1590            	3.08490205e+02
1591            	3.08488889e+02
1592            	3.08488098e+02
1593            	3.08487471e+02
1594            	3.08487122e+02
1595            	3.08487146e+02
1596            	3.08487706e+02
1597            	3.08488562e+02
1598            	3.08489367e+02
1599            	3.08489805e+02
1600            	3.08489995e+02
1601            	3.08489914e+02
1602            	3.08489852e+02
1603            	3.08489896e+02
1604            	3.08489902e+02
1605            	3.08489850e+02
1606            	3.08489758e+02
1607            	3.08489678e+02
1608            	3.08489605e+02
1609            	3.08489568e+02
1610            	3.08489580e+02
1611            	3.08489636e+02
1612            	3.08489689e+02
1613            	3.08489838e+02
1614            	3.08489970e+02
1615            	3.08490085e+02
1616            	3.08490058e+02
1617            	3.08489911e+02
1618            	3.08489850e+02
1619            	3.08489955e+02
1620            	3.08490172e+02
1621            	3.08490466e+02
1622            	3.08490768e+02
1623            	3.08491227e+02
1624            	3.08491828e+02
1625            	3.08492162e+02
1626            	3.08492264e+02
1627            	3.08492352e+02
1628            	3.08492167e+02
1629            	3.08491945e+02
1630            	3.08491878e+02
1631            	3.08491583e+02
1632            	3.08491314e+02
1633            	3.08491257e+02
1634            	3.08491233e+02
1635            	3.08491579e+02
1636            	3.08491870e+02
1637            	3.08492294e+02
1638            	3.08492730e+02
1639            	3.08492889e+02
1640            	3.08492913e+02
1641            	3.08492744e+02
1642            	3.08492336e+02
1643            	3.08491846e+02
1644            	3.08491466e+02
1645            	3.08491235e+02
1646            	3.08491196e+02
1647            	3.08491384e+02
1648            	3.08491644e+02
1649            	3.08491886e+02
1650            	3.08492150e+02
1651            	3.08492762e+02
1652            	3.08493355e+02
1653            	3.08493672e+02
1654            	3.08493895e+02
1655            	3.08493740e+02
1656            	3.08493604e+02
1657            	3.08493575e+02
1658            	3.08493439e+02
1659            	3.08492883e+02
1660            	3.08492479e+02
1661            	3.08492481e+02
1662            	3.08492336e+02
1663            	3.08492282e+02
1664            	3.08492390e+02
1665            	3.08492608e+02
1666            	3.08492875e+02
1667            	3.08493087e+02
1668            	3.08493462e+02
1669            	3.08493649e+02
1670            	3.08493621e+02
1671            	3.08493556e+02
1672            	3.08493479e+02
1673            	3.08493378e+02
1674            	3.08493038e+02
1675            	3.08492855e+02
1676            	3.08492859e+02
1677            	3.08492826e+02
1678            	3.08492840e+02
1679            	3.08492845e+02
1680            	3.08492915e+02
1681            	3.08493042e+02
1682            	3.08493212e+02
1683            	3.08493519e+02
1684            	3.08493921e+02
1685            	3.08494126e+02
1686            	3.08493962e+02
1687            	3.08493866e+02
1688            	3.08493784e+02
1689            	3.08493661e+02
1690            	3.08493387e+02
1691            	3.08493340e+02
1692            	3.08493427e+02
1693            	3.08493616e+02
1694            	3.08493881e+02
1695            	3.08494092e+02
1696            	3.08494320e+02
1697            	3.08494443e+02
1698            	3.08494484e+02
1699            	3.08494459e+02
1700            	3.08494403e+02
1701            	3.08494345e+02
1702            	3.08494232e+02
1703            	3.08494081e+02
1704            	3.08493914e+02
1705            	3.08493755e+02
1706            	3.08493644e+02
1707            	3.08493588e+02
1708            	3.08493808e+02
1709            	3.08494184e+02
1710            	3.08494361e+02
1711            	3.08494468e+02
1712            	3.08494612e+02
1713            	3.08494713e+02
1714            	3.08494741e+02
1715            	3.08494612e+02
1716            	3.08494457e+02
1717            	3.08494360e+02
1718            	3.08494301e+02
1719            	3.08494285e+02
1720            	3.08494291e+02
1721            	3.08494484e+02
1722            	3.08494706e+02
1723            	3.08494810e+02
1724            	3.08494900e+02
1725            	3.08494968e+02
1726            	3.08495059e+02
1727            	3.08495065e+02
1728            	3.08495088e+02
1729            	3.08495141e+02
1730            	3.08495180e+02
1731            	3.08495222e+02
1732            	3.08495315e+02
1733            	3.08495447e+02
1734            	3.08495543e+02
1735            	3.08495640e+02
1736            	3.08495760e+02
1737            	3.08495884e+02
1738            	3.08495986e+02
1739            	3.08496057e+02
1740            	3.08496107e+02
1741            	3.08496118e+02
1742            	3.08496104e+02
1743            	3.08496089e+02
1744            	3.08496080e+02
1745            	3.08496107e+02
1746            	3.08496119e+02
1747            	3.08496114e+02
1748            	3.08496130e+02
1749            	3.08496181e+02
1750            	3.08496207e+02
1751            	3.08496206e+02
1752            	3.08496215e+02
1753            	3.08496232e+02
1754            	3.08496254e+02
1755            	3.08496278e+02
1756            	3.08496306e+02
1757            	3.08496335e+02
1758            	3.08496374e+02
1759            	3.08496423e+02
1760            	3.08496456e+02
1761            	3.08496439e+02
1762            	3.08496435e+02
1763            	3.08496454e+02
1764            	3.08496478e+02
1765            	3.08496518e+02
1766            	3.08496540e+02
1767            	3.08496555e+02
1768            	3.08496585e+02
1769            	3.08496646e+02
1770            	3.08496702e+02
1771            	3.08496733e+02
1772            	3.08496758e+02
1773            	3.08496777e+02
1774            	3.08496787e+02
1775            	3.08496789e+02
1776            	3.08496783e+02
1777            	3.08496761e+02
1778            	3.08496739e+02
1779            	3.08496733e+02
1780            	3.08496735e+02
1781            	3.08496745e+02
1782            	3.08496761e+02
1783            	3.08496783e+02
1784            	3.08496805e+02
1785            	3.08496819e+02
1786            	3.08496835e+02
1787            	3.08496856e+02
1788            	3.08496880e+02
1789            	3.08496906e+02
1790            	3.08496939e+02
1791            	3.08496988e+02
1792            	3.08497046e+02
1793            	3.08497086e+02
1794            	3.08497111e+02
1795            	3.08497172e+02
1796            	3.08497249e+02
1797            	3.08497322e+02
1798            	3.08497391e+02
1799            	3.08497444e+02
1800            	3.08497502e+02
1801            	3.08497566e+02
1802            	3.08497631e+02
1803            	3.08497695e+02
1804            	3.08497753e+02
1805            	3.08497813e+02
1806            	3.08497869e+02
1807            	3.08497903e+02
1808            	3.08497930e+02
1809            	3.08497936e+02
1810            	3.08497928e+02
1811            	3.08497924e+02
1812            	3.08497886e+02
1813            	3.08497846e+02
1814            	3.08497824e+02
1815            	3.08497798e+02
1816            	3.08497774e+02
1817            	3.08497751e+02
1818            	3.08497733e+02
1819            	3.08497719e+02
1820            	3.08497712e+02
1821            	3.08497707e+02
1822            	3.08497748e+02
1823            	3.08497770e+02
1824            	3.08497765e+02
1825            	3.08497738e+02
1826            	3.08497670e+02
1827            	3.08497601e+02
1828            	3.08497583e+02
1829            	3.08497579e+02
1830            	3.08497582e+02
1831            	3.08497617e+02
1832            	3.08497747e+02
1833            	3.08497846e+02
1834            	3.08497894e+02
1835            	3.08497959e+02
1836            	3.08497872e+02
1837            	3.08497856e+02
1838            	3.08497952e+02
1839            	3.08497995e+02
1840            	3.08498065e+02
1841            	3.08498152e+02
1842            	3.08498226e+02
1843            	3.08498283e+02
1844            	3.08498324e+02
1845            	3.08498464e+02
1846            	3.08498622e+02
1847            	3.08498650e+02
1848            	3.08498499e+02
1849            	3.08498378e+02
1850            	3.08498347e+02
1851            	3.08498229e+02
1852            	3.08498130e+02
1853            	3.08498075e+02
1854            	3.08498001e+02
1855            	3.08497921e+02
1856            	3.08497888e+02
1857            	3.08497895e+02
1858            	3.08497907e+02
1859            	3.08497945e+02
1860            	3.08498029e+02
1861            	3.08498150e+02
1862            	3.08498289e+02
1863            	3.08498347e+02
1864            	3.08498426e+02
1865            	3.08498535e+02
1866            	3.08498623e+02
1867            	3.08498679e+02
1868            	3.08498709e+02
1869            	3.08498725e+02
1870            	3.08498747e+02
1871            	3.08498777e+02
1872            	3.08498793e+02
1873            	3.08498789e+02
1874            	3.08498775e+02
1875            	3.08498733e+02
1876            	3.08498826e+02
1877            	3.08498875e+02
1878            	3.08498820e+02
1879            	3.08498755e+02
1880            	3.08498703e+02
1881            	3.08498685e+02
1882            	3.08498685e+02
1883            	3.08498689e+02
1884            	3.08498683e+02
1885            	3.08498626e+02
1886            	3.08498598e+02
1887            	3.08498600e+02
1888            	3.08498617e+02
1889            	3.08498677e+02
1890            	3.08498775e+02
1891            	3.08498915e+02
1892            	3.08499078e+02
1893            	3.08499231e+02
1894            	3.08499423e+02
1895            	3.08499541e+02
1896            	3.08499565e+02
1897            	3.08499577e+02
1898            	3.08499600e+02
1899            	3.08499625e+02
1900            	3.08499647e+02
1901            	3.08499651e+02
1902            	3.08499640e+02
1903            	3.08499609e+02
1904            	3.08499605e+02
1905            	3.08499596e+02
1906            	3.08499576e+02
1907            	3.08499543e+02
1908            	3.08499482e+02
1909            	3.08499450e+02
1910            	3.08499456e+02
1911            	3.08499465e+02
1912            	3.08499429e+02
1913            	3.08499442e+02
1914            	3.08499507e+02
1915            	3.08499580e+02
1916            	3.08499647e+02
1917            	3.08499716e+02
1918            	3.08499784e+02
1919            	3.08499838e+02
1920            	3.08499876e+02
1921            	3.08499903e+02
1922            	3.08499915e+02
1923            	3.08499918e+02
1924            	3.08499913e+02
1925            	3.08499901e+02
1926            	3.08499884e+02
1927            	3.08499871e+02
1928            	3.08499867e+02
1929            	3.08499874e+02
1930            	3.08499890e+02
1931            	3.08499912e+02
1932            	3.08499934e+02
1933            	3.08499909e+02
1934            	3.08499910e+02
1935            	3.08499947e+02
1936            	3.08499963e+02
1937            	3.08499957e+02
1938            	3.08499939e+02
1939            	3.08499917e+02
1940            	3.08499903e+02
1941            	3.08499910e+02
1942            	3.08499935e+02
1943            	3.08500003e+02
1944            	3.08500046e+02
1945            	3.08500049e+02
1946            	3.08500046e+02
1947            	3.08500045e+02
1948            	3.08500029e+02
1949            	3.08499991e+02
1950            	3.08499941e+02
1951            	3.08499885e+02
1952            	3.08499840e+02
1953            	3.08499791e+02
1954            	3.08499742e+02
1955            	3.08499712e+02
1956            	3.08499696e+02
1957            	3.08499689e+02
1958            	3.08499689e+02
1959            	3.08499683e+02
1960            	3.08499681e+02
1961            	3.08499687e+02
1962            	3.08499695e+02
1963            	3.08499702e+02
1964            	3.08499713e+02
1965            	3.08499732e+02
1966            	3.08499681e+02
1967            	3.08499663e+02
1968            	3.08499707e+02
1969            	3.08499753e+02
1970            	3.08499801e+02
1971            	3.08499851e+02
1972            	3.08499904e+02
1973            	3.08499945e+02
1974            	3.08499973e+02
1975            	3.08500083e+02
1976            	3.08500162e+02
1977            	3.08500170e+02
1978            	3.08500175e+02
1979            	3.08500183e+02
1980            	3.08500178e+02
1981            	3.08500163e+02
1982            	3.08500176e+02
1983            	3.08500159e+02
1984            	3.08500151e+02
1985            	3.08500176e+02
1986            	3.08500207e+02
1987            	3.08500237e+02
1988            	3.08500356e+02
1989            	3.08500428e+02
1990            	3.08500421e+02
1991            	3.08500424e+02
1992            	3.08500436e+02
1993            	3.08500459e+02
1994            	3.08500441e+02
1995            	3.08500446e+02
1996            	3.08500482e+02
1997            	3.08500517e+02
1998            	3.08500551e+02
1999            	3.08500588e+02
2000            	3.08500627e+02
