# Region        : cellZone component_4
# Cells         : 260
# Volume        : 5.27311693e-01
# Time          	volAverage(T)
1               	3.00170383e+02
2               	3.00338080e+02
3               	3.00488674e+02
4               	3.00627797e+02
5               	3.00761141e+02
6               	3.00890587e+02
7               	3.01014689e+02
8               	3.01136184e+02
9               	3.01253803e+02
10              	3.01368081e+02
11              	3.01479002e+02
12              	3.01587334e+02
13              	3.01693897e+02
14              	3.01798418e+02
15              	3.01902223e+02
16              	3.02004256e+02
17              	3.02105337e+02
18              	3.02205258e+02
19              	3.02305038e+02
20              	3.02402716e+02
21              	3.02497130e+02
22              	3.02590442e+02
23              	3.02679968e+02
24              	3.02765549e+02
25              	3.02847039e+02
26              	3.02925384e+02
27              	3.03003643e+02
28              	3.03075983e+02
29              	3.03145179e+02
30              	3.03214725e+02
31              	3.03284868e+02
32              	3.03357440e+02
33              	3.03429937e+02
34              	3.03498841e+02
35              	3.03570322e+02
36              	3.03637011e+02
37              	3.03700496e+02
38              	3.03760065e+02
39              	3.03816364e+02
40              	3.03869235e+02
41              	3.03918438e+02
42              	3.03964789e+02
43              	3.04012586e+02
44              	3.04060016e+02
45              	3.04108620e+02
46              	3.04159008e+02
47              	3.04209565e+02
48              	3.04259845e+02
49              	3.04309308e+02
50              	3.04358373e+02
51              	3.04403913e+02
52              	3.04447775e+02
53              	3.04489874e+02
54              	3.04530251e+02
55              	3.04567743e+02
56              	3.04603038e+02
57              	3.04636037e+02
58              	3.04667061e+02
59              	3.04698465e+02
60              	3.04728132e+02
61              	3.04757998e+02
62              	3.04788944e+02
63              	3.04821655e+02
64              	3.04855781e+02
65              	3.04890817e+02
66              	3.04924487e+02
67              	3.04955909e+02
68              	3.04988632e+02
69              	3.05021333e+02
70              	3.05053086e+02
71              	3.05083336e+02
72              	3.05112065e+02
73              	3.05139034e+02
74              	3.05163315e+02
75              	3.05184833e+02
76              	3.05204155e+02
77              	3.05221186e+02
78              	3.05236901e+02
79              	3.05252923e+02
80              	3.05271171e+02
81              	3.05292730e+02
82              	3.05317721e+02
83              	3.05343096e+02
84              	3.05365655e+02
85              	3.05385488e+02
86              	3.05402925e+02
87              	3.05416846e+02
88              	3.05425852e+02
89              	3.05431534e+02
90              	3.05435321e+02
91              	3.05437406e+02
92              	3.05439790e+02
93              	3.05443374e+02
94              	3.05449559e+02
95              	3.05458323e+02
96              	3.05470217e+02
97              	3.05484863e+02
98              	3.05500350e+02
99              	3.05516659e+02
100             	3.05532070e+02
101             	3.05546810e+02
102             	3.05559588e+02
103             	3.05571408e+02
104             	3.05581928e+02
105             	3.05591294e+02
106             	3.05599285e+02
107             	3.05605820e+02
108             	3.05610538e+02
109             	3.05613708e+02
110             	3.05616620e+02
111             	3.05620649e+02
112             	3.05626352e+02
113             	3.05634781e+02
114             	3.05645788e+02
115             	3.05658897e+02
116             	3.05671775e+02
117             	3.05684950e+02
118             	3.05695562e+02
119             	3.05703232e+02
120             	3.05707232e+02
121             	3.05708042e+02
122             	3.05706851e+02
123             	3.05704952e+02
124             	3.05703932e+02
125             	3.05703908e+02
126             	3.05705377e+02
127             	3.05707952e+02
128             	3.05711928e+02
129             	3.05717198e+02
130             	3.05723863e+02
131             	3.05731944e+02
132             	3.05740761e+02
133             	3.05750735e+02
134             	3.05761629e+02
135             	3.05773249e+02
136             	3.05785172e+02
137             	3.05797082e+02
138             	3.05808043e+02
139             	3.05817015e+02
140             	3.05823636e+02
141             	3.05827529e+02
142             	3.05829111e+02
143             	3.05828918e+02
144             	3.05828290e+02
145             	3.05827900e+02
146             	3.05828617e+02
147             	3.05831145e+02
148             	3.05835071e+02
149             	3.05840385e+02
150             	3.05846950e+02
151             	3.05854105e+02
152             	3.05861404e+02
153             	3.05868808e+02
154             	3.05875986e+02
155             	3.05883169e+02
156             	3.05890815e+02
157             	3.05899154e+02
158             	3.05908363e+02
159             	3.05918115e+02
160             	3.05928546e+02
161             	3.05939047e+02
162             	3.05949036e+02
163             	3.05957350e+02
164             	3.05963436e+02
165             	3.05967390e+02
166             	3.05970079e+02
167             	3.05972217e+02
168             	3.05974915e+02
169             	3.05978314e+02
170             	3.05982334e+02
171             	3.05987287e+02
172             	3.05992948e+02
173             	3.05999927e+02
174             	3.06007931e+02
175             	3.06016768e+02
176             	3.06025451e+02
177             	3.06033792e+02
178             	3.06041847e+02
179             	3.06049493e+02
180             	3.06056672e+02
181             	3.06063203e+02
182             	3.06069447e+02
183             	3.06075472e+02
184             	3.06081389e+02
185             	3.06086763e+02
186             	3.06091750e+02
187             	3.06096346e+02
188             	3.06100697e+02
189             	3.06104767e+02
190             	3.06108613e+02
191             	3.06112434e+02
192             	3.06116406e+02
193             	3.06120756e+02
194             	3.06125469e+02
195             	3.06130677e+02
196             	3.06136580e+02
197             	3.06143089e+02
198             	3.06149838e+02
199             	3.06156770e+02
200             	3.06163592e+02
201             	3.06170075e+02
202             	3.06176127e+02
203             	3.06181063e+02
204             	3.06184854e+02
205             	3.06187897e+02
206             	3.06190573e+02
207             	3.06193093e+02
208             	3.06195700e+02
209             	3.06198750e+02
210             	3.06202196e+02
211             	3.06206352e+02
212             	3.06210877e+02
213             	3.06216145e+02
214             	3.06221711e+02
215             	3.06227299e+02
216             	3.06232694e+02
217             	3.06237596e+02
218             	3.06241826e+02
219             	3.06245433e+02
220             	3.06248469e+02
221             	3.06251107e+02
222             	3.06253446e+02
223             	3.06255703e+02
224             	3.06258085e+02
225             	3.06260746e+02
226             	3.06263923e+02
227             	3.06267575e+02
228             	3.06271561e+02
229             	3.06275786e+02
230             	3.06280054e+02
231             	3.06284308e+02
232             	3.06288441e+02
233             	3.06292254e+02
234             	3.06295897e+02
235             	3.06299316e+02
236             	3.06302382e+02
237             	3.06305343e+02
238             	3.06308137e+02
239             	3.06310759e+02
240             	3.06313282e+02
241             	3.06315798e+02
242             	3.06318355e+02
243             	3.06320995e+02
244             	3.06323717e+02
245             	3.06326487e+02
246             	3.06329277e+02
247             	3.06332225e+02
248             	3.06335304e+02
249             	3.06338410e+02
250             	3.06341571e+02
251             	3.06344791e+02
252             	3.06348045e+02
253             	3.06351217e+02
254             	3.06354224e+02
255             	3.06357138e+02
256             	3.06359802e+02
257             	3.06362201e+02
258             	3.06364407e+02
259             	3.06366446e+02
260             	3.06368467e+02
261             	3.06370519e+02
262             	3.06372687e+02
263             	3.06374968e+02
264             	3.06377458e+02
265             	3.06380132e+02
266             	3.06383077e+02
267             	3.06386198e+02
268             	3.06389500e+02
269             	3.06392846e+02
270             	3.06396125e+02
271             	3.06399257e+02
272             	3.06402180e+02
273             	3.06404833e+02
274             	3.06407226e+02
275             	3.06409396e+02
276             	3.06411374e+02
277             	3.06413225e+02
278             	3.06415084e+02
279             	3.06417010e+02
280             	3.06419026e+02
281             	3.06421135e+02
282             	3.06423327e+02
283             	3.06425548e+02
284             	3.06427786e+02
285             	3.06430031e+02
286             	3.06432283e+02
287             	3.06434602e+02
288             	3.06437021e+02
289             	3.06439449e+02
290             	3.06441910e+02
291             	3.06444357e+02
292             	3.06446666e+02
293             	3.06448790e+02
294             	3.06450712e+02
295             	3.06452460e+02
296             	3.06454040e+02
297             	3.06455519e+02
298             	3.06456941e+02
299             	3.06458313e+02
300             	3.06459682e+02
301             	3.06461169e+02
302             	3.06462821e+02
303             	3.06464659e+02
304             	3.06466481e+02
305             	3.06468243e+02
306             	3.06469942e+02
307             	3.06471729e+02
308             	3.06473476e+02
309             	3.06475272e+02
310             	3.06477022e+02
311             	3.06478735e+02
312             	3.06480411e+02
313             	3.06482043e+02
314             	3.06483612e+02
315             	3.06485166e+02
316             	3.06486703e+02
317             	3.06488187e+02
318             	3.06489627e+02
319             	3.06491044e+02
320             	3.06492430e+02
321             	3.06493786e+02
322             	3.06495121e+02
323             	3.06496438e+02
324             	3.06497743e+02
325             	3.06499037e+02
326             	3.06500312e+02
327             	3.06501558e+02
328             	3.06502792e+02
329             	3.06504001e+02
330             	3.06505189e+02
331             	3.06506356e+02
332             	3.06507501e+02
333             	3.06508622e+02
334             	3.06509716e+02
335             	3.06510794e+02
336             	3.06511830e+02
337             	3.06512862e+02
338             	3.06513895e+02
339             	3.06514913e+02
340             	3.06515921e+02
341             	3.06516921e+02
342             	3.06517918e+02
343             	3.06518903e+02
344             	3.06519877e+02
345             	3.06520679e+02
346             	3.06521481e+02
347             	3.06522305e+02
348             	3.06523002e+02
349             	3.06523718e+02
350             	3.06524443e+02
351             	3.06525008e+02
352             	3.06525589e+02
353             	3.06526186e+02
354             	3.06526788e+02
355             	3.06527391e+02
356             	3.06527991e+02
357             	3.06528425e+02
358             	3.06528867e+02
359             	3.06529323e+02
360             	3.06529785e+02
361             	3.06530256e+02
362             	3.06530731e+02
363             	3.06531208e+02
364             	3.06531683e+02
365             	3.06532156e+02
366             	3.06532629e+02
367             	3.06533104e+02
368             	3.06533575e+02
369             	3.06534045e+02
370             	3.06534512e+02
371             	3.06534979e+02
372             	3.06535443e+02
373             	3.06535907e+02
374             	3.06536367e+02
375             	3.06536824e+02
376             	3.06537342e+02
377             	3.06537923e+02
378             	3.06538547e+02
379             	3.06539192e+02
380             	3.06539850e+02
381             	3.06540486e+02
382             	3.06541094e+02
383             	3.06541670e+02
384             	3.06542208e+02
385             	3.06542713e+02
386             	3.06543192e+02
387             	3.06543664e+02
388             	3.06544147e+02
389             	3.06544658e+02
390             	3.06545206e+02
391             	3.06545799e+02
392             	3.06546426e+02
393             	3.06547069e+02
394             	3.06547697e+02
395             	3.06548312e+02
396             	3.06548907e+02
397             	3.06549463e+02
398             	3.06549966e+02
399             	3.06550421e+02
400             	3.06550863e+02
401             	3.06551311e+02
402             	3.06551779e+02
403             	3.06552274e+02
404             	3.06552797e+02
405             	3.06553336e+02
406             	3.06553883e+02
407             	3.06554438e+02
408             	3.06554983e+02
409             	3.06555514e+02
410             	3.06556033e+02
411             	3.06556527e+02
412             	3.06556999e+02
413             	3.06557469e+02
414             	3.06557934e+02
415             	3.06558414e+02
416             	3.06558918e+02
417             	3.06559446e+02
418             	3.06559977e+02
419             	3.06560475e+02
420             	3.06560908e+02
421             	3.06561282e+02
422             	3.06561609e+02
423             	3.06561905e+02
424             	3.06562186e+02
425             	3.06562479e+02
426             	3.06562804e+02
427             	3.06563171e+02
428             	3.06563573e+02
429             	3.06564001e+02
430             	3.06564428e+02
431             	3.06564833e+02
432             	3.06565211e+02
433             	3.06565563e+02
434             	3.06565886e+02
435             	3.06566186e+02
436             	3.06566473e+02
437             	3.06566756e+02
438             	3.06567037e+02
439             	3.06567315e+02
440             	3.06567594e+02
441             	3.06567866e+02
442             	3.06568122e+02
443             	3.06568367e+02
444             	3.06568597e+02
445             	3.06568814e+02
446             	3.06569015e+02
447             	3.06569208e+02
448             	3.06569397e+02
449             	3.06569589e+02
450             	3.06569796e+02
451             	3.06570029e+02
452             	3.06570292e+02
453             	3.06570581e+02
454             	3.06570875e+02
455             	3.06571170e+02
456             	3.06571458e+02
457             	3.06571732e+02
458             	3.06571991e+02
459             	3.06572236e+02
460             	3.06572471e+02
461             	3.06572703e+02
462             	3.06572931e+02
463             	3.06573155e+02
464             	3.06573374e+02
465             	3.06573595e+02
466             	3.06573817e+02
467             	3.06574043e+02
468             	3.06574272e+02
469             	3.06574493e+02
470             	3.06574708e+02
471             	3.06574917e+02
472             	3.06575121e+02
473             	3.06575317e+02
474             	3.06575505e+02
475             	3.06575691e+02
476             	3.06575877e+02
477             	3.06576065e+02
478             	3.06576257e+02
479             	3.06576456e+02
480             	3.06576660e+02
481             	3.06576868e+02
482             	3.06577077e+02
483             	3.06577287e+02
484             	3.06577493e+02
485             	3.06577694e+02
486             	3.06577887e+02
487             	3.06578071e+02
488             	3.06578248e+02
489             	3.06578417e+02
490             	3.06578580e+02
491             	3.06578740e+02
492             	3.06578898e+02
493             	3.06579056e+02
494             	3.06579215e+02
495             	3.06579377e+02
496             	3.06579539e+02
497             	3.06579697e+02
498             	3.06579849e+02
499             	3.06579994e+02
500             	3.06580135e+02
501             	3.06580273e+02
502             	3.06580413e+02
503             	3.06580557e+02
504             	3.06580706e+02
505             	3.06580858e+02
506             	3.06581012e+02
507             	3.06581166e+02
508             	3.06581319e+02
509             	3.06581471e+02
510             	3.06581621e+02
511             	3.06581770e+02
512             	3.06581920e+02
513             	3.06582070e+02
514             	3.06582218e+02
515             	3.06582367e+02
516             	3.06582515e+02
517             	3.06582660e+02
518             	3.06582803e+02
519             	3.06582939e+02
520             	3.06583069e+02
521             	3.06583197e+02
522             	3.06583320e+02
523             	3.06583442e+02
524             	3.06583561e+02
525             	3.06583681e+02
526             	3.06583801e+02
527             	3.06583924e+02
528             	3.06584047e+02
529             	3.06584170e+02
530             	3.06584292e+02
531             	3.06584413e+02
532             	3.06584533e+02
533             	3.06584651e+02
534             	3.06584762e+02
535             	3.06584867e+02
536             	3.06584966e+02
537             	3.06585062e+02
538             	3.06585154e+02
539             	3.06585246e+02
540             	3.06585336e+02
541             	3.06585427e+02
542             	3.06585519e+02
543             	3.06585614e+02
544             	3.06585712e+02
545             	3.06585814e+02
546             	3.06585918e+02
547             	3.06586023e+02
548             	3.06586129e+02
549             	3.06586235e+02
550             	3.06586338e+02
551             	3.06586440e+02
552             	3.06586537e+02
553             	3.06586631e+02
554             	3.06586722e+02
555             	3.06586809e+02
556             	3.06586894e+02
557             	3.06586978e+02
558             	3.06587062e+02
559             	3.06587145e+02
560             	3.06587228e+02
561             	3.06587312e+02
562             	3.06587396e+02
563             	3.06587480e+02
564             	3.06587563e+02
565             	3.06587645e+02
566             	3.06587725e+02
567             	3.06587803e+02
568             	3.06587880e+02
569             	3.06587955e+02
570             	3.06588029e+02
571             	3.06588103e+02
572             	3.06588175e+02
573             	3.06588246e+02
574             	3.06588316e+02
575             	3.06588386e+02
576             	3.06588455e+02
577             	3.06588524e+02
578             	3.06588593e+02
579             	3.06588663e+02
580             	3.06588733e+02
581             	3.06588802e+02
582             	3.06588870e+02
583             	3.06588936e+02
584             	3.06589002e+02
585             	3.06589067e+02
586             	3.06589132e+02
587             	3.06589196e+02
588             	3.06589260e+02
589             	3.06589324e+02
590             	3.06589386e+02
591             	3.06589447e+02
592             	3.06589506e+02
593             	3.06589564e+02
594             	3.06589620e+02
595             	3.06589676e+02
596             	3.06589730e+02
597             	3.06589786e+02
598             	3.06589841e+02
599             	3.06589897e+02
600             	3.06589954e+02
601             	3.06590011e+02
602             	3.06590068e+02
603             	3.06590126e+02
604             	3.06590185e+02
605             	3.06590242e+02
606             	3.06590299e+02
607             	3.06590355e+02
608             	3.06590410e+02
609             	3.06590462e+02
610             	3.06590513e+02
611             	3.06590561e+02
612             	3.06590606e+02
613             	3.06590649e+02
614             	3.06590690e+02
615             	3.06590729e+02
616             	3.06590766e+02
617             	3.06590804e+02
618             	3.06590841e+02
619             	3.06590881e+02
620             	3.06590922e+02
621             	3.06590965e+02
622             	3.06591009e+02
623             	3.06591055e+02
624             	3.06591101e+02
625             	3.06591148e+02
626             	3.06591193e+02
627             	3.06591238e+02
628             	3.06591282e+02
629             	3.06591324e+02
630             	3.06591365e+02
631             	3.06591404e+02
632             	3.06591440e+02
633             	3.06591473e+02
634             	3.06591504e+02
635             	3.06591535e+02
636             	3.06591565e+02
637             	3.06591596e+02
638             	3.06591628e+02
639             	3.06591661e+02
640             	3.06591696e+02
641             	3.06591732e+02
642             	3.06591769e+02
643             	3.06591807e+02
644             	3.06591846e+02
645             	3.06591884e+02
646             	3.06591921e+02
647             	3.06591957e+02
648             	3.06591992e+02
649             	3.06592026e+02
650             	3.06592060e+02
651             	3.06592094e+02
652             	3.06592128e+02
653             	3.06592162e+02
654             	3.06592196e+02
655             	3.06592230e+02
656             	3.06592263e+02
657             	3.06592296e+02
658             	3.06592328e+02
659             	3.06592359e+02
660             	3.06592389e+02
661             	3.06592419e+02
662             	3.06592447e+02
663             	3.06592474e+02
664             	3.06592500e+02
665             	3.06592525e+02
666             	3.06592550e+02
667             	3.06592574e+02
668             	3.06592598e+02
669             	3.06592622e+02
670             	3.06592644e+02
671             	3.06592666e+02
672             	3.06592687e+02
673             	3.06592709e+02
674             	3.06592732e+02
675             	3.06592754e+02
676             	3.06592778e+02
677             	3.06592803e+02
678             	3.06592829e+02
679             	3.06592858e+02
680             	3.06592887e+02
681             	3.06592916e+02
682             	3.06592946e+02
683             	3.06592975e+02
684             	3.06593004e+02
685             	3.06593030e+02
686             	3.06593054e+02
687             	3.06593074e+02
688             	3.06593091e+02
689             	3.06593105e+02
690             	3.06593120e+02
691             	3.06593134e+02
692             	3.06593150e+02
693             	3.06593167e+02
694             	3.06593187e+02
695             	3.06593209e+02
696             	3.06593234e+02
697             	3.06593260e+02
698             	3.06593286e+02
699             	3.06593310e+02
700             	3.06593332e+02
701             	3.06593353e+02
702             	3.06593372e+02
703             	3.06593389e+02
704             	3.06593405e+02
705             	3.06593420e+02
706             	3.06593434e+02
707             	3.06593449e+02
708             	3.06593465e+02
709             	3.06593481e+02
710             	3.06593497e+02
711             	3.06593514e+02
712             	3.06593530e+02
713             	3.06593545e+02
714             	3.06593559e+02
715             	3.06593571e+02
716             	3.06593582e+02
717             	3.06593593e+02
718             	3.06593604e+02
719             	3.06593615e+02
720             	3.06593628e+02
721             	3.06593642e+02
722             	3.06593657e+02
723             	3.06593673e+02
724             	3.06593689e+02
725             	3.06593705e+02
726             	3.06593722e+02
727             	3.06593738e+02
728             	3.06593753e+02
729             	3.06593769e+02
730             	3.06593784e+02
731             	3.06593799e+02
732             	3.06593813e+02
733             	3.06593827e+02
734             	3.06593841e+02
735             	3.06593854e+02
736             	3.06593866e+02
737             	3.06593878e+02
738             	3.06593889e+02
739             	3.06593899e+02
740             	3.06593909e+02
741             	3.06593917e+02
742             	3.06593925e+02
743             	3.06593933e+02
744             	3.06593940e+02
745             	3.06593947e+02
746             	3.06593954e+02
747             	3.06593961e+02
748             	3.06593968e+02
749             	3.06593976e+02
750             	3.06593984e+02
751             	3.06593993e+02
752             	3.06594003e+02
753             	3.06594014e+02
754             	3.06594026e+02
755             	3.06594038e+02
756             	3.06594050e+02
757             	3.06594063e+02
758             	3.06594075e+02
759             	3.06594087e+02
760             	3.06594099e+02
761             	3.06594110e+02
762             	3.06594119e+02
763             	3.06594126e+02
764             	3.06594132e+02
765             	3.06594136e+02
766             	3.06594140e+02
767             	3.06594146e+02
768             	3.06594154e+02
769             	3.06594165e+02
770             	3.06594178e+02
771             	3.06594192e+02
772             	3.06594207e+02
773             	3.06594223e+02
774             	3.06594238e+02
775             	3.06594251e+02
776             	3.06594262e+02
777             	3.06594269e+02
778             	3.06594274e+02
779             	3.06594277e+02
780             	3.06594280e+02
781             	3.06594283e+02
782             	3.06594287e+02
783             	3.06594291e+02
784             	3.06594297e+02
785             	3.06594304e+02
786             	3.06594312e+02
787             	3.06594322e+02
788             	3.06594332e+02
789             	3.06594342e+02
790             	3.06594352e+02
791             	3.06594362e+02
792             	3.06594371e+02
793             	3.06594381e+02
794             	3.06594390e+02
795             	3.06594400e+02
796             	3.06594410e+02
797             	3.06594421e+02
798             	3.06594432e+02
799             	3.06594442e+02
800             	3.06594452e+02
801             	3.06594461e+02
802             	3.06594469e+02
803             	3.06594475e+02
804             	3.06594480e+02
805             	3.06594484e+02
806             	3.06594487e+02
807             	3.06594490e+02
808             	3.06594492e+02
809             	3.06594494e+02
810             	3.06594498e+02
811             	3.06594503e+02
812             	3.06594511e+02
813             	3.06594520e+02
814             	3.06594530e+02
815             	3.06594540e+02
816             	3.06594550e+02
817             	3.06594556e+02
818             	3.06594559e+02
819             	3.06594559e+02
820             	3.06594555e+02
821             	3.06594552e+02
822             	3.06594550e+02
823             	3.06594550e+02
824             	3.06594551e+02
825             	3.06594556e+02
826             	3.06594564e+02
827             	3.06594574e+02
828             	3.06594586e+02
829             	3.06594601e+02
830             	3.06594615e+02
831             	3.06594629e+02
832             	3.06594641e+02
833             	3.06594652e+02
834             	3.06594660e+02
835             	3.06594667e+02
836             	3.06594673e+02
837             	3.06594679e+02
838             	3.06594684e+02
839             	3.06594689e+02
840             	3.06594693e+02
841             	3.06594696e+02
842             	3.06594700e+02
843             	3.06594703e+02
844             	3.06594706e+02
845             	3.06594709e+02
846             	3.06594712e+02
847             	3.06594714e+02
848             	3.06594716e+02
849             	3.06594718e+02
850             	3.06594720e+02
851             	3.06594722e+02
852             	3.06594725e+02
853             	3.06594729e+02
854             	3.06594733e+02
855             	3.06594738e+02
856             	3.06594743e+02
857             	3.06594748e+02
858             	3.06594753e+02
859             	3.06594757e+02
860             	3.06594761e+02
861             	3.06594765e+02
862             	3.06594767e+02
863             	3.06594768e+02
864             	3.06594766e+02
865             	3.06594764e+02
866             	3.06594763e+02
867             	3.06594762e+02
868             	3.06594762e+02
869             	3.06594764e+02
870             	3.06594765e+02
871             	3.06594768e+02
872             	3.06594772e+02
873             	3.06594777e+02
874             	3.06594782e+02
875             	3.06594788e+02
876             	3.06594793e+02
877             	3.06594798e+02
878             	3.06594803e+02
879             	3.06594807e+02
880             	3.06594811e+02
881             	3.06594815e+02
882             	3.06594819e+02
883             	3.06594822e+02
884             	3.06594826e+02
885             	3.06594829e+02
886             	3.06594833e+02
887             	3.06594836e+02
888             	3.06594839e+02
889             	3.06594841e+02
890             	3.06594843e+02
891             	3.06594843e+02
892             	3.06594842e+02
893             	3.06594841e+02
894             	3.06594839e+02
895             	3.06594838e+02
896             	3.06594837e+02
897             	3.06594837e+02
898             	3.06594840e+02
899             	3.06594845e+02
900             	3.06594850e+02
901             	3.06594856e+02
902             	3.06594861e+02
903             	3.06594865e+02
904             	3.06594869e+02
905             	3.06594871e+02
906             	3.06594873e+02
907             	3.06594873e+02
908             	3.06594874e+02
909             	3.06594872e+02
910             	3.06594870e+02
911             	3.06594867e+02
912             	3.06594863e+02
913             	3.06594859e+02
914             	3.06594856e+02
915             	3.06594854e+02
916             	3.06594855e+02
917             	3.06594857e+02
918             	3.06594863e+02
919             	3.06594869e+02
920             	3.06594877e+02
921             	3.06594884e+02
922             	3.06594889e+02
923             	3.06594894e+02
924             	3.06594897e+02
925             	3.06594898e+02
926             	3.06594897e+02
927             	3.06594894e+02
928             	3.06594889e+02
929             	3.06594883e+02
930             	3.06594878e+02
931             	3.06594873e+02
932             	3.06594870e+02
933             	3.06594868e+02
934             	3.06594869e+02
935             	3.06594873e+02
936             	3.06594878e+02
937             	3.06594886e+02
938             	3.06594894e+02
939             	3.06594903e+02
940             	3.06594910e+02
941             	3.06594917e+02
942             	3.06594922e+02
943             	3.06594926e+02
944             	3.06594928e+02
945             	3.06594928e+02
946             	3.06594925e+02
947             	3.06594922e+02
948             	3.06594918e+02
949             	3.06594914e+02
950             	3.06594911e+02
951             	3.06594909e+02
952             	3.06594907e+02
953             	3.06594907e+02
954             	3.06594907e+02
955             	3.06594907e+02
956             	3.06594907e+02
957             	3.06594907e+02
958             	3.06594908e+02
959             	3.06594909e+02
960             	3.06594911e+02
961             	3.06594913e+02
962             	3.06594917e+02
963             	3.06594921e+02
964             	3.06594926e+02
965             	3.06594931e+02
966             	3.06594935e+02
967             	3.06594939e+02
968             	3.06594942e+02
969             	3.06594945e+02
970             	3.06594946e+02
971             	3.06594946e+02
972             	3.06594945e+02
973             	3.06594943e+02
974             	3.06594941e+02
975             	3.06594939e+02
976             	3.06594937e+02
977             	3.06594936e+02
978             	3.06594936e+02
979             	3.06594939e+02
980             	3.06594943e+02
981             	3.06594948e+02
982             	3.06594954e+02
983             	3.06594960e+02
984             	3.06594967e+02
985             	3.06594972e+02
986             	3.06594976e+02
987             	3.06594978e+02
988             	3.06594980e+02
989             	3.06594980e+02
990             	3.06594979e+02
991             	3.06594978e+02
992             	3.06594977e+02
993             	3.06594975e+02
994             	3.06594974e+02
995             	3.06594972e+02
996             	3.06594971e+02
997             	3.06594969e+02
998             	3.06594969e+02
999             	3.06594969e+02
1000            	3.06594971e+02
1001            	3.06594974e+02
1002            	3.06594977e+02
1003            	3.06594981e+02
1004            	3.06594984e+02
1005            	3.06594987e+02
1006            	3.06594989e+02
1007            	3.06594989e+02
1008            	3.06594988e+02
1009            	3.06594987e+02
1010            	3.06594983e+02
1011            	3.06594978e+02
1012            	3.06594973e+02
1013            	3.06594967e+02
1014            	3.06594962e+02
1015            	3.06594959e+02
1016            	3.06594959e+02
1017            	3.06594961e+02
1018            	3.06594965e+02
1019            	3.06594971e+02
1020            	3.06594977e+02
1021            	3.06594983e+02
1022            	3.06594988e+02
1023            	3.06594993e+02
1024            	3.06594997e+02
1025            	3.06595001e+02
1026            	3.06595003e+02
1027            	3.06595005e+02
1028            	3.06595008e+02
1029            	3.06595009e+02
1030            	3.06595011e+02
1031            	3.06595011e+02
1032            	3.06595011e+02
1033            	3.06595011e+02
1034            	3.06595011e+02
1035            	3.06595011e+02
1036            	3.06595010e+02
1037            	3.06595010e+02
1038            	3.06595012e+02
1039            	3.06595015e+02
1040            	3.06595019e+02
1041            	3.06595023e+02
1042            	3.06595027e+02
1043            	3.06595032e+02
1044            	3.06595036e+02
1045            	3.06595041e+02
1046            	3.06595044e+02
1047            	3.06595047e+02
1048            	3.06595048e+02
1049            	3.06595049e+02
1050            	3.06595048e+02
1051            	3.06595048e+02
1052            	3.06595047e+02
1053            	3.06595046e+02
1054            	3.06595045e+02
1055            	3.06595045e+02
1056            	3.06595045e+02
1057            	3.06595045e+02
1058            	3.06595046e+02
1059            	3.06595046e+02
1060            	3.06595045e+02
1061            	3.06595043e+02
1062            	3.06595040e+02
1063            	3.06595037e+02
1064            	3.06595034e+02
1065            	3.06595031e+02
1066            	3.06595029e+02
1067            	3.06595027e+02
1068            	3.06595026e+02
1069            	3.06595027e+02
1070            	3.06595028e+02
1071            	3.06595030e+02
1072            	3.06595033e+02
1073            	3.06595037e+02
1074            	3.06595041e+02
1075            	3.06595046e+02
1076            	3.06595049e+02
1077            	3.06595053e+02
1078            	3.06595056e+02
1079            	3.06595058e+02
1080            	3.06595060e+02
1081            	3.06595060e+02
1082            	3.06595060e+02
1083            	3.06595060e+02
1084            	3.06595059e+02
1085            	3.06595057e+02
1086            	3.06595056e+02
1087            	3.06595055e+02
1088            	3.06595054e+02
1089            	3.06595053e+02
1090            	3.06595052e+02
1091            	3.06595052e+02
1092            	3.06595052e+02
1093            	3.06595053e+02
1094            	3.06595054e+02
1095            	3.06595055e+02
1096            	3.06595056e+02
1097            	3.06595058e+02
1098            	3.06595059e+02
1099            	3.06595061e+02
1100            	3.06595062e+02
1101            	3.06595063e+02
1102            	3.06595063e+02
1103            	3.06595063e+02
1104            	3.06595062e+02
1105            	3.06595061e+02
1106            	3.06595059e+02
1107            	3.06595056e+02
1108            	3.06595053e+02
1109            	3.06595049e+02
1110            	3.06595046e+02
1111            	3.06595044e+02
1112            	3.06595043e+02
1113            	3.06595044e+02
1114            	3.06595046e+02
1115            	3.06595049e+02
1116            	3.06595052e+02
1117            	3.06595056e+02
1118            	3.06595059e+02
1119            	3.06595061e+02
1120            	3.06595063e+02
1121            	3.06595063e+02
1122            	3.06595063e+02
1123            	3.06595061e+02
1124            	3.06595058e+02
1125            	3.06595054e+02
1126            	3.06595049e+02
1127            	3.06595043e+02
1128            	3.06595039e+02
1129            	3.06595035e+02
1130            	3.06595032e+02
1131            	3.06595032e+02
1132            	3.06595032e+02
1133            	3.06595035e+02
1134            	3.06595038e+02
1135            	3.06595043e+02
1136            	3.06595050e+02
1137            	3.06595056e+02
1138            	3.06595063e+02
1139            	3.06595069e+02
1140            	3.06595074e+02
1141            	3.06595077e+02
1142            	3.06595078e+02
1143            	3.06595077e+02
1144            	3.06595075e+02
1145            	3.06595072e+02
1146            	3.06595069e+02
1147            	3.06595067e+02
1148            	3.06595066e+02
1149            	3.06595065e+02
1150            	3.06595066e+02
1151            	3.06595067e+02
1152            	3.06595068e+02
1153            	3.06595070e+02
1154            	3.06595071e+02
1155            	3.06595071e+02
1156            	3.06595071e+02
1157            	3.06595070e+02
1158            	3.06595068e+02
1159            	3.06595065e+02
1160            	3.06595061e+02
1161            	3.06595057e+02
1162            	3.06595053e+02
1163            	3.06595049e+02
1164            	3.06595045e+02
1165            	3.06595041e+02
1166            	3.06595038e+02
1167            	3.06595035e+02
1168            	3.06595033e+02
1169            	3.06595031e+02
1170            	3.06595030e+02
1171            	3.06595030e+02
1172            	3.06595030e+02
1173            	3.06595031e+02
1174            	3.06595033e+02
1175            	3.06595035e+02
1176            	3.06595037e+02
1177            	3.06595040e+02
1178            	3.06595043e+02
1179            	3.06595047e+02
1180            	3.06595051e+02
1181            	3.06595055e+02
1182            	3.06595059e+02
1183            	3.06595063e+02
1184            	3.06595067e+02
1185            	3.06595070e+02
1186            	3.06595073e+02
1187            	3.06595075e+02
1188            	3.06595076e+02
1189            	3.06595077e+02
1190            	3.06595077e+02
1191            	3.06595076e+02
1192            	3.06595076e+02
1193            	3.06595075e+02
1194            	3.06595075e+02
1195            	3.06595076e+02
1196            	3.06595078e+02
1197            	3.06595080e+02
1198            	3.06595083e+02
1199            	3.06595086e+02
1200            	3.06595090e+02
1201            	3.06595094e+02
1202            	3.06595097e+02
1203            	3.06595100e+02
1204            	3.06595103e+02
1205            	3.06595106e+02
1206            	3.06595107e+02
1207            	3.06595108e+02
1208            	3.06595109e+02
1209            	3.06595109e+02
1210            	3.06595108e+02
1211            	3.06595106e+02
1212            	3.06595103e+02
1213            	3.06595100e+02
1214            	3.06595097e+02
1215            	3.06595094e+02
1216            	3.06595092e+02
1217            	3.06595090e+02
1218            	3.06595090e+02
1219            	3.06595091e+02
1220            	3.06595092e+02
1221            	3.06595095e+02
1222            	3.06595098e+02
1223            	3.06595101e+02
1224            	3.06595104e+02
1225            	3.06595107e+02
1226            	3.06595109e+02
1227            	3.06595110e+02
1228            	3.06595111e+02
1229            	3.06595112e+02
1230            	3.06595112e+02
1231            	3.06595113e+02
1232            	3.06595113e+02
1233            	3.06595114e+02
1234            	3.06595116e+02
1235            	3.06595118e+02
1236            	3.06595119e+02
1237            	3.06595121e+02
1238            	3.06595122e+02
1239            	3.06595122e+02
1240            	3.06595121e+02
1241            	3.06595119e+02
1242            	3.06595116e+02
1243            	3.06595111e+02
1244            	3.06595106e+02
1245            	3.06595102e+02
1246            	3.06595098e+02
1247            	3.06595096e+02
1248            	3.06595094e+02
1249            	3.06595093e+02
1250            	3.06595093e+02
1251            	3.06595096e+02
1252            	3.06595100e+02
1253            	3.06595104e+02
1254            	3.06595109e+02
1255            	3.06595112e+02
1256            	3.06595116e+02
1257            	3.06595119e+02
1258            	3.06595122e+02
1259            	3.06595124e+02
1260            	3.06595127e+02
1261            	3.06595129e+02
1262            	3.06595133e+02
1263            	3.06595137e+02
1264            	3.06595141e+02
1265            	3.06595145e+02
1266            	3.06595149e+02
1267            	3.06595152e+02
1268            	3.06595155e+02
1269            	3.06595156e+02
1270            	3.06595156e+02
1271            	3.06595154e+02
1272            	3.06595149e+02
1273            	3.06595144e+02
1274            	3.06595137e+02
1275            	3.06595131e+02
1276            	3.06595125e+02
1277            	3.06595120e+02
1278            	3.06595116e+02
1279            	3.06595114e+02
1280            	3.06595114e+02
1281            	3.06595115e+02
1282            	3.06595116e+02
1283            	3.06595118e+02
1284            	3.06595121e+02
1285            	3.06595123e+02
1286            	3.06595125e+02
1287            	3.06595126e+02
1288            	3.06595128e+02
1289            	3.06595129e+02
1290            	3.06595130e+02
1291            	3.06595131e+02
1292            	3.06595133e+02
1293            	3.06595135e+02
1294            	3.06595138e+02
1295            	3.06595140e+02
1296            	3.06595143e+02
1297            	3.06595146e+02
1298            	3.06595148e+02
1299            	3.06595150e+02
1300            	3.06595151e+02
1301            	3.06595151e+02
1302            	3.06595151e+02
1303            	3.06595150e+02
1304            	3.06595149e+02
1305            	3.06595148e+02
1306            	3.06595146e+02
1307            	3.06595144e+02
1308            	3.06595142e+02
1309            	3.06595140e+02
1310            	3.06595138e+02
1311            	3.06595137e+02
1312            	3.06595135e+02
1313            	3.06595134e+02
1314            	3.06595133e+02
1315            	3.06595133e+02
1316            	3.06595133e+02
1317            	3.06595133e+02
1318            	3.06595134e+02
1319            	3.06595135e+02
1320            	3.06595136e+02
1321            	3.06595137e+02
1322            	3.06595139e+02
1323            	3.06595140e+02
1324            	3.06595142e+02
1325            	3.06595143e+02
1326            	3.06595145e+02
1327            	3.06595147e+02
1328            	3.06595149e+02
1329            	3.06595151e+02
1330            	3.06595153e+02
1331            	3.06595155e+02
1332            	3.06595157e+02
1333            	3.06595158e+02
1334            	3.06595159e+02
1335            	3.06595158e+02
1336            	3.06595157e+02
1337            	3.06595155e+02
1338            	3.06595153e+02
1339            	3.06595150e+02
1340            	3.06595148e+02
1341            	3.06595147e+02
1342            	3.06595147e+02
1343            	3.06595147e+02
1344            	3.06595147e+02
1345            	3.06595148e+02
1346            	3.06595149e+02
1347            	3.06595150e+02
1348            	3.06595151e+02
1349            	3.06595150e+02
1350            	3.06595150e+02
1351            	3.06595148e+02
1352            	3.06595146e+02
1353            	3.06595144e+02
1354            	3.06595141e+02
1355            	3.06595138e+02
1356            	3.06595136e+02
1357            	3.06595134e+02
1358            	3.06595132e+02
1359            	3.06595132e+02
1360            	3.06595132e+02
1361            	3.06595133e+02
1362            	3.06595134e+02
1363            	3.06595135e+02
1364            	3.06595137e+02
1365            	3.06595138e+02
1366            	3.06595139e+02
1367            	3.06595139e+02
1368            	3.06595138e+02
1369            	3.06595138e+02
1370            	3.06595137e+02
1371            	3.06595135e+02
1372            	3.06595134e+02
1373            	3.06595132e+02
1374            	3.06595129e+02
1375            	3.06595125e+02
1376            	3.06595120e+02
1377            	3.06595115e+02
1378            	3.06595109e+02
1379            	3.06595105e+02
1380            	3.06595101e+02
1381            	3.06595099e+02
1382            	3.06595100e+02
1383            	3.06595102e+02
1384            	3.06595106e+02
1385            	3.06595110e+02
1386            	3.06595114e+02
1387            	3.06595117e+02
1388            	3.06595119e+02
1389            	3.06595119e+02
1390            	3.06595118e+02
1391            	3.06595116e+02
1392            	3.06595113e+02
1393            	3.06595109e+02
1394            	3.06595105e+02
1395            	3.06595101e+02
1396            	3.06595097e+02
1397            	3.06595094e+02
1398            	3.06595091e+02
1399            	3.06595088e+02
1400            	3.06595086e+02
1401            	3.06595084e+02
1402            	3.06595083e+02
1403            	3.06595082e+02
1404            	3.06595082e+02
1405            	3.06595083e+02
1406            	3.06595085e+02
1407            	3.06595087e+02
1408            	3.06595090e+02
1409            	3.06595093e+02
1410            	3.06595095e+02
1411            	3.06595094e+02
1412            	3.06595093e+02
1413            	3.06595090e+02
1414            	3.06595086e+02
1415            	3.06595082e+02
1416            	3.06595078e+02
1417            	3.06595076e+02
1418            	3.06595077e+02
1419            	3.06595080e+02
1420            	3.06595085e+02
1421            	3.06595091e+02
1422            	3.06595097e+02
1423            	3.06595102e+02
1424            	3.06595106e+02
1425            	3.06595107e+02
1426            	3.06595107e+02
1427            	3.06595105e+02
1428            	3.06595103e+02
1429            	3.06595100e+02
1430            	3.06595097e+02
1431            	3.06595095e+02
1432            	3.06595095e+02
1433            	3.06595096e+02
1434            	3.06595098e+02
1435            	3.06595102e+02
1436            	3.06595106e+02
1437            	3.06595111e+02
1438            	3.06595114e+02
1439            	3.06595117e+02
1440            	3.06595119e+02
1441            	3.06595121e+02
1442            	3.06595123e+02
1443            	3.06595124e+02
1444            	3.06595127e+02
1445            	3.06595129e+02
1446            	3.06595131e+02
1447            	3.06595134e+02
1448            	3.06595136e+02
1449            	3.06595138e+02
1450            	3.06595140e+02
1451            	3.06595141e+02
1452            	3.06595141e+02
1453            	3.06595140e+02
1454            	3.06595139e+02
1455            	3.06595137e+02
1456            	3.06595134e+02
1457            	3.06595131e+02
1458            	3.06595128e+02
1459            	3.06595125e+02
1460            	3.06595123e+02
1461            	3.06595122e+02
1462            	3.06595121e+02
1463            	3.06595122e+02
1464            	3.06595124e+02
1465            	3.06595126e+02
1466            	3.06595127e+02
1467            	3.06595127e+02
1468            	3.06595128e+02
1469            	3.06595129e+02
1470            	3.06595131e+02
1471            	3.06595133e+02
1472            	3.06595133e+02
1473            	3.06595133e+02
1474            	3.06595131e+02
1475            	3.06595127e+02
1476            	3.06595123e+02
1477            	3.06595119e+02
1478            	3.06595116e+02
1479            	3.06595117e+02
1480            	3.06595119e+02
1481            	3.06595124e+02
1482            	3.06595130e+02
1483            	3.06595136e+02
1484            	3.06595141e+02
1485            	3.06595145e+02
1486            	3.06595147e+02
1487            	3.06595147e+02
1488            	3.06595143e+02
1489            	3.06595138e+02
1490            	3.06595131e+02
1491            	3.06595125e+02
1492            	3.06595120e+02
1493            	3.06595117e+02
1494            	3.06595117e+02
1495            	3.06595119e+02
1496            	3.06595125e+02
1497            	3.06595133e+02
1498            	3.06595144e+02
1499            	3.06595156e+02
1500            	3.06595168e+02
1501            	3.06595177e+02
1502            	3.06595184e+02
1503            	3.06595188e+02
1504            	3.06595190e+02
1505            	3.06595189e+02
1506            	3.06595187e+02
1507            	3.06595183e+02
1508            	3.06595179e+02
1509            	3.06595175e+02
1510            	3.06595171e+02
1511            	3.06595167e+02
1512            	3.06595164e+02
1513            	3.06595161e+02
1514            	3.06595159e+02
1515            	3.06595157e+02
1516            	3.06595156e+02
1517            	3.06595154e+02
1518            	3.06595153e+02
1519            	3.06595151e+02
1520            	3.06595150e+02
1521            	3.06595149e+02
1522            	3.06595148e+02
1523            	3.06595146e+02
1524            	3.06595145e+02
1525            	3.06595144e+02
1526            	3.06595145e+02
1527            	3.06595147e+02
1528            	3.06595151e+02
1529            	3.06595156e+02
1530            	3.06595162e+02
1531            	3.06595168e+02
1532            	3.06595175e+02
1533            	3.06595180e+02
1534            	3.06595185e+02
1535            	3.06595188e+02
1536            	3.06595190e+02
1537            	3.06595191e+02
1538            	3.06595191e+02
1539            	3.06595190e+02
1540            	3.06595188e+02
1541            	3.06595186e+02
1542            	3.06595185e+02
1543            	3.06595183e+02
1544            	3.06595181e+02
1545            	3.06595180e+02
1546            	3.06595179e+02
1547            	3.06595178e+02
1548            	3.06595178e+02
1549            	3.06595177e+02
1550            	3.06595177e+02
1551            	3.06595177e+02
1552            	3.06595177e+02
1553            	3.06595178e+02
1554            	3.06595179e+02
1555            	3.06595181e+02
1556            	3.06595183e+02
1557            	3.06595184e+02
1558            	3.06595185e+02
1559            	3.06595185e+02
1560            	3.06595185e+02
1561            	3.06595185e+02
1562            	3.06595185e+02
1563            	3.06595184e+02
1564            	3.06595184e+02
1565            	3.06595183e+02
1566            	3.06595184e+02
1567            	3.06595185e+02
1568            	3.06595187e+02
1569            	3.06595189e+02
1570            	3.06595193e+02
1571            	3.06595197e+02
1572            	3.06595201e+02
1573            	3.06595205e+02
1574            	3.06595208e+02
1575            	3.06595210e+02
1576            	3.06595211e+02
1577            	3.06595211e+02
1578            	3.06595209e+02
1579            	3.06595206e+02
1580            	3.06595202e+02
1581            	3.06595197e+02
1582            	3.06595191e+02
1583            	3.06595184e+02
1584            	3.06595178e+02
1585            	3.06595172e+02
1586            	3.06595167e+02
1587            	3.06595164e+02
1588            	3.06595162e+02
1589            	3.06595161e+02
1590            	3.06595161e+02
1591            	3.06595162e+02
1592            	3.06595162e+02
1593            	3.06595162e+02
1594            	3.06595161e+02
1595            	3.06595160e+02
1596            	3.06595159e+02
1597            	3.06595157e+02
1598            	3.06595155e+02
1599            	3.06595153e+02
1600            	3.06595151e+02
1601            	3.06595150e+02
1602            	3.06595149e+02
1603            	3.06595148e+02
1604            	3.06595146e+02
1605            	3.06595145e+02
1606            	3.06595145e+02
1607            	3.06595144e+02
1608            	3.06595145e+02
1609            	3.06595146e+02
1610            	3.06595147e+02
1611            	3.06595149e+02
1612            	3.06595152e+02
1613            	3.06595154e+02
1614            	3.06595157e+02
1615            	3.06595159e+02
1616            	3.06595161e+02
1617            	3.06595161e+02
1618            	3.06595161e+02
1619            	3.06595159e+02
1620            	3.06595156e+02
1621            	3.06595153e+02
1622            	3.06595150e+02
1623            	3.06595146e+02
1624            	3.06595143e+02
1625            	3.06595140e+02
1626            	3.06595137e+02
1627            	3.06595135e+02
1628            	3.06595134e+02
1629            	3.06595132e+02
1630            	3.06595132e+02
1631            	3.06595132e+02
1632            	3.06595132e+02
1633            	3.06595131e+02
1634            	3.06595130e+02
1635            	3.06595130e+02
1636            	3.06595128e+02
1637            	3.06595127e+02
1638            	3.06595125e+02
1639            	3.06595123e+02
1640            	3.06595122e+02
1641            	3.06595120e+02
1642            	3.06595119e+02
1643            	3.06595119e+02
1644            	3.06595119e+02
1645            	3.06595119e+02
1646            	3.06595120e+02
1647            	3.06595121e+02
1648            	3.06595122e+02
1649            	3.06595123e+02
1650            	3.06595124e+02
1651            	3.06595125e+02
1652            	3.06595125e+02
1653            	3.06595124e+02
1654            	3.06595124e+02
1655            	3.06595122e+02
1656            	3.06595121e+02
1657            	3.06595120e+02
1658            	3.06595119e+02
1659            	3.06595117e+02
1660            	3.06595116e+02
1661            	3.06595115e+02
1662            	3.06595114e+02
1663            	3.06595113e+02
1664            	3.06595112e+02
1665            	3.06595112e+02
1666            	3.06595112e+02
1667            	3.06595111e+02
1668            	3.06595111e+02
1669            	3.06595112e+02
1670            	3.06595112e+02
1671            	3.06595112e+02
1672            	3.06595113e+02
1673            	3.06595113e+02
1674            	3.06595113e+02
1675            	3.06595113e+02
1676            	3.06595113e+02
1677            	3.06595114e+02
1678            	3.06595115e+02
1679            	3.06595117e+02
1680            	3.06595118e+02
1681            	3.06595120e+02
1682            	3.06595122e+02
1683            	3.06595125e+02
1684            	3.06595127e+02
1685            	3.06595129e+02
1686            	3.06595131e+02
1687            	3.06595132e+02
1688            	3.06595133e+02
1689            	3.06595134e+02
1690            	3.06595135e+02
1691            	3.06595135e+02
1692            	3.06595136e+02
1693            	3.06595136e+02
1694            	3.06595136e+02
1695            	3.06595136e+02
1696            	3.06595137e+02
1697            	3.06595137e+02
1698            	3.06595137e+02
1699            	3.06595138e+02
1700            	3.06595138e+02
1701            	3.06595139e+02
1702            	3.06595140e+02
1703            	3.06595141e+02
1704            	3.06595143e+02
1705            	3.06595144e+02
1706            	3.06595145e+02
1707            	3.06595147e+02
1708            	3.06595148e+02
1709            	3.06595149e+02
1710            	3.06595150e+02
1711            	3.06595151e+02
1712            	3.06595151e+02
1713            	3.06595152e+02
1714            	3.06595152e+02
1715            	3.06595152e+02
1716            	3.06595151e+02
1717            	3.06595150e+02
1718            	3.06595149e+02
1719            	3.06595147e+02
1720            	3.06595145e+02
1721            	3.06595142e+02
1722            	3.06595139e+02
1723            	3.06595137e+02
1724            	3.06595134e+02
1725            	3.06595132e+02
1726            	3.06595130e+02
1727            	3.06595129e+02
1728            	3.06595127e+02
1729            	3.06595126e+02
1730            	3.06595125e+02
1731            	3.06595125e+02
1732            	3.06595125e+02
1733            	3.06595125e+02
1734            	3.06595126e+02
1735            	3.06595127e+02
1736            	3.06595128e+02
1737            	3.06595129e+02
1738            	3.06595131e+02
1739            	3.06595132e+02
1740            	3.06595133e+02
1741            	3.06595134e+02
1742            	3.06595135e+02
1743            	3.06595136e+02
1744            	3.06595137e+02
1745            	3.06595138e+02
1746            	3.06595140e+02
1747            	3.06595141e+02
1748            	3.06595142e+02
1749            	3.06595143e+02
1750            	3.06595145e+02
1751            	3.06595146e+02
1752            	3.06595147e+02
1753            	3.06595148e+02
1754            	3.06595148e+02
1755            	3.06595148e+02
1756            	3.06595148e+02
1757            	3.06595148e+02
1758            	3.06595147e+02
1759            	3.06595146e+02
1760            	3.06595145e+02
1761            	3.06595143e+02
1762            	3.06595142e+02
1763            	3.06595140e+02
1764            	3.06595138e+02
1765            	3.06595137e+02
1766            	3.06595135e+02
1767            	3.06595134e+02
1768            	3.06595133e+02
1769            	3.06595132e+02
1770            	3.06595131e+02
1771            	3.06595130e+02
1772            	3.06595130e+02
1773            	3.06595129e+02
1774            	3.06595129e+02
1775            	3.06595128e+02
1776            	3.06595128e+02
1777            	3.06595129e+02
1778            	3.06595129e+02
1779            	3.06595129e+02
1780            	3.06595130e+02
1781            	3.06595131e+02
1782            	3.06595132e+02
1783            	3.06595133e+02
1784            	3.06595134e+02
1785            	3.06595135e+02
1786            	3.06595136e+02
1787            	3.06595138e+02
1788            	3.06595139e+02
1789            	3.06595140e+02
1790            	3.06595142e+02
1791            	3.06595143e+02
1792            	3.06595145e+02
1793            	3.06595147e+02
1794            	3.06595149e+02
1795            	3.06595151e+02
1796            	3.06595153e+02
1797            	3.06595155e+02
1798            	3.06595157e+02
1799            	3.06595159e+02
1800            	3.06595161e+02
1801            	3.06595164e+02
1802            	3.06595166e+02
1803            	3.06595167e+02
1804            	3.06595169e+02
1805            	3.06595171e+02
1806            	3.06595172e+02
1807            	3.06595173e+02
1808            	3.06595174e+02
1809            	3.06595175e+02
1810            	3.06595176e+02
1811            	3.06595177e+02
1812            	3.06595178e+02
1813            	3.06595178e+02
1814            	3.06595179e+02
1815            	3.06595179e+02
1816            	3.06595180e+02
1817            	3.06595180e+02
1818            	3.06595180e+02
1819            	3.06595181e+02
1820            	3.06595181e+02
1821            	3.06595180e+02
1822            	3.06595180e+02
1823            	3.06595179e+02
1824            	3.06595178e+02
1825            	3.06595177e+02
1826            	3.06595176e+02
1827            	3.06595175e+02
1828            	3.06595174e+02
1829            	3.06595173e+02
1830            	3.06595171e+02
1831            	3.06595170e+02
1832            	3.06595169e+02
1833            	3.06595167e+02
1834            	3.06595166e+02
1835            	3.06595165e+02
1836            	3.06595163e+02
1837            	3.06595162e+02
1838            	3.06595161e+02
1839            	3.06595160e+02
1840            	3.06595159e+02
1841            	3.06595159e+02
1842            	3.06595159e+02
1843            	3.06595158e+02
1844            	3.06595158e+02
1845            	3.06595158e+02
1846            	3.06595158e+02
1847            	3.06595159e+02
1848            	3.06595159e+02
1849            	3.06595159e+02
1850            	3.06595159e+02
1851            	3.06595159e+02
1852            	3.06595160e+02
1853            	3.06595160e+02
1854            	3.06595161e+02
1855            	3.06595162e+02
1856            	3.06595163e+02
1857            	3.06595164e+02
1858            	3.06595165e+02
1859            	3.06595167e+02
1860            	3.06595169e+02
1861            	3.06595171e+02
1862            	3.06595173e+02
1863            	3.06595175e+02
1864            	3.06595177e+02
1865            	3.06595179e+02
1866            	3.06595181e+02
1867            	3.06595183e+02
1868            	3.06595185e+02
1869            	3.06595186e+02
1870            	3.06595186e+02
1871            	3.06595187e+02
1872            	3.06595187e+02
1873            	3.06595186e+02
1874            	3.06595185e+02
1875            	3.06595184e+02
1876            	3.06595183e+02
1877            	3.06595181e+02
1878            	3.06595179e+02
1879            	3.06595177e+02
1880            	3.06595175e+02
1881            	3.06595173e+02
1882            	3.06595170e+02
1883            	3.06595168e+02
1884            	3.06595166e+02
1885            	3.06595163e+02
1886            	3.06595161e+02
1887            	3.06595159e+02
1888            	3.06595157e+02
1889            	3.06595155e+02
1890            	3.06595153e+02
1891            	3.06595151e+02
1892            	3.06595149e+02
1893            	3.06595147e+02
1894            	3.06595145e+02
1895            	3.06595143e+02
1896            	3.06595141e+02
1897            	3.06595140e+02
1898            	3.06595139e+02
1899            	3.06595138e+02
1900            	3.06595138e+02
1901            	3.06595139e+02
1902            	3.06595139e+02
1903            	3.06595141e+02
1904            	3.06595142e+02
1905            	3.06595144e+02
1906            	3.06595147e+02
1907            	3.06595149e+02
1908            	3.06595152e+02
1909            	3.06595154e+02
1910            	3.06595157e+02
1911            	3.06595159e+02
1912            	3.06595162e+02
1913            	3.06595164e+02
1914            	3.06595167e+02
1915            	3.06595169e+02
1916            	3.06595171e+02
1917            	3.06595172e+02
1918            	3.06595174e+02
1919            	3.06595175e+02
1920            	3.06595176e+02
1921            	3.06595177e+02
1922            	3.06595177e+02
1923            	3.06595177e+02
1924            	3.06595177e+02
1925            	3.06595177e+02
1926            	3.06595177e+02
1927            	3.06595176e+02
1928            	3.06595175e+02
1929            	3.06595174e+02
1930            	3.06595172e+02
1931            	3.06595171e+02
1932            	3.06595169e+02
1933            	3.06595168e+02
1934            	3.06595166e+02
1935            	3.06595164e+02
1936            	3.06595163e+02
1937            	3.06595161e+02
1938            	3.06595160e+02
1939            	3.06595159e+02
1940            	3.06595158e+02
1941            	3.06595157e+02
1942            	3.06595156e+02
1943            	3.06595155e+02
1944            	3.06595154e+02
1945            	3.06595154e+02
1946            	3.06595153e+02
1947            	3.06595153e+02
1948            	3.06595153e+02
1949            	3.06595153e+02
1950            	3.06595153e+02
1951            	3.06595154e+02
1952            	3.06595154e+02
1953            	3.06595155e+02
1954            	3.06595156e+02
1955            	3.06595157e+02
1956            	3.06595158e+02
1957            	3.06595159e+02
1958            	3.06595160e+02
1959            	3.06595162e+02
1960            	3.06595163e+02
1961            	3.06595165e+02
1962            	3.06595166e+02
1963            	3.06595168e+02
1964            	3.06595170e+02
1965            	3.06595171e+02
1966            	3.06595173e+02
1967            	3.06595174e+02
1968            	3.06595176e+02
1969            	3.06595177e+02
1970            	3.06595178e+02
1971            	3.06595179e+02
1972            	3.06595179e+02
1973            	3.06595180e+02
1974            	3.06595180e+02
1975            	3.06595180e+02
1976            	3.06595180e+02
1977            	3.06595180e+02
1978            	3.06595180e+02
1979            	3.06595179e+02
1980            	3.06595179e+02
1981            	3.06595179e+02
1982            	3.06595178e+02
1983            	3.06595178e+02
1984            	3.06595177e+02
1985            	3.06595177e+02
1986            	3.06595176e+02
1987            	3.06595176e+02
1988            	3.06595176e+02
1989            	3.06595176e+02
1990            	3.06595176e+02
1991            	3.06595176e+02
1992            	3.06595176e+02
1993            	3.06595176e+02
1994            	3.06595176e+02
1995            	3.06595177e+02
1996            	3.06595177e+02
1997            	3.06595177e+02
1998            	3.06595177e+02
1999            	3.06595178e+02
2000            	3.06595178e+02
