# Region        : cellZone component_4
# Cells         : 288
# Volume        : 5.76392700e-01
# Time          	volAverage(T)
1               	3.00072703e+02
2               	3.00144933e+02
3               	3.00214253e+02
4               	3.00281708e+02
5               	3.00348199e+02
6               	3.00413985e+02
7               	3.00479258e+02
8               	3.00544194e+02
9               	3.00608829e+02
10              	3.00673207e+02
11              	3.00737226e+02
12              	3.00801005e+02
13              	3.00864563e+02
14              	3.00927608e+02
15              	3.00990219e+02
16              	3.01052541e+02
17              	3.01114114e+02
18              	3.01175251e+02
19              	3.01235835e+02
20              	3.01295729e+02
21              	3.01354900e+02
22              	3.01413577e+02
23              	3.01472133e+02
24              	3.01530440e+02
25              	3.01588965e+02
26              	3.01646997e+02
27              	3.01703794e+02
28              	3.01759804e+02
29              	3.01815503e+02
30              	3.01871346e+02
31              	3.01926923e+02
32              	3.01982233e+02
33              	3.02037176e+02
34              	3.02091658e+02
35              	3.02145459e+02
36              	3.02198445e+02
37              	3.02250473e+02
38              	3.02301639e+02
39              	3.02351676e+02
40              	3.02401481e+02
41              	3.02450466e+02
42              	3.02499334e+02
43              	3.02548519e+02
44              	3.02597781e+02
45              	3.02646005e+02
46              	3.02692954e+02
47              	3.02740122e+02
48              	3.02787645e+02
49              	3.02834895e+02
50              	3.02881234e+02
51              	3.02926348e+02
52              	3.02971010e+02
53              	3.03015063e+02
54              	3.03057730e+02
55              	3.03099946e+02
56              	3.03142050e+02
57              	3.03183808e+02
58              	3.03226030e+02
59              	3.03269168e+02
60              	3.03312163e+02
61              	3.03354366e+02
62              	3.03396936e+02
63              	3.03439427e+02
64              	3.03481505e+02
65              	3.03522896e+02
66              	3.03563664e+02
67              	3.03603994e+02
68              	3.03643695e+02
69              	3.03683039e+02
70              	3.03722290e+02
71              	3.03761461e+02
72              	3.03799834e+02
73              	3.03839139e+02
74              	3.03879002e+02
75              	3.03919273e+02
76              	3.03959901e+02
77              	3.04000836e+02
78              	3.04041898e+02
79              	3.04082703e+02
80              	3.04123318e+02
81              	3.04163511e+02
82              	3.04202828e+02
83              	3.04241776e+02
84              	3.04280252e+02
85              	3.04318051e+02
86              	3.04355504e+02
87              	3.04391632e+02
88              	3.04428176e+02
89              	3.04464425e+02
90              	3.04500807e+02
91              	3.04537058e+02
92              	3.04573290e+02
93              	3.04609611e+02
94              	3.04645893e+02
95              	3.04681925e+02
96              	3.04717753e+02
97              	3.04753158e+02
98              	3.04788237e+02
99              	3.04822782e+02
100             	3.04857055e+02
101             	3.04891145e+02
102             	3.04924566e+02
103             	3.04958126e+02
104             	3.04991075e+02
105             	3.05023992e+02
106             	3.05056411e+02
107             	3.05088517e+02
108             	3.05119944e+02
109             	3.05150930e+02
110             	3.05181484e+02
111             	3.05211613e+02
112             	3.05241287e+02
113             	3.05270670e+02
114             	3.05300128e+02
115             	3.05329598e+02
116             	3.05358955e+02
117             	3.05388311e+02
118             	3.05417634e+02
119             	3.05446798e+02
120             	3.05476063e+02
121             	3.05505274e+02
122             	3.05534182e+02
123             	3.05562850e+02
124             	3.05591242e+02
125             	3.05619244e+02
126             	3.05646933e+02
127             	3.05674041e+02
128             	3.05700922e+02
129             	3.05727581e+02
130             	3.05753976e+02
131             	3.05780100e+02
132             	3.05806026e+02
133             	3.05831548e+02
134             	3.05857152e+02
135             	3.05882644e+02
136             	3.05908117e+02
137             	3.05933533e+02
138             	3.05958817e+02
139             	3.05983880e+02
140             	3.06008653e+02
141             	3.06033101e+02
142             	3.06057378e+02
143             	3.06081432e+02
144             	3.06105329e+02
145             	3.06129090e+02
146             	3.06152627e+02
147             	3.06175983e+02
148             	3.06199102e+02
149             	3.06221722e+02
150             	3.06243928e+02
151             	3.06265752e+02
152             	3.06287175e+02
153             	3.06308234e+02
154             	3.06328984e+02
155             	3.06349434e+02
156             	3.06369811e+02
157             	3.06390066e+02
158             	3.06410194e+02
159             	3.06430130e+02
160             	3.06450067e+02
161             	3.06469793e+02
162             	3.06489507e+02
163             	3.06509125e+02
164             	3.06528485e+02
165             	3.06547803e+02
166             	3.06567002e+02
167             	3.06586049e+02
168             	3.06604945e+02
169             	3.06623689e+02
170             	3.06642248e+02
171             	3.06660511e+02
172             	3.06678793e+02
173             	3.06696733e+02
174             	3.06714489e+02
175             	3.06732029e+02
176             	3.06749290e+02
177             	3.06766368e+02
178             	3.06783210e+02
179             	3.06799828e+02
180             	3.06816218e+02
181             	3.06832386e+02
182             	3.06848349e+02
183             	3.06864155e+02
184             	3.06879835e+02
185             	3.06895340e+02
186             	3.06910758e+02
187             	3.06926328e+02
188             	3.06941974e+02
189             	3.06957636e+02
190             	3.06973238e+02
191             	3.06988186e+02
192             	3.07003187e+02
193             	3.07018075e+02
194             	3.07032727e+02
195             	3.07047132e+02
196             	3.07061256e+02
197             	3.07075095e+02
198             	3.07088649e+02
199             	3.07101948e+02
200             	3.07115074e+02
201             	3.07128056e+02
202             	3.07140898e+02
203             	3.07153719e+02
204             	3.07166431e+02
205             	3.07179284e+02
206             	3.07192218e+02
207             	3.07205225e+02
208             	3.07218131e+02
209             	3.07230988e+02
210             	3.07243866e+02
211             	3.07255803e+02
212             	3.07267543e+02
213             	3.07279211e+02
214             	3.07290653e+02
215             	3.07301738e+02
216             	3.07312623e+02
217             	3.07323346e+02
218             	3.07333970e+02
219             	3.07344578e+02
220             	3.07355056e+02
221             	3.07365617e+02
222             	3.07376146e+02
223             	3.07386653e+02
224             	3.07397333e+02
225             	3.07408173e+02
226             	3.07419153e+02
227             	3.07429899e+02
228             	3.07440260e+02
229             	3.07450479e+02
230             	3.07460529e+02
231             	3.07470399e+02
232             	3.07479980e+02
233             	3.07489248e+02
234             	3.07498246e+02
235             	3.07507097e+02
236             	3.07515819e+02
237             	3.07524351e+02
238             	3.07532928e+02
239             	3.07541489e+02
240             	3.07550093e+02
241             	3.07558721e+02
242             	3.07567307e+02
243             	3.07575981e+02
244             	3.07584700e+02
245             	3.07593462e+02
246             	3.07602258e+02
247             	3.07610959e+02
248             	3.07619727e+02
249             	3.07628500e+02
250             	3.07637217e+02
251             	3.07645825e+02
252             	3.07654198e+02
253             	3.07662329e+02
254             	3.07670226e+02
255             	3.07677904e+02
256             	3.07685340e+02
257             	3.07692557e+02
258             	3.07699580e+02
259             	3.07706450e+02
260             	3.07713453e+02
261             	3.07720565e+02
262             	3.07727818e+02
263             	3.07734971e+02
264             	3.07742355e+02
265             	3.07749789e+02
266             	3.07757116e+02
267             	3.07764640e+02
268             	3.07772061e+02
269             	3.07779397e+02
270             	3.07786642e+02
271             	3.07793734e+02
272             	3.07800533e+02
273             	3.07807125e+02
274             	3.07813539e+02
275             	3.07819730e+02
276             	3.07825793e+02
277             	3.07831822e+02
278             	3.07837790e+02
279             	3.07843714e+02
280             	3.07849715e+02
281             	3.07855848e+02
282             	3.07862137e+02
283             	3.07868525e+02
284             	3.07874857e+02
285             	3.07881276e+02
286             	3.07887802e+02
287             	3.07894172e+02
288             	3.07900597e+02
289             	3.07906849e+02
290             	3.07912814e+02
291             	3.07918636e+02
292             	3.07924259e+02
293             	3.07929795e+02
294             	3.07935207e+02
295             	3.07940580e+02
296             	3.07945965e+02
297             	3.07951253e+02
298             	3.07956686e+02
299             	3.07962063e+02
300             	3.07967596e+02
301             	3.07973186e+02
302             	3.07978818e+02
303             	3.07984434e+02
304             	3.07990088e+02
305             	3.07995745e+02
306             	3.08001382e+02
307             	3.08006935e+02
308             	3.08012345e+02
309             	3.08017590e+02
310             	3.08022681e+02
311             	3.08027660e+02
312             	3.08032554e+02
313             	3.08037393e+02
314             	3.08042187e+02
315             	3.08046946e+02
316             	3.08051697e+02
317             	3.08056260e+02
318             	3.08060821e+02
319             	3.08065354e+02
320             	3.08069833e+02
321             	3.08074255e+02
322             	3.08078618e+02
323             	3.08082926e+02
324             	3.08087163e+02
325             	3.08091396e+02
326             	3.08095573e+02
327             	3.08099758e+02
328             	3.08103925e+02
329             	3.08108114e+02
330             	3.08112348e+02
331             	3.08116581e+02
332             	3.08120808e+02
333             	3.08125024e+02
334             	3.08129261e+02
335             	3.08133523e+02
336             	3.08137829e+02
337             	3.08142167e+02
338             	3.08146419e+02
339             	3.08150623e+02
340             	3.08154815e+02
341             	3.08158992e+02
342             	3.08163143e+02
343             	3.08167270e+02
344             	3.08171346e+02
345             	3.08175370e+02
346             	3.08179347e+02
347             	3.08183296e+02
348             	3.08187223e+02
349             	3.08191100e+02
350             	3.08194914e+02
351             	3.08198682e+02
352             	3.08202388e+02
353             	3.08206030e+02
354             	3.08209601e+02
355             	3.08213090e+02
356             	3.08216495e+02
357             	3.08219840e+02
358             	3.08223134e+02
359             	3.08226390e+02
360             	3.08229629e+02
361             	3.08232879e+02
362             	3.08236132e+02
363             	3.08239391e+02
364             	3.08242638e+02
365             	3.08245867e+02
366             	3.08249067e+02
367             	3.08252174e+02
368             	3.08255244e+02
369             	3.08258285e+02
370             	3.08261316e+02
371             	3.08264344e+02
372             	3.08267366e+02
373             	3.08270416e+02
374             	3.08273518e+02
375             	3.08276636e+02
376             	3.08279776e+02
377             	3.08282934e+02
378             	3.08286046e+02
379             	3.08289103e+02
380             	3.08292155e+02
381             	3.08295203e+02
382             	3.08298237e+02
383             	3.08301217e+02
384             	3.08304178e+02
385             	3.08307092e+02
386             	3.08309995e+02
387             	3.08312853e+02
388             	3.08315671e+02
389             	3.08318423e+02
390             	3.08321163e+02
391             	3.08323817e+02
392             	3.08326430e+02
393             	3.08329008e+02
394             	3.08331540e+02
395             	3.08334029e+02
396             	3.08336495e+02
397             	3.08338957e+02
398             	3.08341422e+02
399             	3.08343839e+02
400             	3.08346238e+02
401             	3.08348630e+02
402             	3.08351011e+02
403             	3.08353396e+02
404             	3.08355802e+02
405             	3.08358262e+02
406             	3.08360746e+02
407             	3.08363256e+02
408             	3.08365780e+02
409             	3.08368322e+02
410             	3.08370863e+02
411             	3.08373408e+02
412             	3.08375949e+02
413             	3.08378466e+02
414             	3.08380874e+02
415             	3.08383204e+02
416             	3.08385514e+02
417             	3.08387817e+02
418             	3.08390109e+02
419             	3.08392380e+02
420             	3.08394651e+02
421             	3.08396920e+02
422             	3.08399157e+02
423             	3.08401367e+02
424             	3.08403533e+02
425             	3.08405672e+02
426             	3.08407764e+02
427             	3.08409850e+02
428             	3.08411928e+02
429             	3.08413986e+02
430             	3.08416019e+02
431             	3.08418029e+02
432             	3.08420014e+02
433             	3.08421967e+02
434             	3.08423894e+02
435             	3.08425806e+02
436             	3.08427691e+02
437             	3.08429570e+02
438             	3.08431462e+02
439             	3.08433335e+02
440             	3.08435186e+02
441             	3.08437032e+02
442             	3.08438865e+02
443             	3.08440709e+02
444             	3.08442579e+02
445             	3.08444463e+02
446             	3.08446294e+02
447             	3.08448121e+02
448             	3.08449968e+02
449             	3.08451681e+02
450             	3.08453375e+02
451             	3.08455053e+02
452             	3.08456681e+02
453             	3.08458288e+02
454             	3.08459876e+02
455             	3.08461450e+02
456             	3.08463012e+02
457             	3.08464568e+02
458             	3.08466121e+02
459             	3.08467677e+02
460             	3.08469240e+02
461             	3.08470809e+02
462             	3.08472386e+02
463             	3.08473912e+02
464             	3.08475462e+02
465             	3.08477036e+02
466             	3.08478641e+02
467             	3.08480264e+02
468             	3.08481899e+02
469             	3.08483539e+02
470             	3.08485171e+02
471             	3.08486787e+02
472             	3.08488395e+02
473             	3.08489988e+02
474             	3.08491564e+02
475             	3.08493189e+02
476             	3.08494790e+02
477             	3.08496353e+02
478             	3.08497883e+02
479             	3.08499384e+02
480             	3.08500860e+02
481             	3.08502335e+02
482             	3.08503809e+02
483             	3.08505270e+02
484             	3.08506648e+02
485             	3.08507913e+02
486             	3.08509123e+02
487             	3.08510306e+02
488             	3.08511466e+02
489             	3.08512621e+02
490             	3.08513758e+02
491             	3.08514877e+02
492             	3.08515977e+02
493             	3.08517077e+02
494             	3.08518175e+02
495             	3.08519274e+02
496             	3.08520378e+02
497             	3.08521481e+02
498             	3.08522564e+02
499             	3.08523638e+02
500             	3.08524730e+02
501             	3.08525823e+02
502             	3.08526939e+02
503             	3.08528146e+02
504             	3.08529383e+02
505             	3.08530640e+02
506             	3.08531914e+02
507             	3.08533189e+02
508             	3.08534412e+02
509             	3.08535631e+02
510             	3.08536792e+02
511             	3.08537925e+02
512             	3.08539036e+02
513             	3.08540124e+02
514             	3.08541200e+02
515             	3.08542276e+02
516             	3.08543330e+02
517             	3.08544375e+02
518             	3.08545419e+02
519             	3.08546467e+02
520             	3.08547529e+02
521             	3.08548599e+02
522             	3.08549677e+02
523             	3.08550762e+02
524             	3.08551770e+02
525             	3.08552771e+02
526             	3.08553782e+02
527             	3.08554797e+02
528             	3.08555802e+02
529             	3.08556795e+02
530             	3.08557777e+02
531             	3.08558734e+02
532             	3.08559685e+02
533             	3.08560634e+02
534             	3.08561592e+02
535             	3.08562559e+02
536             	3.08563512e+02
537             	3.08564421e+02
538             	3.08565316e+02
539             	3.08566186e+02
540             	3.08567005e+02
541             	3.08567780e+02
542             	3.08568586e+02
543             	3.08569390e+02
544             	3.08570205e+02
545             	3.08570997e+02
546             	3.08571770e+02
547             	3.08572539e+02
548             	3.08573334e+02
549             	3.08574137e+02
550             	3.08574991e+02
551             	3.08575897e+02
552             	3.08576798e+02
553             	3.08577698e+02
554             	3.08578580e+02
555             	3.08579468e+02
556             	3.08580351e+02
557             	3.08581216e+02
558             	3.08582052e+02
559             	3.08582858e+02
560             	3.08583633e+02
561             	3.08584386e+02
562             	3.08585137e+02
563             	3.08585913e+02
564             	3.08586716e+02
565             	3.08587516e+02
566             	3.08588287e+02
567             	3.08589037e+02
568             	3.08589757e+02
569             	3.08590464e+02
570             	3.08591164e+02
571             	3.08591864e+02
572             	3.08592572e+02
573             	3.08593290e+02
574             	3.08594020e+02
575             	3.08594755e+02
576             	3.08595492e+02
577             	3.08596231e+02
578             	3.08596970e+02
579             	3.08597709e+02
580             	3.08598446e+02
581             	3.08599185e+02
582             	3.08599925e+02
583             	3.08600664e+02
584             	3.08601390e+02
585             	3.08602099e+02
586             	3.08602831e+02
587             	3.08603530e+02
588             	3.08604251e+02
589             	3.08604988e+02
590             	3.08605736e+02
591             	3.08606474e+02
592             	3.08607232e+02
593             	3.08607969e+02
594             	3.08608687e+02
595             	3.08609379e+02
596             	3.08610035e+02
597             	3.08610643e+02
598             	3.08611199e+02
599             	3.08611706e+02
600             	3.08612192e+02
601             	3.08612631e+02
602             	3.08613033e+02
603             	3.08613403e+02
604             	3.08613748e+02
605             	3.08614084e+02
606             	3.08614370e+02
607             	3.08614620e+02
608             	3.08614841e+02
609             	3.08615036e+02
610             	3.08615222e+02
611             	3.08615415e+02
612             	3.08615590e+02
613             	3.08615763e+02
614             	3.08615938e+02
615             	3.08616121e+02
616             	3.08616321e+02
617             	3.08616546e+02
618             	3.08616799e+02
619             	3.08617082e+02
620             	3.08617391e+02
621             	3.08617727e+02
622             	3.08618078e+02
623             	3.08618450e+02
624             	3.08618867e+02
625             	3.08619346e+02
626             	3.08619880e+02
627             	3.08620420e+02
628             	3.08620978e+02
629             	3.08621572e+02
630             	3.08622199e+02
631             	3.08622850e+02
632             	3.08623518e+02
633             	3.08624183e+02
634             	3.08624804e+02
635             	3.08625373e+02
636             	3.08625881e+02
637             	3.08626378e+02
638             	3.08626848e+02
639             	3.08627287e+02
640             	3.08627686e+02
641             	3.08628070e+02
642             	3.08628448e+02
643             	3.08628776e+02
644             	3.08629060e+02
645             	3.08629318e+02
646             	3.08629557e+02
647             	3.08629784e+02
648             	3.08630003e+02
649             	3.08630223e+02
650             	3.08630452e+02
651             	3.08630688e+02
652             	3.08630971e+02
653             	3.08631266e+02
654             	3.08631585e+02
655             	3.08631950e+02
656             	3.08632370e+02
657             	3.08632843e+02
658             	3.08633372e+02
659             	3.08633750e+02
660             	3.08634117e+02
661             	3.08634460e+02
662             	3.08634760e+02
663             	3.08635031e+02
664             	3.08635303e+02
665             	3.08635592e+02
666             	3.08635911e+02
667             	3.08636274e+02
668             	3.08636684e+02
669             	3.08637130e+02
670             	3.08637588e+02
671             	3.08638043e+02
672             	3.08638496e+02
673             	3.08638970e+02
674             	3.08639467e+02
675             	3.08639976e+02
676             	3.08640488e+02
677             	3.08640994e+02
678             	3.08641489e+02
679             	3.08641964e+02
680             	3.08642414e+02
681             	3.08642863e+02
682             	3.08643295e+02
683             	3.08643709e+02
684             	3.08644114e+02
685             	3.08644505e+02
686             	3.08644882e+02
687             	3.08645240e+02
688             	3.08645572e+02
689             	3.08645875e+02
690             	3.08646143e+02
691             	3.08646382e+02
692             	3.08646605e+02
693             	3.08646834e+02
694             	3.08647075e+02
695             	3.08647318e+02
696             	3.08647541e+02
697             	3.08647715e+02
698             	3.08647863e+02
699             	3.08647996e+02
700             	3.08648123e+02
701             	3.08648252e+02
702             	3.08648353e+02
703             	3.08648461e+02
704             	3.08648601e+02
705             	3.08648724e+02
706             	3.08648878e+02
707             	3.08649072e+02
708             	3.08649299e+02
709             	3.08649547e+02
710             	3.08649797e+02
711             	3.08650043e+02
712             	3.08650286e+02
713             	3.08650531e+02
714             	3.08650816e+02
715             	3.08651128e+02
716             	3.08651446e+02
717             	3.08651739e+02
718             	3.08652009e+02
719             	3.08652301e+02
720             	3.08652620e+02
721             	3.08652970e+02
722             	3.08653362e+02
723             	3.08653799e+02
724             	3.08654263e+02
725             	3.08654726e+02
726             	3.08655171e+02
727             	3.08655587e+02
728             	3.08655965e+02
729             	3.08656293e+02
730             	3.08656567e+02
731             	3.08656784e+02
732             	3.08656945e+02
733             	3.08657086e+02
734             	3.08657230e+02
735             	3.08657397e+02
736             	3.08657546e+02
737             	3.08657653e+02
738             	3.08657724e+02
739             	3.08657769e+02
740             	3.08657809e+02
741             	3.08657825e+02
742             	3.08657856e+02
743             	3.08657926e+02
744             	3.08658070e+02
745             	3.08658232e+02
746             	3.08658382e+02
747             	3.08658556e+02
748             	3.08658749e+02
749             	3.08658945e+02
750             	3.08659127e+02
751             	3.08659276e+02
752             	3.08659392e+02
753             	3.08659482e+02
754             	3.08659570e+02
755             	3.08659679e+02
756             	3.08659840e+02
757             	3.08660047e+02
758             	3.08660340e+02
759             	3.08660674e+02
760             	3.08661040e+02
761             	3.08661429e+02
762             	3.08661750e+02
763             	3.08662086e+02
764             	3.08662434e+02
765             	3.08662778e+02
766             	3.08663108e+02
767             	3.08663416e+02
768             	3.08663695e+02
769             	3.08663945e+02
770             	3.08664171e+02
771             	3.08664331e+02
772             	3.08664426e+02
773             	3.08664459e+02
774             	3.08664445e+02
775             	3.08664360e+02
776             	3.08664238e+02
777             	3.08664089e+02
778             	3.08663942e+02
779             	3.08663814e+02
780             	3.08663715e+02
781             	3.08663659e+02
782             	3.08663621e+02
783             	3.08663595e+02
784             	3.08663583e+02
785             	3.08663585e+02
786             	3.08663601e+02
787             	3.08663634e+02
788             	3.08663688e+02
789             	3.08663789e+02
790             	3.08663928e+02
791             	3.08664107e+02
792             	3.08664336e+02
793             	3.08664616e+02
794             	3.08664922e+02
795             	3.08665242e+02
796             	3.08665586e+02
797             	3.08665942e+02
798             	3.08666327e+02
799             	3.08666726e+02
800             	3.08667117e+02
801             	3.08667479e+02
802             	3.08667788e+02
803             	3.08668104e+02
804             	3.08668395e+02
805             	3.08668658e+02
806             	3.08668900e+02
807             	3.08669129e+02
808             	3.08669312e+02
809             	3.08669462e+02
810             	3.08669566e+02
811             	3.08669625e+02
812             	3.08669640e+02
813             	3.08669615e+02
814             	3.08669577e+02
815             	3.08669542e+02
816             	3.08669526e+02
817             	3.08669506e+02
818             	3.08669480e+02
819             	3.08669461e+02
820             	3.08669458e+02
821             	3.08669474e+02
822             	3.08669514e+02
823             	3.08669493e+02
824             	3.08669465e+02
825             	3.08669430e+02
826             	3.08669414e+02
827             	3.08669434e+02
828             	3.08669441e+02
829             	3.08669445e+02
830             	3.08669469e+02
831             	3.08669524e+02
832             	3.08669612e+02
833             	3.08669724e+02
834             	3.08669855e+02
835             	3.08670007e+02
836             	3.08670189e+02
837             	3.08670407e+02
838             	3.08670648e+02
839             	3.08670885e+02
840             	3.08671155e+02
841             	3.08671442e+02
842             	3.08671719e+02
843             	3.08671976e+02
844             	3.08672223e+02
845             	3.08672464e+02
846             	3.08672695e+02
847             	3.08672915e+02
848             	3.08673121e+02
849             	3.08673271e+02
850             	3.08673408e+02
851             	3.08673541e+02
852             	3.08673674e+02
853             	3.08673808e+02
854             	3.08673939e+02
855             	3.08674064e+02
856             	3.08674176e+02
857             	3.08674271e+02
858             	3.08674348e+02
859             	3.08674432e+02
860             	3.08674556e+02
861             	3.08674709e+02
862             	3.08674840e+02
863             	3.08674922e+02
864             	3.08674976e+02
865             	3.08674996e+02
866             	3.08675011e+02
867             	3.08675042e+02
868             	3.08675046e+02
869             	3.08675062e+02
870             	3.08675099e+02
871             	3.08675160e+02
872             	3.08675246e+02
873             	3.08675357e+02
874             	3.08675489e+02
875             	3.08675641e+02
876             	3.08675803e+02
877             	3.08675968e+02
878             	3.08676123e+02
879             	3.08676255e+02
880             	3.08676361e+02
881             	3.08676448e+02
882             	3.08676556e+02
883             	3.08676686e+02
884             	3.08676824e+02
885             	3.08676960e+02
886             	3.08677091e+02
887             	3.08677211e+02
888             	3.08677348e+02
889             	3.08677488e+02
890             	3.08677626e+02
891             	3.08677769e+02
892             	3.08677914e+02
893             	3.08678064e+02
894             	3.08678213e+02
895             	3.08678351e+02
896             	3.08678470e+02
897             	3.08678558e+02
898             	3.08678609e+02
899             	3.08678629e+02
900             	3.08678620e+02
901             	3.08678592e+02
902             	3.08678557e+02
903             	3.08678488e+02
904             	3.08678394e+02
905             	3.08678284e+02
906             	3.08678168e+02
907             	3.08678054e+02
908             	3.08677946e+02
909             	3.08677847e+02
910             	3.08677756e+02
911             	3.08677677e+02
912             	3.08677613e+02
913             	3.08677564e+02
914             	3.08677538e+02
915             	3.08677542e+02
916             	3.08677585e+02
917             	3.08677675e+02
918             	3.08677814e+02
919             	3.08677982e+02
920             	3.08678165e+02
921             	3.08678394e+02
922             	3.08678634e+02
923             	3.08678881e+02
924             	3.08679165e+02
925             	3.08679440e+02
926             	3.08679723e+02
927             	3.08680003e+02
928             	3.08680272e+02
929             	3.08680525e+02
930             	3.08680752e+02
931             	3.08680939e+02
932             	3.08681105e+02
933             	3.08681245e+02
934             	3.08681355e+02
935             	3.08681433e+02
936             	3.08681478e+02
937             	3.08681494e+02
938             	3.08681480e+02
939             	3.08681436e+02
940             	3.08681373e+02
941             	3.08681292e+02
942             	3.08681223e+02
943             	3.08681154e+02
944             	3.08681058e+02
945             	3.08680939e+02
946             	3.08680816e+02
947             	3.08680695e+02
948             	3.08680568e+02
949             	3.08680467e+02
950             	3.08680402e+02
951             	3.08680364e+02
952             	3.08680331e+02
953             	3.08680269e+02
954             	3.08680216e+02
955             	3.08680176e+02
956             	3.08680144e+02
957             	3.08680122e+02
958             	3.08680113e+02
959             	3.08680110e+02
960             	3.08680113e+02
961             	3.08680127e+02
962             	3.08680208e+02
963             	3.08680328e+02
964             	3.08680461e+02
965             	3.08680578e+02
966             	3.08680622e+02
967             	3.08680683e+02
968             	3.08680761e+02
969             	3.08680857e+02
970             	3.08680974e+02
971             	3.08681115e+02
972             	3.08681286e+02
973             	3.08681484e+02
974             	3.08681693e+02
975             	3.08681895e+02
976             	3.08682087e+02
977             	3.08682261e+02
978             	3.08682408e+02
979             	3.08682514e+02
980             	3.08682573e+02
981             	3.08682615e+02
982             	3.08682596e+02
983             	3.08682506e+02
984             	3.08682374e+02
985             	3.08682229e+02
986             	3.08682068e+02
987             	3.08681898e+02
988             	3.08681745e+02
989             	3.08681612e+02
990             	3.08681482e+02
991             	3.08681369e+02
992             	3.08681283e+02
993             	3.08681230e+02
994             	3.08681239e+02
995             	3.08681291e+02
996             	3.08681326e+02
997             	3.08681344e+02
998             	3.08681368e+02
999             	3.08681408e+02
1000            	3.08681453e+02
1001            	3.08681476e+02
1002            	3.08681474e+02
1003            	3.08681462e+02
1004            	3.08681461e+02
1005            	3.08681496e+02
1006            	3.08681550e+02
1007            	3.08681621e+02
1008            	3.08681693e+02
1009            	3.08681748e+02
1010            	3.08681763e+02
1011            	3.08681769e+02
1012            	3.08681833e+02
1013            	3.08681932e+02
1014            	3.08682059e+02
1015            	3.08682239e+02
1016            	3.08682430e+02
1017            	3.08682626e+02
1018            	3.08682817e+02
1019            	3.08683017e+02
1020            	3.08683172e+02
1021            	3.08683296e+02
1022            	3.08683374e+02
1023            	3.08683406e+02
1024            	3.08683395e+02
1025            	3.08683334e+02
1026            	3.08683238e+02
1027            	3.08683133e+02
1028            	3.08683029e+02
1029            	3.08682904e+02
1030            	3.08682774e+02
1031            	3.08682662e+02
1032            	3.08682527e+02
1033            	3.08682367e+02
1034            	3.08682185e+02
1035            	3.08681997e+02
1036            	3.08681815e+02
1037            	3.08681648e+02
1038            	3.08681505e+02
1039            	3.08681398e+02
1040            	3.08681336e+02
1041            	3.08681324e+02
1042            	3.08681359e+02
1043            	3.08681417e+02
1044            	3.08681477e+02
1045            	3.08681542e+02
1046            	3.08681614e+02
1047            	3.08681696e+02
1048            	3.08681789e+02
1049            	3.08681898e+02
1050            	3.08681970e+02
1051            	3.08682020e+02
1052            	3.08682126e+02
1053            	3.08682250e+02
1054            	3.08682318e+02
1055            	3.08682332e+02
1056            	3.08682267e+02
1057            	3.08682178e+02
1058            	3.08682087e+02
1059            	3.08681999e+02
1060            	3.08681916e+02
1061            	3.08681845e+02
1062            	3.08681792e+02
1063            	3.08681757e+02
1064            	3.08681747e+02
1065            	3.08681755e+02
1066            	3.08681769e+02
1067            	3.08681808e+02
1068            	3.08681842e+02
1069            	3.08681881e+02
1070            	3.08681893e+02
1071            	3.08681824e+02
1072            	3.08681734e+02
1073            	3.08681647e+02
1074            	3.08681559e+02
1075            	3.08681482e+02
1076            	3.08681417e+02
1077            	3.08681363e+02
1078            	3.08681312e+02
1079            	3.08681260e+02
1080            	3.08681205e+02
1081            	3.08681152e+02
1082            	3.08681099e+02
1083            	3.08681047e+02
1084            	3.08680992e+02
1085            	3.08680941e+02
1086            	3.08680904e+02
1087            	3.08680910e+02
1088            	3.08680912e+02
1089            	3.08680955e+02
1090            	3.08681037e+02
1091            	3.08681149e+02
1092            	3.08681289e+02
1093            	3.08681471e+02
1094            	3.08681696e+02
1095            	3.08681937e+02
1096            	3.08682202e+02
1097            	3.08682478e+02
1098            	3.08682755e+02
1099            	3.08683021e+02
1100            	3.08683264e+02
1101            	3.08683474e+02
1102            	3.08683647e+02
1103            	3.08683780e+02
1104            	3.08683877e+02
1105            	3.08683939e+02
1106            	3.08683966e+02
1107            	3.08683965e+02
1108            	3.08683959e+02
1109            	3.08683930e+02
1110            	3.08683860e+02
1111            	3.08683753e+02
1112            	3.08683616e+02
1113            	3.08683466e+02
1114            	3.08683330e+02
1115            	3.08683195e+02
1116            	3.08683074e+02
1117            	3.08682977e+02
1118            	3.08682950e+02
1119            	3.08682945e+02
1120            	3.08682960e+02
1121            	3.08682996e+02
1122            	3.08683038e+02
1123            	3.08683078e+02
1124            	3.08683114e+02
1125            	3.08683148e+02
1126            	3.08683174e+02
1127            	3.08683213e+02
1128            	3.08683266e+02
1129            	3.08683325e+02
1130            	3.08683376e+02
1131            	3.08683419e+02
1132            	3.08683488e+02
1133            	3.08683585e+02
1134            	3.08683684e+02
1135            	3.08683776e+02
1136            	3.08683850e+02
1137            	3.08683903e+02
1138            	3.08683955e+02
1139            	3.08684007e+02
1140            	3.08684061e+02
1141            	3.08684118e+02
1142            	3.08684179e+02
1143            	3.08684236e+02
1144            	3.08684284e+02
1145            	3.08684312e+02
1146            	3.08684315e+02
1147            	3.08684281e+02
1148            	3.08684206e+02
1149            	3.08684097e+02
1150            	3.08684014e+02
1151            	3.08683962e+02
1152            	3.08683908e+02
1153            	3.08683807e+02
1154            	3.08683670e+02
1155            	3.08683514e+02
1156            	3.08683337e+02
1157            	3.08683127e+02
1158            	3.08682930e+02
1159            	3.08682774e+02
1160            	3.08682679e+02
1161            	3.08682642e+02
1162            	3.08682630e+02
1163            	3.08682617e+02
1164            	3.08682620e+02
1165            	3.08682618e+02
1166            	3.08682574e+02
1167            	3.08682469e+02
1168            	3.08682310e+02
1169            	3.08682133e+02
1170            	3.08681973e+02
1171            	3.08681848e+02
1172            	3.08681780e+02
1173            	3.08681771e+02
1174            	3.08681814e+02
1175            	3.08681899e+02
1176            	3.08682087e+02
1177            	3.08682296e+02
1178            	3.08682524e+02
1179            	3.08682769e+02
1180            	3.08682998e+02
1181            	3.08683213e+02
1182            	3.08683406e+02
1183            	3.08683565e+02
1184            	3.08683702e+02
1185            	3.08683786e+02
1186            	3.08683841e+02
1187            	3.08683856e+02
1188            	3.08683831e+02
1189            	3.08683772e+02
1190            	3.08683697e+02
1191            	3.08683606e+02
1192            	3.08683568e+02
1193            	3.08683498e+02
1194            	3.08683388e+02
1195            	3.08683232e+02
1196            	3.08683019e+02
1197            	3.08682701e+02
1198            	3.08682396e+02
1199            	3.08682133e+02
1200            	3.08681900e+02
1201            	3.08681711e+02
1202            	3.08681579e+02
1203            	3.08681508e+02
1204            	3.08681501e+02
1205            	3.08681552e+02
1206            	3.08681580e+02
1207            	3.08681628e+02
1208            	3.08681699e+02
1209            	3.08681726e+02
1210            	3.08681761e+02
1211            	3.08681812e+02
1212            	3.08681872e+02
1213            	3.08681938e+02
1214            	3.08682015e+02
1215            	3.08682112e+02
1216            	3.08682233e+02
1217            	3.08682373e+02
1218            	3.08682536e+02
1219            	3.08682718e+02
1220            	3.08682869e+02
1221            	3.08683034e+02
1222            	3.08683211e+02
1223            	3.08683393e+02
1224            	3.08683526e+02
1225            	3.08683650e+02
1226            	3.08683756e+02
1227            	3.08683839e+02
1228            	3.08683897e+02
1229            	3.08683932e+02
1230            	3.08683945e+02
1231            	3.08683961e+02
1232            	3.08683951e+02
1233            	3.08683932e+02
1234            	3.08683883e+02
1235            	3.08683812e+02
1236            	3.08683729e+02
1237            	3.08683632e+02
1238            	3.08683535e+02
1239            	3.08683427e+02
1240            	3.08683328e+02
1241            	3.08683262e+02
1242            	3.08683189e+02
1243            	3.08683111e+02
1244            	3.08683034e+02
1245            	3.08682966e+02
1246            	3.08682861e+02
1247            	3.08682755e+02
1248            	3.08682662e+02
1249            	3.08682584e+02
1250            	3.08682524e+02
1251            	3.08682483e+02
1252            	3.08682452e+02
1253            	3.08682399e+02
1254            	3.08682323e+02
1255            	3.08682280e+02
1256            	3.08682263e+02
1257            	3.08682277e+02
1258            	3.08682315e+02
1259            	3.08682385e+02
1260            	3.08682488e+02
1261            	3.08682621e+02
1262            	3.08682775e+02
1263            	3.08682947e+02
1264            	3.08683146e+02
1265            	3.08683358e+02
1266            	3.08683574e+02
1267            	3.08683788e+02
1268            	3.08683993e+02
1269            	3.08684187e+02
1270            	3.08684363e+02
1271            	3.08684526e+02
1272            	3.08684684e+02
1273            	3.08684835e+02
1274            	3.08684983e+02
1275            	3.08685097e+02
1276            	3.08685165e+02
1277            	3.08685178e+02
1278            	3.08685157e+02
1279            	3.08685132e+02
1280            	3.08685118e+02
1281            	3.08685094e+02
1282            	3.08685065e+02
1283            	3.08685039e+02
1284            	3.08685021e+02
1285            	3.08685025e+02
1286            	3.08685018e+02
1287            	3.08684998e+02
1288            	3.08684959e+02
1289            	3.08684887e+02
1290            	3.08684752e+02
1291            	3.08684587e+02
1292            	3.08684426e+02
1293            	3.08684285e+02
1294            	3.08684172e+02
1295            	3.08684076e+02
1296            	3.08684003e+02
1297            	3.08683978e+02
1298            	3.08683971e+02
1299            	3.08683990e+02
1300            	3.08684070e+02
1301            	3.08684178e+02
1302            	3.08684292e+02
1303            	3.08684401e+02
1304            	3.08684495e+02
1305            	3.08684565e+02
1306            	3.08684570e+02
1307            	3.08684548e+02
1308            	3.08684504e+02
1309            	3.08684438e+02
1310            	3.08684357e+02
1311            	3.08684278e+02
1312            	3.08684246e+02
1313            	3.08684193e+02
1314            	3.08684119e+02
1315            	3.08684028e+02
1316            	3.08683929e+02
1317            	3.08683831e+02
1318            	3.08683739e+02
1319            	3.08683654e+02
1320            	3.08683567e+02
1321            	3.08683452e+02
1322            	3.08683327e+02
1323            	3.08683192e+02
1324            	3.08683046e+02
1325            	3.08682910e+02
1326            	3.08682805e+02
1327            	3.08682730e+02
1328            	3.08682659e+02
1329            	3.08682604e+02
1330            	3.08682559e+02
1331            	3.08682521e+02
1332            	3.08682511e+02
1333            	3.08682543e+02
1334            	3.08682595e+02
1335            	3.08682699e+02
1336            	3.08682844e+02
1337            	3.08683013e+02
1338            	3.08683188e+02
1339            	3.08683340e+02
1340            	3.08683524e+02
1341            	3.08683730e+02
1342            	3.08683949e+02
1343            	3.08684179e+02
1344            	3.08684415e+02
1345            	3.08684644e+02
1346            	3.08684886e+02
1347            	3.08685135e+02
1348            	3.08685389e+02
1349            	3.08685638e+02
1350            	3.08685870e+02
1351            	3.08686076e+02
1352            	3.08686247e+02
1353            	3.08686378e+02
1354            	3.08686467e+02
1355            	3.08686512e+02
1356            	3.08686513e+02
1357            	3.08686472e+02
1358            	3.08686419e+02
1359            	3.08686394e+02
1360            	3.08686355e+02
1361            	3.08686279e+02
1362            	3.08686185e+02
1363            	3.08686062e+02
1364            	3.08685931e+02
1365            	3.08685796e+02
1366            	3.08685660e+02
1367            	3.08685526e+02
1368            	3.08685398e+02
1369            	3.08685244e+02
1370            	3.08685088e+02
1371            	3.08684933e+02
1372            	3.08684781e+02
1373            	3.08684634e+02
1374            	3.08684500e+02
1375            	3.08684387e+02
1376            	3.08684302e+02
1377            	3.08684251e+02
1378            	3.08684226e+02
1379            	3.08684224e+02
1380            	3.08684219e+02
1381            	3.08684220e+02
1382            	3.08684278e+02
1383            	3.08684366e+02
1384            	3.08684459e+02
1385            	3.08684552e+02
1386            	3.08684634e+02
1387            	3.08684685e+02
1388            	3.08684737e+02
1389            	3.08684794e+02
1390            	3.08684848e+02
1391            	3.08684898e+02
1392            	3.08684943e+02
1393            	3.08684981e+02
1394            	3.08685009e+02
1395            	3.08685025e+02
1396            	3.08685024e+02
1397            	3.08685004e+02
1398            	3.08684961e+02
1399            	3.08684894e+02
1400            	3.08684814e+02
1401            	3.08684741e+02
1402            	3.08684674e+02
1403            	3.08684606e+02
1404            	3.08684520e+02
1405            	3.08684378e+02
1406            	3.08684224e+02
1407            	3.08684077e+02
1408            	3.08683925e+02
1409            	3.08683787e+02
1410            	3.08683674e+02
1411            	3.08683586e+02
1412            	3.08683526e+02
1413            	3.08683495e+02
1414            	3.08683495e+02
1415            	3.08683492e+02
1416            	3.08683509e+02
1417            	3.08683540e+02
1418            	3.08683577e+02
1419            	3.08683605e+02
1420            	3.08683633e+02
1421            	3.08683628e+02
1422            	3.08683621e+02
1423            	3.08683631e+02
1424            	3.08683667e+02
1425            	3.08683744e+02
1426            	3.08683846e+02
1427            	3.08683986e+02
1428            	3.08684159e+02
1429            	3.08684341e+02
1430            	3.08684528e+02
1431            	3.08684725e+02
1432            	3.08684929e+02
1433            	3.08685129e+02
1434            	3.08685315e+02
1435            	3.08685481e+02
1436            	3.08685618e+02
1437            	3.08685721e+02
1438            	3.08685789e+02
1439            	3.08685817e+02
1440            	3.08685819e+02
1441            	3.08685812e+02
1442            	3.08685791e+02
1443            	3.08685754e+02
1444            	3.08685688e+02
1445            	3.08685583e+02
1446            	3.08685447e+02
1447            	3.08685306e+02
1448            	3.08685176e+02
1449            	3.08685054e+02
1450            	3.08684947e+02
1451            	3.08684863e+02
1452            	3.08684806e+02
1453            	3.08684779e+02
1454            	3.08684767e+02
1455            	3.08684779e+02
1456            	3.08684813e+02
1457            	3.08684864e+02
1458            	3.08684928e+02
1459            	3.08685003e+02
1460            	3.08685088e+02
1461            	3.08685179e+02
1462            	3.08685252e+02
1463            	3.08685320e+02
1464            	3.08685399e+02
1465            	3.08685477e+02
1466            	3.08685565e+02
1467            	3.08685678e+02
1468            	3.08685806e+02
1469            	3.08685943e+02
1470            	3.08686075e+02
1471            	3.08686237e+02
1472            	3.08686393e+02
1473            	3.08686540e+02
1474            	3.08686678e+02
1475            	3.08686802e+02
1476            	3.08686909e+02
1477            	3.08686992e+02
1478            	3.08687049e+02
1479            	3.08687078e+02
1480            	3.08687078e+02
1481            	3.08687056e+02
1482            	3.08687039e+02
1483            	3.08687027e+02
1484            	3.08687009e+02
1485            	3.08686980e+02
1486            	3.08686927e+02
1487            	3.08686851e+02
1488            	3.08686727e+02
1489            	3.08686601e+02
1490            	3.08686486e+02
1491            	3.08686379e+02
1492            	3.08686284e+02
1493            	3.08686191e+02
1494            	3.08686099e+02
1495            	3.08686003e+02
1496            	3.08685901e+02
1497            	3.08685789e+02
1498            	3.08685672e+02
1499            	3.08685609e+02
1500            	3.08685557e+02
1501            	3.08685524e+02
1502            	3.08685504e+02
1503            	3.08685498e+02
1504            	3.08685500e+02
1505            	3.08685517e+02
1506            	3.08685561e+02
1507            	3.08685644e+02
1508            	3.08685761e+02
1509            	3.08685911e+02
1510            	3.08686083e+02
1511            	3.08686269e+02
1512            	3.08686463e+02
1513            	3.08686640e+02
1514            	3.08686794e+02
1515            	3.08686937e+02
1516            	3.08687068e+02
1517            	3.08687179e+02
1518            	3.08687250e+02
1519            	3.08687296e+02
1520            	3.08687311e+02
1521            	3.08687286e+02
1522            	3.08687230e+02
1523            	3.08687144e+02
1524            	3.08687033e+02
1525            	3.08686899e+02
1526            	3.08686776e+02
1527            	3.08686648e+02
1528            	3.08686539e+02
1529            	3.08686469e+02
1530            	3.08686488e+02
1531            	3.08686603e+02
1532            	3.08686759e+02
1533            	3.08686844e+02
1534            	3.08686900e+02
1535            	3.08686909e+02
1536            	3.08686873e+02
1537            	3.08686803e+02
1538            	3.08686707e+02
1539            	3.08686607e+02
1540            	3.08686526e+02
1541            	3.08686484e+02
1542            	3.08686500e+02
1543            	3.08686585e+02
1544            	3.08686702e+02
1545            	3.08686818e+02
1546            	3.08686920e+02
1547            	3.08687000e+02
1548            	3.08687099e+02
1549            	3.08687201e+02
1550            	3.08687293e+02
1551            	3.08687375e+02
1552            	3.08687442e+02
1553            	3.08687560e+02
1554            	3.08687674e+02
1555            	3.08687787e+02
1556            	3.08687903e+02
1557            	3.08688017e+02
1558            	3.08688119e+02
1559            	3.08688204e+02
1560            	3.08688265e+02
1561            	3.08688296e+02
1562            	3.08688292e+02
1563            	3.08688260e+02
1564            	3.08688182e+02
1565            	3.08688063e+02
1566            	3.08687935e+02
1567            	3.08687812e+02
1568            	3.08687703e+02
1569            	3.08687579e+02
1570            	3.08687407e+02
1571            	3.08687197e+02
1572            	3.08686961e+02
1573            	3.08686702e+02
1574            	3.08686443e+02
1575            	3.08686181e+02
1576            	3.08685905e+02
1577            	3.08685651e+02
1578            	3.08685434e+02
1579            	3.08685267e+02
1580            	3.08685179e+02
1581            	3.08685121e+02
1582            	3.08685065e+02
1583            	3.08685027e+02
1584            	3.08684990e+02
1585            	3.08684903e+02
1586            	3.08684741e+02
1587            	3.08684568e+02
1588            	3.08684432e+02
1589            	3.08684356e+02
1590            	3.08684358e+02
1591            	3.08684443e+02
1592            	3.08684610e+02
1593            	3.08684823e+02
1594            	3.08685061e+02
1595            	3.08685308e+02
1596            	3.08685543e+02
1597            	3.08685751e+02
1598            	3.08685933e+02
1599            	3.08686096e+02
1600            	3.08686246e+02
1601            	3.08686381e+02
1602            	3.08686499e+02
1603            	3.08686607e+02
1604            	3.08686702e+02
1605            	3.08686784e+02
1606            	3.08686793e+02
1607            	3.08686777e+02
1608            	3.08686747e+02
1609            	3.08686703e+02
1610            	3.08686669e+02
1611            	3.08686615e+02
1612            	3.08686540e+02
1613            	3.08686445e+02
1614            	3.08686355e+02
1615            	3.08686273e+02
1616            	3.08686219e+02
1617            	3.08686191e+02
1618            	3.08686155e+02
1619            	3.08686114e+02
1620            	3.08686073e+02
1621            	3.08686035e+02
1622            	3.08686008e+02
1623            	3.08685998e+02
1624            	3.08686007e+02
1625            	3.08686036e+02
1626            	3.08686080e+02
1627            	3.08686125e+02
1628            	3.08686178e+02
1629            	3.08686221e+02
1630            	3.08686285e+02
1631            	3.08686338e+02
1632            	3.08686403e+02
1633            	3.08686464e+02
1634            	3.08686520e+02
1635            	3.08686562e+02
1636            	3.08686585e+02
1637            	3.08686616e+02
1638            	3.08686654e+02
1639            	3.08686690e+02
1640            	3.08686722e+02
1641            	3.08686745e+02
1642            	3.08686778e+02
1643            	3.08686799e+02
1644            	3.08686814e+02
1645            	3.08686833e+02
1646            	3.08686861e+02
1647            	3.08686905e+02
1648            	3.08686970e+02
1649            	3.08687050e+02
1650            	3.08687140e+02
1651            	3.08687224e+02
1652            	3.08687272e+02
1653            	3.08687267e+02
1654            	3.08687208e+02
1655            	3.08687114e+02
1656            	3.08687014e+02
1657            	3.08686908e+02
1658            	3.08686811e+02
1659            	3.08686734e+02
1660            	3.08686664e+02
1661            	3.08686600e+02
1662            	3.08686543e+02
1663            	3.08686499e+02
1664            	3.08686472e+02
1665            	3.08686464e+02
1666            	3.08686472e+02
1667            	3.08686486e+02
1668            	3.08686547e+02
1669            	3.08686589e+02
1670            	3.08686627e+02
1671            	3.08686652e+02
1672            	3.08686667e+02
1673            	3.08686718e+02
1674            	3.08686791e+02
1675            	3.08686876e+02
1676            	3.08686965e+02
1677            	3.08687076e+02
1678            	3.08687207e+02
1679            	3.08687341e+02
1680            	3.08687478e+02
1681            	3.08687628e+02
1682            	3.08687792e+02
1683            	3.08687972e+02
1684            	3.08688162e+02
1685            	3.08688353e+02
1686            	3.08688529e+02
1687            	3.08688682e+02
1688            	3.08688805e+02
1689            	3.08688889e+02
1690            	3.08688858e+02
1691            	3.08688732e+02
1692            	3.08688566e+02
1693            	3.08688412e+02
1694            	3.08688347e+02
1695            	3.08688239e+02
1696            	3.08688088e+02
1697            	3.08687911e+02
1698            	3.08687710e+02
1699            	3.08687491e+02
1700            	3.08687266e+02
1701            	3.08687042e+02
1702            	3.08686818e+02
1703            	3.08686609e+02
1704            	3.08686425e+02
1705            	3.08686275e+02
1706            	3.08686167e+02
1707            	3.08686106e+02
1708            	3.08686094e+02
1709            	3.08686126e+02
1710            	3.08686168e+02
1711            	3.08686207e+02
1712            	3.08686290e+02
1713            	3.08686394e+02
1714            	3.08686485e+02
1715            	3.08686535e+02
1716            	3.08686583e+02
1717            	3.08686646e+02
1718            	3.08686722e+02
1719            	3.08686866e+02
1720            	3.08687037e+02
1721            	3.08687216e+02
1722            	3.08687332e+02
1723            	3.08687443e+02
1724            	3.08687554e+02
1725            	3.08687665e+02
1726            	3.08687763e+02
1727            	3.08687799e+02
1728            	3.08687797e+02
1729            	3.08687745e+02
1730            	3.08687640e+02
1731            	3.08687506e+02
1732            	3.08687412e+02
1733            	3.08687400e+02
1734            	3.08687338e+02
1735            	3.08687230e+02
1736            	3.08687090e+02
1737            	3.08686929e+02
1738            	3.08686765e+02
1739            	3.08686609e+02
1740            	3.08686470e+02
1741            	3.08686354e+02
1742            	3.08686265e+02
1743            	3.08686203e+02
1744            	3.08686167e+02
1745            	3.08686159e+02
1746            	3.08686181e+02
1747            	3.08686228e+02
1748            	3.08686294e+02
1749            	3.08686368e+02
1750            	3.08686406e+02
1751            	3.08686470e+02
1752            	3.08686561e+02
1753            	3.08686655e+02
1754            	3.08686745e+02
1755            	3.08686827e+02
1756            	3.08686882e+02
1757            	3.08686962e+02
1758            	3.08687032e+02
1759            	3.08687110e+02
1760            	3.08687185e+02
1761            	3.08687253e+02
1762            	3.08687309e+02
1763            	3.08687349e+02
1764            	3.08687387e+02
1765            	3.08687427e+02
1766            	3.08687472e+02
1767            	3.08687530e+02
1768            	3.08687603e+02
1769            	3.08687682e+02
1770            	3.08687754e+02
1771            	3.08687811e+02
1772            	3.08687844e+02
1773            	3.08687849e+02
1774            	3.08687897e+02
1775            	3.08687909e+02
1776            	3.08687893e+02
1777            	3.08687879e+02
1778            	3.08687897e+02
1779            	3.08687950e+02
1780            	3.08688028e+02
1781            	3.08688035e+02
1782            	3.08687973e+02
1783            	3.08687880e+02
1784            	3.08687769e+02
1785            	3.08687644e+02
1786            	3.08687514e+02
1787            	3.08687339e+02
1788            	3.08687163e+02
1789            	3.08687018e+02
1790            	3.08686909e+02
1791            	3.08686824e+02
1792            	3.08686741e+02
1793            	3.08686663e+02
1794            	3.08686591e+02
1795            	3.08686594e+02
1796            	3.08686615e+02
1797            	3.08686607e+02
1798            	3.08686574e+02
1799            	3.08686542e+02
1800            	3.08686526e+02
1801            	3.08686520e+02
1802            	3.08686516e+02
1803            	3.08686561e+02
1804            	3.08686654e+02
1805            	3.08686785e+02
1806            	3.08686932e+02
1807            	3.08687099e+02
1808            	3.08687285e+02
1809            	3.08687462e+02
1810            	3.08687628e+02
1811            	3.08687783e+02
1812            	3.08687919e+02
1813            	3.08688015e+02
1814            	3.08688051e+02
1815            	3.08688036e+02
1816            	3.08687984e+02
1817            	3.08687900e+02
1818            	3.08687778e+02
1819            	3.08687616e+02
1820            	3.08687450e+02
1821            	3.08687292e+02
1822            	3.08687153e+02
1823            	3.08687053e+02
1824            	3.08686965e+02
1825            	3.08686891e+02
1826            	3.08686825e+02
1827            	3.08686759e+02
1828            	3.08686691e+02
1829            	3.08686615e+02
1830            	3.08686534e+02
1831            	3.08686470e+02
1832            	3.08686430e+02
1833            	3.08686428e+02
1834            	3.08686470e+02
1835            	3.08686549e+02
1836            	3.08686647e+02
1837            	3.08686748e+02
1838            	3.08686832e+02
1839            	3.08686947e+02
1840            	3.08687077e+02
1841            	3.08687200e+02
1842            	3.08687307e+02
1843            	3.08687408e+02
1844            	3.08687571e+02
1845            	3.08687736e+02
1846            	3.08687898e+02
1847            	3.08688062e+02
1848            	3.08688236e+02
1849            	3.08688364e+02
1850            	3.08688459e+02
1851            	3.08688544e+02
1852            	3.08688610e+02
1853            	3.08688652e+02
1854            	3.08688668e+02
1855            	3.08688616e+02
1856            	3.08688503e+02
1857            	3.08688348e+02
1858            	3.08688164e+02
1859            	3.08687999e+02
1860            	3.08687871e+02
1861            	3.08687764e+02
1862            	3.08687647e+02
1863            	3.08687482e+02
1864            	3.08687325e+02
1865            	3.08687176e+02
1866            	3.08687042e+02
1867            	3.08686933e+02
1868            	3.08686847e+02
1869            	3.08686775e+02
1870            	3.08686669e+02
1871            	3.08686571e+02
1872            	3.08686495e+02
1873            	3.08686440e+02
1874            	3.08686406e+02
1875            	3.08686383e+02
1876            	3.08686374e+02
1877            	3.08686387e+02
1878            	3.08686422e+02
1879            	3.08686487e+02
1880            	3.08686569e+02
1881            	3.08686652e+02
1882            	3.08686694e+02
1883            	3.08686736e+02
1884            	3.08686791e+02
1885            	3.08686860e+02
1886            	3.08686879e+02
1887            	3.08686902e+02
1888            	3.08686926e+02
1889            	3.08686977e+02
1890            	3.08687019e+02
1891            	3.08687051e+02
1892            	3.08687074e+02
1893            	3.08687086e+02
1894            	3.08687083e+02
1895            	3.08687066e+02
1896            	3.08687031e+02
1897            	3.08686979e+02
1898            	3.08686910e+02
1899            	3.08686824e+02
1900            	3.08686722e+02
1901            	3.08686628e+02
1902            	3.08686560e+02
1903            	3.08686472e+02
1904            	3.08686440e+02
1905            	3.08686370e+02
1906            	3.08686262e+02
1907            	3.08686136e+02
1908            	3.08685996e+02
1909            	3.08685818e+02
1910            	3.08685656e+02
1911            	3.08685534e+02
1912            	3.08685464e+02
1913            	3.08685455e+02
1914            	3.08685502e+02
1915            	3.08685579e+02
1916            	3.08685667e+02
1917            	3.08685755e+02
1918            	3.08685838e+02
1919            	3.08685924e+02
1920            	3.08686016e+02
1921            	3.08686099e+02
1922            	3.08686161e+02
1923            	3.08686213e+02
1924            	3.08686304e+02
1925            	3.08686414e+02
1926            	3.08686537e+02
1927            	3.08686676e+02
1928            	3.08686822e+02
1929            	3.08687030e+02
1930            	3.08687230e+02
1931            	3.08687411e+02
1932            	3.08687575e+02
1933            	3.08687716e+02
1934            	3.08687820e+02
1935            	3.08687891e+02
1936            	3.08687944e+02
1937            	3.08687985e+02
1938            	3.08688024e+02
1939            	3.08688030e+02
1940            	3.08688024e+02
1941            	3.08687995e+02
1942            	3.08687958e+02
1943            	3.08687888e+02
1944            	3.08687783e+02
1945            	3.08687653e+02
1946            	3.08687510e+02
1947            	3.08687357e+02
1948            	3.08687208e+02
1949            	3.08687065e+02
1950            	3.08686918e+02
1951            	3.08686773e+02
1952            	3.08686633e+02
1953            	3.08686487e+02
1954            	3.08686355e+02
1955            	3.08686244e+02
1956            	3.08686156e+02
1957            	3.08686098e+02
1958            	3.08686071e+02
1959            	3.08686077e+02
1960            	3.08686117e+02
1961            	3.08686185e+02
1962            	3.08686256e+02
1963            	3.08686317e+02
1964            	3.08686436e+02
1965            	3.08686567e+02
1966            	3.08686723e+02
1967            	3.08686902e+02
1968            	3.08687094e+02
1969            	3.08687332e+02
1970            	3.08687561e+02
1971            	3.08687761e+02
1972            	3.08687882e+02
1973            	3.08687985e+02
1974            	3.08688048e+02
1975            	3.08688090e+02
1976            	3.08688117e+02
1977            	3.08688122e+02
1978            	3.08688096e+02
1979            	3.08688045e+02
1980            	3.08687973e+02
1981            	3.08687882e+02
1982            	3.08687780e+02
1983            	3.08687672e+02
1984            	3.08687549e+02
1985            	3.08687408e+02
1986            	3.08687248e+02
1987            	3.08687059e+02
1988            	3.08686849e+02
1989            	3.08686611e+02
1990            	3.08686349e+02
1991            	3.08686073e+02
1992            	3.08685782e+02
1993            	3.08685479e+02
1994            	3.08685175e+02
1995            	3.08684881e+02
1996            	3.08684603e+02
1997            	3.08684342e+02
1998            	3.08684199e+02
1999            	3.08684126e+02
2000            	3.08684142e+02
