# Region        : cellZone component_1
# Cells         : 415
# Volume        : 8.59805961e-01
# Time          	volAverage(T)
1               	3.00792422e+02
2               	3.01567683e+02
3               	3.02210695e+02
4               	3.02754885e+02
5               	3.03296433e+02
6               	3.03872656e+02
7               	3.04448062e+02
8               	3.04979791e+02
9               	3.05475002e+02
10              	3.05963627e+02
11              	3.06452817e+02
12              	3.06934540e+02
13              	3.07389188e+02
14              	3.07828446e+02
15              	3.08275648e+02
16              	3.08723816e+02
17              	3.09157929e+02
18              	3.09576160e+02
19              	3.09966442e+02
20              	3.10346895e+02
21              	3.10736053e+02
22              	3.11095554e+02
23              	3.11421316e+02
24              	3.11725867e+02
25              	3.12009325e+02
26              	3.12290330e+02
27              	3.12548788e+02
28              	3.12799284e+02
29              	3.13060774e+02
30              	3.13329612e+02
31              	3.13593306e+02
32              	3.13845364e+02
33              	3.14085181e+02
34              	3.14313836e+02
35              	3.14547760e+02
36              	3.14783048e+02
37              	3.15007975e+02
38              	3.15223800e+02
39              	3.15437637e+02
40              	3.15652958e+02
41              	3.15862454e+02
42              	3.16058852e+02
43              	3.16244997e+02
44              	3.16433420e+02
45              	3.16624332e+02
46              	3.16802043e+02
47              	3.16965935e+02
48              	3.17125287e+02
49              	3.17294464e+02
50              	3.17465086e+02
51              	3.17625887e+02
52              	3.17772572e+02
53              	3.17918861e+02
54              	3.18069666e+02
55              	3.18229995e+02
56              	3.18378473e+02
57              	3.18512067e+02
58              	3.18645091e+02
59              	3.18783010e+02
60              	3.18920962e+02
61              	3.19050718e+02
62              	3.19170762e+02
63              	3.19291089e+02
64              	3.19415218e+02
65              	3.19537182e+02
66              	3.19652989e+02
67              	3.19766301e+02
68              	3.19879157e+02
69              	3.19993811e+02
70              	3.20099888e+02
71              	3.20196226e+02
72              	3.20292381e+02
73              	3.20392786e+02
74              	3.20494067e+02
75              	3.20589439e+02
76              	3.20678570e+02
77              	3.20767278e+02
78              	3.20859095e+02
79              	3.20951004e+02
80              	3.21036093e+02
81              	3.21114859e+02
82              	3.21193979e+02
83              	3.21276210e+02
84              	3.21357573e+02
85              	3.21435742e+02
86              	3.21512352e+02
87              	3.21589826e+02
88              	3.21670846e+02
89              	3.21752051e+02
90              	3.21829656e+02
91              	3.21902874e+02
92              	3.21976647e+02
93              	3.22050334e+02
94              	3.22122691e+02
95              	3.22189936e+02
96              	3.22261140e+02
97              	3.22345804e+02
98              	3.22427683e+02
99              	3.22492079e+02
100             	3.22548632e+02
101             	3.22602543e+02
102             	3.22661615e+02
103             	3.22721065e+02
104             	3.22774779e+02
105             	3.22824379e+02
106             	3.22874069e+02
107             	3.22925405e+02
108             	3.22977040e+02
109             	3.23027905e+02
110             	3.23077719e+02
111             	3.23130059e+02
112             	3.23186649e+02
113             	3.23238918e+02
114             	3.23290065e+02
115             	3.23342941e+02
116             	3.23395617e+02
117             	3.23447532e+02
118             	3.23498751e+02
119             	3.23550805e+02
120             	3.23600959e+02
121             	3.23651404e+02
122             	3.23701186e+02
123             	3.23751530e+02
124             	3.23803176e+02
125             	3.23851011e+02
126             	3.23899597e+02
127             	3.23948592e+02
128             	3.23994801e+02
129             	3.24037783e+02
130             	3.24078088e+02
131             	3.24120940e+02
132             	3.24163291e+02
133             	3.24205821e+02
134             	3.24250048e+02
135             	3.24287644e+02
136             	3.24320497e+02
137             	3.24353038e+02
138             	3.24385506e+02
139             	3.24417071e+02
140             	3.24445505e+02
141             	3.24470662e+02
142             	3.24494239e+02
143             	3.24520370e+02
144             	3.24548779e+02
145             	3.24578495e+02
146             	3.24603322e+02
147             	3.24622844e+02
148             	3.24641202e+02
149             	3.24662554e+02
150             	3.24685481e+02
151             	3.24709490e+02
152             	3.24736225e+02
153             	3.24769934e+02
154             	3.24803537e+02
155             	3.24831676e+02
156             	3.24855955e+02
157             	3.24879283e+02
158             	3.24903317e+02
159             	3.24927020e+02
160             	3.24948260e+02
161             	3.24966638e+02
162             	3.24983438e+02
163             	3.25000166e+02
164             	3.25016250e+02
165             	3.25031209e+02
166             	3.25044566e+02
167             	3.25058876e+02
168             	3.25074965e+02
169             	3.25092234e+02
170             	3.25109546e+02
171             	3.25127730e+02
172             	3.25147451e+02
173             	3.25169097e+02
174             	3.25192074e+02
175             	3.25215194e+02
176             	3.25238956e+02
177             	3.25263858e+02
178             	3.25290105e+02
179             	3.25317380e+02
180             	3.25344443e+02
181             	3.25372156e+02
182             	3.25402801e+02
183             	3.25436611e+02
184             	3.25473224e+02
185             	3.25504760e+02
186             	3.25541295e+02
187             	3.25576865e+02
188             	3.25608892e+02
189             	3.25637311e+02
190             	3.25662629e+02
191             	3.25685608e+02
192             	3.25705877e+02
193             	3.25723745e+02
194             	3.25740321e+02
195             	3.25755598e+02
196             	3.25769962e+02
197             	3.25783175e+02
198             	3.25795008e+02
199             	3.25805870e+02
200             	3.25816236e+02
201             	3.25826431e+02
202             	3.25836458e+02
203             	3.25846530e+02
204             	3.25856701e+02
205             	3.25866441e+02
206             	3.25875806e+02
207             	3.25885109e+02
208             	3.25894336e+02
209             	3.25903348e+02
210             	3.25912365e+02
211             	3.25921837e+02
212             	3.25931675e+02
213             	3.25941743e+02
214             	3.25952200e+02
215             	3.25962866e+02
216             	3.25973143e+02
217             	3.25982757e+02
218             	3.25991857e+02
219             	3.26000455e+02
220             	3.26008794e+02
221             	3.26016420e+02
222             	3.26023459e+02
223             	3.26029975e+02
224             	3.26037034e+02
225             	3.26045061e+02
226             	3.26053189e+02
227             	3.26060948e+02
228             	3.26068751e+02
229             	3.26077327e+02
230             	3.26086874e+02
231             	3.26097110e+02
232             	3.26108148e+02
233             	3.26119632e+02
234             	3.26130922e+02
235             	3.26141273e+02
236             	3.26150457e+02
237             	3.26159283e+02
238             	3.26168576e+02
239             	3.26178395e+02
240             	3.26188497e+02
241             	3.26199254e+02
242             	3.26210716e+02
243             	3.26223335e+02
244             	3.26236697e+02
245             	3.26250182e+02
246             	3.26264229e+02
247             	3.26278984e+02
248             	3.26293827e+02
249             	3.26307496e+02
250             	3.26320426e+02
251             	3.26332771e+02
252             	3.26344313e+02
253             	3.26354671e+02
254             	3.26363687e+02
255             	3.26371647e+02
256             	3.26379803e+02
257             	3.26389290e+02
258             	3.26399252e+02
259             	3.26408294e+02
260             	3.26416544e+02
261             	3.26425405e+02
262             	3.26435598e+02
263             	3.26445761e+02
264             	3.26455070e+02
265             	3.26464008e+02
266             	3.26473421e+02
267             	3.26482778e+02
268             	3.26490931e+02
269             	3.26497344e+02
270             	3.26503073e+02
271             	3.26509026e+02
272             	3.26515347e+02
273             	3.26521422e+02
274             	3.26526820e+02
275             	3.26531456e+02
276             	3.26536527e+02
277             	3.26542602e+02
278             	3.26548505e+02
279             	3.26553474e+02
280             	3.26558390e+02
281             	3.26564441e+02
282             	3.26571493e+02
283             	3.26578400e+02
284             	3.26583977e+02
285             	3.26588354e+02
286             	3.26592876e+02
287             	3.26598106e+02
288             	3.26603095e+02
289             	3.26607123e+02
290             	3.26610567e+02
291             	3.26614561e+02
292             	3.26620219e+02
293             	3.26627333e+02
294             	3.26634871e+02
295             	3.26642248e+02
296             	3.26649861e+02
297             	3.26658474e+02
298             	3.26666836e+02
299             	3.26674194e+02
300             	3.26680897e+02
301             	3.26687314e+02
302             	3.26693430e+02
303             	3.26698920e+02
304             	3.26703558e+02
305             	3.26708167e+02
306             	3.26714346e+02
307             	3.26721401e+02
308             	3.26728104e+02
309             	3.26733697e+02
310             	3.26739498e+02
311             	3.26746457e+02
312             	3.26753508e+02
313             	3.26759754e+02
314             	3.26765196e+02
315             	3.26770363e+02
316             	3.26774986e+02
317             	3.26778625e+02
318             	3.26781237e+02
319             	3.26783474e+02
320             	3.26786253e+02
321             	3.26789933e+02
322             	3.26793993e+02
323             	3.26797614e+02
324             	3.26800716e+02
325             	3.26804018e+02
326             	3.26808138e+02
327             	3.26812755e+02
328             	3.26817197e+02
329             	3.26821191e+02
330             	3.26825137e+02
331             	3.26829426e+02
332             	3.26833920e+02
333             	3.26838022e+02
334             	3.26841308e+02
335             	3.26844167e+02
336             	3.26847434e+02
337             	3.26851302e+02
338             	3.26854857e+02
339             	3.26857898e+02
340             	3.26860933e+02
341             	3.26864443e+02
342             	3.26868018e+02
343             	3.26871722e+02
344             	3.26875410e+02
345             	3.26879244e+02
346             	3.26883094e+02
347             	3.26886912e+02
348             	3.26890762e+02
349             	3.26894866e+02
350             	3.26899227e+02
351             	3.26903698e+02
352             	3.26908210e+02
353             	3.26912838e+02
354             	3.26917582e+02
355             	3.26921867e+02
356             	3.26925531e+02
357             	3.26928918e+02
358             	3.26932348e+02
359             	3.26935804e+02
360             	3.26939091e+02
361             	3.26941997e+02
362             	3.26944764e+02
363             	3.26947576e+02
364             	3.26950642e+02
365             	3.26954069e+02
366             	3.26957621e+02
367             	3.26961159e+02
368             	3.26964725e+02
369             	3.26968423e+02
370             	3.26972519e+02
371             	3.26976689e+02
372             	3.26979912e+02
373             	3.26982289e+02
374             	3.26984689e+02
375             	3.26987575e+02
376             	3.26990514e+02
377             	3.26992712e+02
378             	3.26994302e+02
379             	3.26996672e+02
380             	3.27000053e+02
381             	3.27003640e+02
382             	3.27006632e+02
383             	3.27009238e+02
384             	3.27012223e+02
385             	3.27016026e+02
386             	3.27020149e+02
387             	3.27024087e+02
388             	3.27027937e+02
389             	3.27031873e+02
390             	3.27035421e+02
391             	3.27038229e+02
392             	3.27040619e+02
393             	3.27043038e+02
394             	3.27045728e+02
395             	3.27048128e+02
396             	3.27049998e+02
397             	3.27051460e+02
398             	3.27053120e+02
399             	3.27055616e+02
400             	3.27058490e+02
401             	3.27061122e+02
402             	3.27063327e+02
403             	3.27065463e+02
404             	3.27067996e+02
405             	3.27071190e+02
406             	3.27074207e+02
407             	3.27075969e+02
408             	3.27076770e+02
409             	3.27077749e+02
410             	3.27079313e+02
411             	3.27080709e+02
412             	3.27081555e+02
413             	3.27082483e+02
414             	3.27083922e+02
415             	3.27085489e+02
416             	3.27086859e+02
417             	3.27088161e+02
418             	3.27089743e+02
419             	3.27091875e+02
420             	3.27094297e+02
421             	3.27096616e+02
422             	3.27098730e+02
423             	3.27100887e+02
424             	3.27103292e+02
425             	3.27105972e+02
426             	3.27108610e+02
427             	3.27111233e+02
428             	3.27113698e+02
429             	3.27116008e+02
430             	3.27118455e+02
431             	3.27121044e+02
432             	3.27123475e+02
433             	3.27125636e+02
434             	3.27127665e+02
435             	3.27129690e+02
436             	3.27131710e+02
437             	3.27133640e+02
438             	3.27135413e+02
439             	3.27136962e+02
440             	3.27138422e+02
441             	3.27140091e+02
442             	3.27141823e+02
443             	3.27143433e+02
444             	3.27144931e+02
445             	3.27146387e+02
446             	3.27147892e+02
447             	3.27149454e+02
448             	3.27151011e+02
449             	3.27152547e+02
450             	3.27154204e+02
451             	3.27155859e+02
452             	3.27157050e+02
453             	3.27157869e+02
454             	3.27158750e+02
455             	3.27160020e+02
456             	3.27161439e+02
457             	3.27162587e+02
458             	3.27163401e+02
459             	3.27164199e+02
460             	3.27165173e+02
461             	3.27166188e+02
462             	3.27167235e+02
463             	3.27168306e+02
464             	3.27169359e+02
465             	3.27170377e+02
466             	3.27171387e+02
467             	3.27172449e+02
468             	3.27173543e+02
469             	3.27174614e+02
470             	3.27175657e+02
471             	3.27176720e+02
472             	3.27177867e+02
473             	3.27179084e+02
474             	3.27180328e+02
475             	3.27181576e+02
476             	3.27182611e+02
477             	3.27183477e+02
478             	3.27184366e+02
479             	3.27185368e+02
480             	3.27186380e+02
481             	3.27187279e+02
482             	3.27188105e+02
483             	3.27188954e+02
484             	3.27189865e+02
485             	3.27190789e+02
486             	3.27191677e+02
487             	3.27192520e+02
488             	3.27193302e+02
489             	3.27194281e+02
490             	3.27195436e+02
491             	3.27196604e+02
492             	3.27197689e+02
493             	3.27198775e+02
494             	3.27200024e+02
495             	3.27201413e+02
496             	3.27202635e+02
497             	3.27203608e+02
498             	3.27204551e+02
499             	3.27205622e+02
500             	3.27206766e+02
501             	3.27207799e+02
502             	3.27208703e+02
503             	3.27209583e+02
504             	3.27210539e+02
505             	3.27211531e+02
506             	3.27212473e+02
507             	3.27213351e+02
508             	3.27214137e+02
509             	3.27215026e+02
510             	3.27216047e+02
511             	3.27217067e+02
512             	3.27217987e+02
513             	3.27218855e+02
514             	3.27219760e+02
515             	3.27220730e+02
516             	3.27221687e+02
517             	3.27222589e+02
518             	3.27223449e+02
519             	3.27224309e+02
520             	3.27225158e+02
521             	3.27225959e+02
522             	3.27226708e+02
523             	3.27227454e+02
524             	3.27228212e+02
525             	3.27228975e+02
526             	3.27229661e+02
527             	3.27230271e+02
528             	3.27230879e+02
529             	3.27231520e+02
530             	3.27232146e+02
531             	3.27232716e+02
532             	3.27233245e+02
533             	3.27233774e+02
534             	3.27234303e+02
535             	3.27234803e+02
536             	3.27235172e+02
537             	3.27235549e+02
538             	3.27236018e+02
539             	3.27236532e+02
540             	3.27237006e+02
541             	3.27237424e+02
542             	3.27237855e+02
543             	3.27238357e+02
544             	3.27238904e+02
545             	3.27239465e+02
546             	3.27239986e+02
547             	3.27240510e+02
548             	3.27241106e+02
549             	3.27241644e+02
550             	3.27242103e+02
551             	3.27242531e+02
552             	3.27243020e+02
553             	3.27243561e+02
554             	3.27244074e+02
555             	3.27244549e+02
556             	3.27245023e+02
557             	3.27245552e+02
558             	3.27246111e+02
559             	3.27246671e+02
560             	3.27247241e+02
561             	3.27247830e+02
562             	3.27248436e+02
563             	3.27249053e+02
564             	3.27249662e+02
565             	3.27250264e+02
566             	3.27250883e+02
567             	3.27251525e+02
568             	3.27252167e+02
569             	3.27252786e+02
570             	3.27253409e+02
571             	3.27254059e+02
572             	3.27254732e+02
573             	3.27255406e+02
574             	3.27256080e+02
575             	3.27256758e+02
576             	3.27257443e+02
577             	3.27258126e+02
578             	3.27258798e+02
579             	3.27259454e+02
580             	3.27260094e+02
581             	3.27260739e+02
582             	3.27261380e+02
583             	3.27261988e+02
584             	3.27262561e+02
585             	3.27263123e+02
586             	3.27263690e+02
587             	3.27264247e+02
588             	3.27264751e+02
589             	3.27265197e+02
590             	3.27265615e+02
591             	3.27266027e+02
592             	3.27266415e+02
593             	3.27266751e+02
594             	3.27267048e+02
595             	3.27267348e+02
596             	3.27267665e+02
597             	3.27267966e+02
598             	3.27268265e+02
599             	3.27268602e+02
600             	3.27268993e+02
601             	3.27269419e+02
602             	3.27269852e+02
603             	3.27270291e+02
604             	3.27270759e+02
605             	3.27271279e+02
606             	3.27271837e+02
607             	3.27272341e+02
608             	3.27272789e+02
609             	3.27273253e+02
610             	3.27273769e+02
611             	3.27274298e+02
612             	3.27274786e+02
613             	3.27275228e+02
614             	3.27275657e+02
615             	3.27276095e+02
616             	3.27276521e+02
617             	3.27276969e+02
618             	3.27277422e+02
619             	3.27277846e+02
620             	3.27278232e+02
621             	3.27278605e+02
622             	3.27278994e+02
623             	3.27279413e+02
624             	3.27279850e+02
625             	3.27280273e+02
626             	3.27280561e+02
627             	3.27280738e+02
628             	3.27280912e+02
629             	3.27281135e+02
630             	3.27281352e+02
631             	3.27281495e+02
632             	3.27281574e+02
633             	3.27281668e+02
634             	3.27281808e+02
635             	3.27281975e+02
636             	3.27282172e+02
637             	3.27282390e+02
638             	3.27282623e+02
639             	3.27282872e+02
640             	3.27283148e+02
641             	3.27283431e+02
642             	3.27283723e+02
643             	3.27284024e+02
644             	3.27284351e+02
645             	3.27284689e+02
646             	3.27284973e+02
647             	3.27285219e+02
648             	3.27285483e+02
649             	3.27285788e+02
650             	3.27286107e+02
651             	3.27286405e+02
652             	3.27286686e+02
653             	3.27286969e+02
654             	3.27287265e+02
655             	3.27287564e+02
656             	3.27287835e+02
657             	3.27288155e+02
658             	3.27288542e+02
659             	3.27288945e+02
660             	3.27289311e+02
661             	3.27289656e+02
662             	3.27290025e+02
663             	3.27290435e+02
664             	3.27290872e+02
665             	3.27291236e+02
666             	3.27291519e+02
667             	3.27291790e+02
668             	3.27292091e+02
669             	3.27292379e+02
670             	3.27292607e+02
671             	3.27292787e+02
672             	3.27292963e+02
673             	3.27293146e+02
674             	3.27293314e+02
675             	3.27293447e+02
676             	3.27293564e+02
677             	3.27293683e+02
678             	3.27293828e+02
679             	3.27293974e+02
680             	3.27294085e+02
681             	3.27294167e+02
682             	3.27294258e+02
683             	3.27294374e+02
684             	3.27294504e+02
685             	3.27294635e+02
686             	3.27294755e+02
687             	3.27294880e+02
688             	3.27295015e+02
689             	3.27295150e+02
690             	3.27295275e+02
691             	3.27295407e+02
692             	3.27295564e+02
693             	3.27295745e+02
694             	3.27295941e+02
695             	3.27296144e+02
696             	3.27296359e+02
697             	3.27296591e+02
698             	3.27296838e+02
699             	3.27297083e+02
700             	3.27297325e+02
701             	3.27297581e+02
702             	3.27297854e+02
703             	3.27298128e+02
704             	3.27298386e+02
705             	3.27298626e+02
706             	3.27298860e+02
707             	3.27299094e+02
708             	3.27299317e+02
709             	3.27299527e+02
710             	3.27299728e+02
711             	3.27299928e+02
712             	3.27300127e+02
713             	3.27300313e+02
714             	3.27300481e+02
715             	3.27300637e+02
716             	3.27300789e+02
717             	3.27300940e+02
718             	3.27301081e+02
719             	3.27301213e+02
720             	3.27301344e+02
721             	3.27301478e+02
722             	3.27301615e+02
723             	3.27301749e+02
724             	3.27301879e+02
725             	3.27302009e+02
726             	3.27302145e+02
727             	3.27302286e+02
728             	3.27302427e+02
729             	3.27302569e+02
730             	3.27302718e+02
731             	3.27302878e+02
732             	3.27303045e+02
733             	3.27303214e+02
734             	3.27303386e+02
735             	3.27303563e+02
736             	3.27303746e+02
737             	3.27303931e+02
738             	3.27304116e+02
739             	3.27304306e+02
740             	3.27304505e+02
741             	3.27304711e+02
742             	3.27304918e+02
743             	3.27305126e+02
744             	3.27305331e+02
745             	3.27305538e+02
746             	3.27305748e+02
747             	3.27305959e+02
748             	3.27306167e+02
749             	3.27306374e+02
750             	3.27306583e+02
751             	3.27306796e+02
752             	3.27307008e+02
753             	3.27307213e+02
754             	3.27307413e+02
755             	3.27307611e+02
756             	3.27307807e+02
757             	3.27307996e+02
758             	3.27308177e+02
759             	3.27308350e+02
760             	3.27308519e+02
761             	3.27308680e+02
762             	3.27308816e+02
763             	3.27308931e+02
764             	3.27309036e+02
765             	3.27309138e+02
766             	3.27309233e+02
767             	3.27309323e+02
768             	3.27309406e+02
769             	3.27309484e+02
770             	3.27309561e+02
771             	3.27309638e+02
772             	3.27309716e+02
773             	3.27309797e+02
774             	3.27309880e+02
775             	3.27309968e+02
776             	3.27310060e+02
777             	3.27310155e+02
778             	3.27310250e+02
779             	3.27310347e+02
780             	3.27310449e+02
781             	3.27310558e+02
782             	3.27310678e+02
783             	3.27310811e+02
784             	3.27310936e+02
785             	3.27311048e+02
786             	3.27311163e+02
787             	3.27311296e+02
788             	3.27311438e+02
789             	3.27311574e+02
790             	3.27311701e+02
791             	3.27311829e+02
792             	3.27311964e+02
793             	3.27312103e+02
794             	3.27312247e+02
795             	3.27312390e+02
796             	3.27312534e+02
797             	3.27312679e+02
798             	3.27312823e+02
799             	3.27312966e+02
800             	3.27313107e+02
801             	3.27313246e+02
802             	3.27313383e+02
803             	3.27313516e+02
804             	3.27313644e+02
805             	3.27313769e+02
806             	3.27313892e+02
807             	3.27314012e+02
808             	3.27314130e+02
809             	3.27314245e+02
810             	3.27314360e+02
811             	3.27314476e+02
812             	3.27314591e+02
813             	3.27314703e+02
814             	3.27314812e+02
815             	3.27314922e+02
816             	3.27315030e+02
817             	3.27315135e+02
818             	3.27315236e+02
819             	3.27315333e+02
820             	3.27315430e+02
821             	3.27315525e+02
822             	3.27315617e+02
823             	3.27315705e+02
824             	3.27315789e+02
825             	3.27315871e+02
826             	3.27315948e+02
827             	3.27316018e+02
828             	3.27316083e+02
829             	3.27316143e+02
830             	3.27316199e+02
831             	3.27316251e+02
832             	3.27316300e+02
833             	3.27316346e+02
834             	3.27316389e+02
835             	3.27316431e+02
836             	3.27316472e+02
837             	3.27316513e+02
838             	3.27316553e+02
839             	3.27316595e+02
840             	3.27316638e+02
841             	3.27316683e+02
842             	3.27316729e+02
843             	3.27316777e+02
844             	3.27316829e+02
845             	3.27316884e+02
846             	3.27316943e+02
847             	3.27317005e+02
848             	3.27317072e+02
849             	3.27317143e+02
850             	3.27317219e+02
851             	3.27317299e+02
852             	3.27317383e+02
853             	3.27317470e+02
854             	3.27317562e+02
855             	3.27317658e+02
856             	3.27317757e+02
857             	3.27317860e+02
858             	3.27317966e+02
859             	3.27318073e+02
860             	3.27318183e+02
861             	3.27318293e+02
862             	3.27318404e+02
863             	3.27318516e+02
864             	3.27318627e+02
865             	3.27318736e+02
866             	3.27318844e+02
867             	3.27318949e+02
868             	3.27319053e+02
869             	3.27319154e+02
870             	3.27319252e+02
871             	3.27319346e+02
872             	3.27319439e+02
873             	3.27319530e+02
874             	3.27319618e+02
875             	3.27319702e+02
876             	3.27319783e+02
877             	3.27319863e+02
878             	3.27319942e+02
879             	3.27320019e+02
880             	3.27320094e+02
881             	3.27320168e+02
882             	3.27320240e+02
883             	3.27320312e+02
884             	3.27320382e+02
885             	3.27320451e+02
886             	3.27320519e+02
887             	3.27320585e+02
888             	3.27320651e+02
889             	3.27320715e+02
890             	3.27320779e+02
891             	3.27320841e+02
892             	3.27320902e+02
893             	3.27320963e+02
894             	3.27321022e+02
895             	3.27321080e+02
896             	3.27321136e+02
897             	3.27321193e+02
898             	3.27321247e+02
899             	3.27321300e+02
900             	3.27321351e+02
901             	3.27321402e+02
902             	3.27321453e+02
903             	3.27321503e+02
904             	3.27321553e+02
905             	3.27321602e+02
906             	3.27321652e+02
907             	3.27321703e+02
908             	3.27321755e+02
909             	3.27321809e+02
910             	3.27321863e+02
911             	3.27321919e+02
912             	3.27321976e+02
913             	3.27322033e+02
914             	3.27322091e+02
915             	3.27322151e+02
916             	3.27322211e+02
917             	3.27322272e+02
918             	3.27322333e+02
919             	3.27322395e+02
920             	3.27322458e+02
921             	3.27322521e+02
922             	3.27322584e+02
923             	3.27322647e+02
924             	3.27322710e+02
925             	3.27322773e+02
926             	3.27322836e+02
927             	3.27322899e+02
928             	3.27322961e+02
929             	3.27323022e+02
930             	3.27323083e+02
931             	3.27323143e+02
932             	3.27323204e+02
933             	3.27323264e+02
934             	3.27323324e+02
935             	3.27323383e+02
936             	3.27323442e+02
937             	3.27323500e+02
938             	3.27323559e+02
939             	3.27323617e+02
940             	3.27323675e+02
941             	3.27323733e+02
942             	3.27323792e+02
943             	3.27323851e+02
944             	3.27323912e+02
945             	3.27323972e+02
946             	3.27324031e+02
947             	3.27324091e+02
948             	3.27324152e+02
949             	3.27324215e+02
950             	3.27324278e+02
951             	3.27324341e+02
952             	3.27324401e+02
953             	3.27324457e+02
954             	3.27324513e+02
955             	3.27324569e+02
956             	3.27324625e+02
957             	3.27324679e+02
958             	3.27324729e+02
959             	3.27324779e+02
960             	3.27324830e+02
961             	3.27324880e+02
962             	3.27324930e+02
963             	3.27324978e+02
964             	3.27325023e+02
965             	3.27325072e+02
966             	3.27325124e+02
967             	3.27325176e+02
968             	3.27325224e+02
969             	3.27325271e+02
970             	3.27325320e+02
971             	3.27325371e+02
972             	3.27325423e+02
973             	3.27325472e+02
974             	3.27325522e+02
975             	3.27325574e+02
976             	3.27325626e+02
977             	3.27325678e+02
978             	3.27325728e+02
979             	3.27325778e+02
980             	3.27325830e+02
981             	3.27325882e+02
982             	3.27325933e+02
983             	3.27325983e+02
984             	3.27326034e+02
985             	3.27326086e+02
986             	3.27326137e+02
987             	3.27326188e+02
988             	3.27326236e+02
989             	3.27326284e+02
990             	3.27326332e+02
991             	3.27326382e+02
992             	3.27326431e+02
993             	3.27326477e+02
994             	3.27326523e+02
995             	3.27326569e+02
996             	3.27326615e+02
997             	3.27326661e+02
998             	3.27326705e+02
999             	3.27326749e+02
1000            	3.27326792e+02
1001            	3.27326836e+02
1002            	3.27326880e+02
1003            	3.27326924e+02
1004            	3.27326968e+02
1005            	3.27327012e+02
1006            	3.27327057e+02
1007            	3.27327101e+02
1008            	3.27327145e+02
1009            	3.27327188e+02
1010            	3.27327232e+02
1011            	3.27327276e+02
1012            	3.27327318e+02
1013            	3.27327359e+02
1014            	3.27327402e+02
1015            	3.27327446e+02
1016            	3.27327490e+02
1017            	3.27327534e+02
1018            	3.27327577e+02
1019            	3.27327622e+02
1020            	3.27327666e+02
1021            	3.27327710e+02
1022            	3.27327752e+02
1023            	3.27327794e+02
1024            	3.27327836e+02
1025            	3.27327876e+02
1026            	3.27327915e+02
1027            	3.27327954e+02
1028            	3.27327993e+02
1029            	3.27328033e+02
1030            	3.27328073e+02
1031            	3.27328112e+02
1032            	3.27328152e+02
1033            	3.27328194e+02
1034            	3.27328236e+02
1035            	3.27328278e+02
1036            	3.27328321e+02
1037            	3.27328364e+02
1038            	3.27328408e+02
1039            	3.27328453e+02
1040            	3.27328497e+02
1041            	3.27328542e+02
1042            	3.27328586e+02
1043            	3.27328631e+02
1044            	3.27328675e+02
1045            	3.27328718e+02
1046            	3.27328761e+02
1047            	3.27328804e+02
1048            	3.27328846e+02
1049            	3.27328887e+02
1050            	3.27328926e+02
1051            	3.27328965e+02
1052            	3.27329003e+02
1053            	3.27329041e+02
1054            	3.27329077e+02
1055            	3.27329112e+02
1056            	3.27329146e+02
1057            	3.27329180e+02
1058            	3.27329214e+02
1059            	3.27329247e+02
1060            	3.27329281e+02
1061            	3.27329315e+02
1062            	3.27329349e+02
1063            	3.27329383e+02
1064            	3.27329418e+02
1065            	3.27329454e+02
1066            	3.27329491e+02
1067            	3.27329529e+02
1068            	3.27329568e+02
1069            	3.27329608e+02
1070            	3.27329648e+02
1071            	3.27329689e+02
1072            	3.27329731e+02
1073            	3.27329774e+02
1074            	3.27329817e+02
1075            	3.27329860e+02
1076            	3.27329904e+02
1077            	3.27329947e+02
1078            	3.27329991e+02
1079            	3.27330034e+02
1080            	3.27330076e+02
1081            	3.27330119e+02
1082            	3.27330160e+02
1083            	3.27330201e+02
1084            	3.27330242e+02
1085            	3.27330281e+02
1086            	3.27330320e+02
1087            	3.27330359e+02
1088            	3.27330397e+02
1089            	3.27330434e+02
1090            	3.27330471e+02
1091            	3.27330507e+02
1092            	3.27330542e+02
1093            	3.27330577e+02
1094            	3.27330612e+02
1095            	3.27330646e+02
1096            	3.27330679e+02
1097            	3.27330713e+02
1098            	3.27330745e+02
1099            	3.27330778e+02
1100            	3.27330809e+02
1101            	3.27330841e+02
1102            	3.27330872e+02
1103            	3.27330902e+02
1104            	3.27330933e+02
1105            	3.27330963e+02
1106            	3.27330993e+02
1107            	3.27331023e+02
1108            	3.27331052e+02
1109            	3.27331082e+02
1110            	3.27331112e+02
1111            	3.27331142e+02
1112            	3.27331172e+02
1113            	3.27331202e+02
1114            	3.27331233e+02
1115            	3.27331264e+02
1116            	3.27331295e+02
1117            	3.27331327e+02
1118            	3.27331359e+02
1119            	3.27331392e+02
1120            	3.27331425e+02
1121            	3.27331457e+02
1122            	3.27331491e+02
1123            	3.27331525e+02
1124            	3.27331558e+02
1125            	3.27331593e+02
1126            	3.27331627e+02
1127            	3.27331662e+02
1128            	3.27331697e+02
1129            	3.27331733e+02
1130            	3.27331769e+02
1131            	3.27331805e+02
1132            	3.27331841e+02
1133            	3.27331879e+02
1134            	3.27331916e+02
1135            	3.27331954e+02
1136            	3.27331992e+02
1137            	3.27332030e+02
1138            	3.27332069e+02
1139            	3.27332108e+02
1140            	3.27332146e+02
1141            	3.27332185e+02
1142            	3.27332223e+02
1143            	3.27332261e+02
1144            	3.27332299e+02
1145            	3.27332336e+02
1146            	3.27332373e+02
1147            	3.27332408e+02
1148            	3.27332443e+02
1149            	3.27332477e+02
1150            	3.27332511e+02
1151            	3.27332544e+02
1152            	3.27332576e+02
1153            	3.27332607e+02
1154            	3.27332637e+02
1155            	3.27332667e+02
1156            	3.27332696e+02
1157            	3.27332724e+02
1158            	3.27332752e+02
1159            	3.27332779e+02
1160            	3.27332806e+02
1161            	3.27332833e+02
1162            	3.27332859e+02
1163            	3.27332885e+02
1164            	3.27332912e+02
1165            	3.27332939e+02
1166            	3.27332965e+02
1167            	3.27332992e+02
1168            	3.27333019e+02
1169            	3.27333047e+02
1170            	3.27333075e+02
1171            	3.27333103e+02
1172            	3.27333132e+02
1173            	3.27333161e+02
1174            	3.27333190e+02
1175            	3.27333220e+02
1176            	3.27333250e+02
1177            	3.27333280e+02
1178            	3.27333311e+02
1179            	3.27333341e+02
1180            	3.27333372e+02
1181            	3.27333403e+02
1182            	3.27333435e+02
1183            	3.27333466e+02
1184            	3.27333498e+02
1185            	3.27333530e+02
1186            	3.27333562e+02
1187            	3.27333594e+02
1188            	3.27333626e+02
1189            	3.27333659e+02
1190            	3.27333691e+02
1191            	3.27333724e+02
1192            	3.27333756e+02
1193            	3.27333788e+02
1194            	3.27333820e+02
1195            	3.27333852e+02
1196            	3.27333883e+02
1197            	3.27333914e+02
1198            	3.27333945e+02
1199            	3.27333976e+02
1200            	3.27334006e+02
1201            	3.27334037e+02
1202            	3.27334066e+02
1203            	3.27334096e+02
1204            	3.27334125e+02
1205            	3.27334154e+02
1206            	3.27334183e+02
1207            	3.27334212e+02
1208            	3.27334240e+02
1209            	3.27334269e+02
1210            	3.27334297e+02
1211            	3.27334325e+02
1212            	3.27334353e+02
1213            	3.27334381e+02
1214            	3.27334409e+02
1215            	3.27334436e+02
1216            	3.27334464e+02
1217            	3.27334490e+02
1218            	3.27334516e+02
1219            	3.27334543e+02
1220            	3.27334569e+02
1221            	3.27334596e+02
1222            	3.27334622e+02
1223            	3.27334647e+02
1224            	3.27334674e+02
1225            	3.27334701e+02
1226            	3.27334728e+02
1227            	3.27334755e+02
1228            	3.27334783e+02
1229            	3.27334811e+02
1230            	3.27334839e+02
1231            	3.27334868e+02
1232            	3.27334896e+02
1233            	3.27334925e+02
1234            	3.27334954e+02
1235            	3.27334984e+02
1236            	3.27335014e+02
1237            	3.27335044e+02
1238            	3.27335074e+02
1239            	3.27335104e+02
1240            	3.27335134e+02
1241            	3.27335163e+02
1242            	3.27335193e+02
1243            	3.27335223e+02
1244            	3.27335253e+02
1245            	3.27335282e+02
1246            	3.27335311e+02
1247            	3.27335339e+02
1248            	3.27335368e+02
1249            	3.27335396e+02
1250            	3.27335424e+02
1251            	3.27335451e+02
1252            	3.27335478e+02
1253            	3.27335505e+02
1254            	3.27335532e+02
1255            	3.27335558e+02
1256            	3.27335584e+02
1257            	3.27335609e+02
1258            	3.27335635e+02
1259            	3.27335661e+02
1260            	3.27335686e+02
1261            	3.27335711e+02
1262            	3.27335736e+02
1263            	3.27335761e+02
1264            	3.27335786e+02
1265            	3.27335811e+02
1266            	3.27335836e+02
1267            	3.27335862e+02
1268            	3.27335888e+02
1269            	3.27335914e+02
1270            	3.27335940e+02
1271            	3.27335966e+02
1272            	3.27335993e+02
1273            	3.27336021e+02
1274            	3.27336048e+02
1275            	3.27336076e+02
1276            	3.27336103e+02
1277            	3.27336131e+02
1278            	3.27336159e+02
1279            	3.27336186e+02
1280            	3.27336213e+02
1281            	3.27336240e+02
1282            	3.27336267e+02
1283            	3.27336294e+02
1284            	3.27336320e+02
1285            	3.27336346e+02
1286            	3.27336372e+02
1287            	3.27336397e+02
1288            	3.27336423e+02
1289            	3.27336448e+02
1290            	3.27336473e+02
1291            	3.27336498e+02
1292            	3.27336523e+02
1293            	3.27336547e+02
1294            	3.27336572e+02
1295            	3.27336596e+02
1296            	3.27336620e+02
1297            	3.27336644e+02
1298            	3.27336669e+02
1299            	3.27336693e+02
1300            	3.27336717e+02
1301            	3.27336741e+02
1302            	3.27336765e+02
1303            	3.27336790e+02
1304            	3.27336815e+02
1305            	3.27336840e+02
1306            	3.27336865e+02
1307            	3.27336890e+02
1308            	3.27336916e+02
1309            	3.27336942e+02
1310            	3.27336969e+02
1311            	3.27336995e+02
1312            	3.27337022e+02
1313            	3.27337049e+02
1314            	3.27337075e+02
1315            	3.27337102e+02
1316            	3.27337129e+02
1317            	3.27337155e+02
1318            	3.27337181e+02
1319            	3.27337207e+02
1320            	3.27337233e+02
1321            	3.27337259e+02
1322            	3.27337285e+02
1323            	3.27337310e+02
1324            	3.27337335e+02
1325            	3.27337360e+02
1326            	3.27337386e+02
1327            	3.27337411e+02
1328            	3.27337436e+02
1329            	3.27337461e+02
1330            	3.27337486e+02
1331            	3.27337511e+02
1332            	3.27337536e+02
1333            	3.27337561e+02
1334            	3.27337585e+02
1335            	3.27337609e+02
1336            	3.27337634e+02
1337            	3.27337658e+02
1338            	3.27337682e+02
1339            	3.27337705e+02
1340            	3.27337730e+02
1341            	3.27337754e+02
1342            	3.27337778e+02
1343            	3.27337802e+02
1344            	3.27337826e+02
1345            	3.27337850e+02
1346            	3.27337874e+02
1347            	3.27337898e+02
1348            	3.27337922e+02
1349            	3.27337945e+02
1350            	3.27337969e+02
1351            	3.27337992e+02
1352            	3.27338016e+02
1353            	3.27338039e+02
1354            	3.27338062e+02
1355            	3.27338084e+02
1356            	3.27338107e+02
1357            	3.27338129e+02
1358            	3.27338151e+02
1359            	3.27338174e+02
1360            	3.27338196e+02
1361            	3.27338218e+02
1362            	3.27338240e+02
1363            	3.27338262e+02
1364            	3.27338284e+02
1365            	3.27338306e+02
1366            	3.27338328e+02
1367            	3.27338350e+02
1368            	3.27338373e+02
1369            	3.27338395e+02
1370            	3.27338418e+02
1371            	3.27338441e+02
1372            	3.27338464e+02
1373            	3.27338487e+02
1374            	3.27338509e+02
1375            	3.27338532e+02
1376            	3.27338556e+02
1377            	3.27338579e+02
1378            	3.27338602e+02
1379            	3.27338625e+02
1380            	3.27338648e+02
1381            	3.27338672e+02
1382            	3.27338695e+02
1383            	3.27338718e+02
1384            	3.27338741e+02
1385            	3.27338764e+02
1386            	3.27338787e+02
1387            	3.27338810e+02
1388            	3.27338833e+02
1389            	3.27338856e+02
1390            	3.27338878e+02
1391            	3.27338900e+02
1392            	3.27338922e+02
1393            	3.27338944e+02
1394            	3.27338965e+02
1395            	3.27338987e+02
1396            	3.27339009e+02
1397            	3.27339032e+02
1398            	3.27339055e+02
1399            	3.27339078e+02
1400            	3.27339101e+02
1401            	3.27339125e+02
1402            	3.27339149e+02
1403            	3.27339172e+02
1404            	3.27339196e+02
1405            	3.27339220e+02
1406            	3.27339244e+02
1407            	3.27339267e+02
1408            	3.27339291e+02
1409            	3.27339314e+02
1410            	3.27339337e+02
1411            	3.27339360e+02
1412            	3.27339383e+02
1413            	3.27339405e+02
1414            	3.27339427e+02
1415            	3.27339449e+02
1416            	3.27339471e+02
1417            	3.27339492e+02
1418            	3.27339514e+02
1419            	3.27339535e+02
1420            	3.27339555e+02
1421            	3.27339575e+02
1422            	3.27339595e+02
1423            	3.27339615e+02
1424            	3.27339635e+02
1425            	3.27339655e+02
1426            	3.27339674e+02
1427            	3.27339693e+02
1428            	3.27339713e+02
1429            	3.27339732e+02
1430            	3.27339752e+02
1431            	3.27339771e+02
1432            	3.27339791e+02
1433            	3.27339811e+02
1434            	3.27339832e+02
1435            	3.27339852e+02
1436            	3.27339873e+02
1437            	3.27339894e+02
1438            	3.27339916e+02
1439            	3.27339937e+02
1440            	3.27339959e+02
1441            	3.27339982e+02
1442            	3.27340004e+02
1443            	3.27340027e+02
1444            	3.27340049e+02
1445            	3.27340072e+02
1446            	3.27340094e+02
1447            	3.27340117e+02
1448            	3.27340139e+02
1449            	3.27340161e+02
1450            	3.27340183e+02
1451            	3.27340205e+02
1452            	3.27340227e+02
1453            	3.27340249e+02
1454            	3.27340271e+02
1455            	3.27340292e+02
1456            	3.27340313e+02
1457            	3.27340334e+02
1458            	3.27340354e+02
1459            	3.27340374e+02
1460            	3.27340395e+02
1461            	3.27340415e+02
1462            	3.27340436e+02
1463            	3.27340456e+02
1464            	3.27340476e+02
1465            	3.27340497e+02
1466            	3.27340518e+02
1467            	3.27340539e+02
1468            	3.27340560e+02
1469            	3.27340581e+02
1470            	3.27340602e+02
1471            	3.27340624e+02
1472            	3.27340645e+02
1473            	3.27340667e+02
1474            	3.27340689e+02
1475            	3.27340710e+02
1476            	3.27340732e+02
1477            	3.27340754e+02
1478            	3.27340775e+02
1479            	3.27340796e+02
1480            	3.27340817e+02
1481            	3.27340839e+02
1482            	3.27340860e+02
1483            	3.27340880e+02
1484            	3.27340901e+02
1485            	3.27340921e+02
1486            	3.27340941e+02
1487            	3.27340961e+02
1488            	3.27340981e+02
1489            	3.27341000e+02
1490            	3.27341019e+02
1491            	3.27341039e+02
1492            	3.27341059e+02
1493            	3.27341078e+02
1494            	3.27341098e+02
1495            	3.27341118e+02
1496            	3.27341138e+02
1497            	3.27341158e+02
1498            	3.27341178e+02
1499            	3.27341198e+02
1500            	3.27341218e+02
1501            	3.27341239e+02
1502            	3.27341259e+02
1503            	3.27341280e+02
1504            	3.27341301e+02
1505            	3.27341322e+02
1506            	3.27341342e+02
1507            	3.27341362e+02
1508            	3.27341383e+02
1509            	3.27341404e+02
1510            	3.27341424e+02
1511            	3.27341444e+02
1512            	3.27341464e+02
1513            	3.27341484e+02
1514            	3.27341504e+02
1515            	3.27341523e+02
1516            	3.27341542e+02
1517            	3.27341562e+02
1518            	3.27341582e+02
1519            	3.27341601e+02
1520            	3.27341620e+02
1521            	3.27341639e+02
1522            	3.27341658e+02
1523            	3.27341677e+02
1524            	3.27341696e+02
1525            	3.27341715e+02
1526            	3.27341734e+02
1527            	3.27341752e+02
1528            	3.27341770e+02
1529            	3.27341788e+02
1530            	3.27341806e+02
1531            	3.27341824e+02
1532            	3.27341843e+02
1533            	3.27341862e+02
1534            	3.27341880e+02
1535            	3.27341899e+02
1536            	3.27341918e+02
1537            	3.27341937e+02
1538            	3.27341956e+02
1539            	3.27341975e+02
1540            	3.27341994e+02
1541            	3.27342012e+02
1542            	3.27342031e+02
1543            	3.27342051e+02
1544            	3.27342070e+02
1545            	3.27342089e+02
1546            	3.27342108e+02
1547            	3.27342128e+02
1548            	3.27342147e+02
1549            	3.27342167e+02
1550            	3.27342186e+02
1551            	3.27342206e+02
1552            	3.27342226e+02
1553            	3.27342246e+02
1554            	3.27342266e+02
1555            	3.27342285e+02
1556            	3.27342306e+02
1557            	3.27342326e+02
1558            	3.27342346e+02
1559            	3.27342366e+02
1560            	3.27342387e+02
1561            	3.27342407e+02
1562            	3.27342428e+02
1563            	3.27342448e+02
1564            	3.27342469e+02
1565            	3.27342489e+02
1566            	3.27342510e+02
1567            	3.27342530e+02
1568            	3.27342551e+02
1569            	3.27342571e+02
1570            	3.27342591e+02
1571            	3.27342610e+02
1572            	3.27342630e+02
1573            	3.27342649e+02
1574            	3.27342668e+02
1575            	3.27342687e+02
1576            	3.27342705e+02
1577            	3.27342723e+02
1578            	3.27342741e+02
1579            	3.27342759e+02
1580            	3.27342776e+02
1581            	3.27342793e+02
1582            	3.27342809e+02
1583            	3.27342826e+02
1584            	3.27342842e+02
1585            	3.27342858e+02
1586            	3.27342875e+02
1587            	3.27342891e+02
1588            	3.27342907e+02
1589            	3.27342924e+02
1590            	3.27342940e+02
1591            	3.27342957e+02
1592            	3.27342973e+02
1593            	3.27342990e+02
1594            	3.27343007e+02
1595            	3.27343025e+02
1596            	3.27343042e+02
1597            	3.27343059e+02
1598            	3.27343077e+02
1599            	3.27343094e+02
1600            	3.27343112e+02
1601            	3.27343130e+02
1602            	3.27343148e+02
1603            	3.27343166e+02
1604            	3.27343184e+02
1605            	3.27343202e+02
1606            	3.27343220e+02
1607            	3.27343239e+02
1608            	3.27343257e+02
1609            	3.27343276e+02
1610            	3.27343295e+02
1611            	3.27343315e+02
1612            	3.27343334e+02
1613            	3.27343354e+02
1614            	3.27343374e+02
1615            	3.27343394e+02
1616            	3.27343415e+02
1617            	3.27343436e+02
1618            	3.27343456e+02
1619            	3.27343477e+02
1620            	3.27343498e+02
1621            	3.27343518e+02
1622            	3.27343539e+02
1623            	3.27343560e+02
1624            	3.27343580e+02
1625            	3.27343601e+02
1626            	3.27343621e+02
1627            	3.27343641e+02
1628            	3.27343661e+02
1629            	3.27343681e+02
1630            	3.27343700e+02
1631            	3.27343719e+02
1632            	3.27343738e+02
1633            	3.27343757e+02
1634            	3.27343774e+02
1635            	3.27343792e+02
1636            	3.27343810e+02
1637            	3.27343827e+02
1638            	3.27343843e+02
1639            	3.27343860e+02
1640            	3.27343876e+02
1641            	3.27343892e+02
1642            	3.27343908e+02
1643            	3.27343924e+02
1644            	3.27343939e+02
1645            	3.27343955e+02
1646            	3.27343971e+02
1647            	3.27343986e+02
1648            	3.27344002e+02
1649            	3.27344017e+02
1650            	3.27344032e+02
1651            	3.27344048e+02
1652            	3.27344063e+02
1653            	3.27344078e+02
1654            	3.27344093e+02
1655            	3.27344108e+02
1656            	3.27344124e+02
1657            	3.27344139e+02
1658            	3.27344155e+02
1659            	3.27344170e+02
1660            	3.27344186e+02
1661            	3.27344203e+02
1662            	3.27344220e+02
1663            	3.27344236e+02
1664            	3.27344253e+02
1665            	3.27344271e+02
1666            	3.27344289e+02
1667            	3.27344307e+02
1668            	3.27344326e+02
1669            	3.27344344e+02
1670            	3.27344363e+02
1671            	3.27344382e+02
1672            	3.27344401e+02
1673            	3.27344420e+02
1674            	3.27344439e+02
1675            	3.27344458e+02
1676            	3.27344477e+02
1677            	3.27344496e+02
1678            	3.27344515e+02
1679            	3.27344534e+02
1680            	3.27344552e+02
1681            	3.27344571e+02
1682            	3.27344589e+02
1683            	3.27344607e+02
1684            	3.27344624e+02
1685            	3.27344642e+02
1686            	3.27344658e+02
1687            	3.27344675e+02
1688            	3.27344691e+02
1689            	3.27344707e+02
1690            	3.27344723e+02
1691            	3.27344739e+02
1692            	3.27344755e+02
1693            	3.27344770e+02
1694            	3.27344785e+02
1695            	3.27344801e+02
1696            	3.27344816e+02
1697            	3.27344832e+02
1698            	3.27344848e+02
1699            	3.27344864e+02
1700            	3.27344879e+02
1701            	3.27344895e+02
1702            	3.27344911e+02
1703            	3.27344927e+02
1704            	3.27344944e+02
1705            	3.27344960e+02
1706            	3.27344977e+02
1707            	3.27344993e+02
1708            	3.27345010e+02
1709            	3.27345027e+02
1710            	3.27345044e+02
1711            	3.27345062e+02
1712            	3.27345079e+02
1713            	3.27345097e+02
1714            	3.27345115e+02
1715            	3.27345134e+02
1716            	3.27345152e+02
1717            	3.27345171e+02
1718            	3.27345190e+02
1719            	3.27345209e+02
1720            	3.27345227e+02
1721            	3.27345246e+02
1722            	3.27345265e+02
1723            	3.27345283e+02
1724            	3.27345301e+02
1725            	3.27345319e+02
1726            	3.27345337e+02
1727            	3.27345355e+02
1728            	3.27345373e+02
1729            	3.27345391e+02
1730            	3.27345408e+02
1731            	3.27345426e+02
1732            	3.27345443e+02
1733            	3.27345461e+02
1734            	3.27345478e+02
1735            	3.27345496e+02
1736            	3.27345513e+02
1737            	3.27345530e+02
1738            	3.27345547e+02
1739            	3.27345564e+02
1740            	3.27345580e+02
1741            	3.27345596e+02
1742            	3.27345612e+02
1743            	3.27345628e+02
1744            	3.27345643e+02
1745            	3.27345659e+02
1746            	3.27345674e+02
1747            	3.27345689e+02
1748            	3.27345703e+02
1749            	3.27345718e+02
1750            	3.27345733e+02
1751            	3.27345747e+02
1752            	3.27345761e+02
1753            	3.27345776e+02
1754            	3.27345790e+02
1755            	3.27345805e+02
1756            	3.27345820e+02
1757            	3.27345835e+02
1758            	3.27345850e+02
1759            	3.27345865e+02
1760            	3.27345881e+02
1761            	3.27345897e+02
1762            	3.27345913e+02
1763            	3.27345929e+02
1764            	3.27345946e+02
1765            	3.27345963e+02
1766            	3.27345980e+02
1767            	3.27345997e+02
1768            	3.27346014e+02
1769            	3.27346032e+02
1770            	3.27346050e+02
1771            	3.27346067e+02
1772            	3.27346085e+02
1773            	3.27346102e+02
1774            	3.27346120e+02
1775            	3.27346137e+02
1776            	3.27346154e+02
1777            	3.27346171e+02
1778            	3.27346187e+02
1779            	3.27346203e+02
1780            	3.27346218e+02
1781            	3.27346234e+02
1782            	3.27346249e+02
1783            	3.27346263e+02
1784            	3.27346278e+02
1785            	3.27346292e+02
1786            	3.27346307e+02
1787            	3.27346321e+02
1788            	3.27346335e+02
1789            	3.27346349e+02
1790            	3.27346363e+02
1791            	3.27346378e+02
1792            	3.27346392e+02
1793            	3.27346406e+02
1794            	3.27346421e+02
1795            	3.27346435e+02
1796            	3.27346450e+02
1797            	3.27346465e+02
1798            	3.27346480e+02
1799            	3.27346496e+02
1800            	3.27346512e+02
1801            	3.27346528e+02
1802            	3.27346544e+02
1803            	3.27346561e+02
1804            	3.27346578e+02
1805            	3.27346595e+02
1806            	3.27346612e+02
1807            	3.27346629e+02
1808            	3.27346647e+02
1809            	3.27346664e+02
1810            	3.27346682e+02
1811            	3.27346699e+02
1812            	3.27346717e+02
1813            	3.27346734e+02
1814            	3.27346751e+02
1815            	3.27346768e+02
1816            	3.27346785e+02
1817            	3.27346801e+02
1818            	3.27346817e+02
1819            	3.27346834e+02
1820            	3.27346849e+02
1821            	3.27346865e+02
1822            	3.27346881e+02
1823            	3.27346896e+02
1824            	3.27346911e+02
1825            	3.27346926e+02
1826            	3.27346941e+02
1827            	3.27346955e+02
1828            	3.27346970e+02
1829            	3.27346984e+02
1830            	3.27346999e+02
1831            	3.27347013e+02
1832            	3.27347027e+02
1833            	3.27347041e+02
1834            	3.27347054e+02
1835            	3.27347068e+02
1836            	3.27347081e+02
1837            	3.27347094e+02
1838            	3.27347108e+02
1839            	3.27347121e+02
1840            	3.27347134e+02
1841            	3.27347147e+02
1842            	3.27347160e+02
1843            	3.27347174e+02
1844            	3.27347187e+02
1845            	3.27347201e+02
1846            	3.27347214e+02
1847            	3.27347228e+02
1848            	3.27347242e+02
1849            	3.27347256e+02
1850            	3.27347269e+02
1851            	3.27347283e+02
1852            	3.27347297e+02
1853            	3.27347310e+02
1854            	3.27347324e+02
1855            	3.27347338e+02
1856            	3.27347352e+02
1857            	3.27347365e+02
1858            	3.27347379e+02
1859            	3.27347393e+02
1860            	3.27347407e+02
1861            	3.27347422e+02
1862            	3.27347436e+02
1863            	3.27347450e+02
1864            	3.27347465e+02
1865            	3.27347479e+02
1866            	3.27347494e+02
1867            	3.27347509e+02
1868            	3.27347524e+02
1869            	3.27347540e+02
1870            	3.27347556e+02
1871            	3.27347572e+02
1872            	3.27347588e+02
1873            	3.27347604e+02
1874            	3.27347621e+02
1875            	3.27347637e+02
1876            	3.27347654e+02
1877            	3.27347670e+02
1878            	3.27347687e+02
1879            	3.27347703e+02
1880            	3.27347719e+02
1881            	3.27347735e+02
1882            	3.27347751e+02
1883            	3.27347767e+02
1884            	3.27347783e+02
1885            	3.27347798e+02
1886            	3.27347814e+02
1887            	3.27347829e+02
1888            	3.27347845e+02
1889            	3.27347860e+02
1890            	3.27347874e+02
1891            	3.27347889e+02
1892            	3.27347904e+02
1893            	3.27347918e+02
1894            	3.27347933e+02
1895            	3.27347947e+02
1896            	3.27347962e+02
1897            	3.27347976e+02
1898            	3.27347990e+02
1899            	3.27348004e+02
1900            	3.27348018e+02
1901            	3.27348032e+02
1902            	3.27348046e+02
1903            	3.27348060e+02
1904            	3.27348074e+02
1905            	3.27348088e+02
1906            	3.27348102e+02
1907            	3.27348115e+02
1908            	3.27348128e+02
1909            	3.27348142e+02
1910            	3.27348155e+02
1911            	3.27348168e+02
1912            	3.27348180e+02
1913            	3.27348193e+02
1914            	3.27348206e+02
1915            	3.27348218e+02
1916            	3.27348231e+02
1917            	3.27348243e+02
1918            	3.27348255e+02
1919            	3.27348268e+02
1920            	3.27348280e+02
1921            	3.27348292e+02
1922            	3.27348304e+02
1923            	3.27348316e+02
1924            	3.27348329e+02
1925            	3.27348341e+02
1926            	3.27348353e+02
1927            	3.27348366e+02
1928            	3.27348379e+02
1929            	3.27348392e+02
1930            	3.27348404e+02
1931            	3.27348417e+02
1932            	3.27348430e+02
1933            	3.27348444e+02
1934            	3.27348457e+02
1935            	3.27348471e+02
1936            	3.27348485e+02
1937            	3.27348499e+02
1938            	3.27348513e+02
1939            	3.27348528e+02
1940            	3.27348542e+02
1941            	3.27348557e+02
1942            	3.27348572e+02
1943            	3.27348587e+02
1944            	3.27348602e+02
1945            	3.27348617e+02
1946            	3.27348632e+02
1947            	3.27348647e+02
1948            	3.27348662e+02
1949            	3.27348678e+02
1950            	3.27348693e+02
1951            	3.27348709e+02
1952            	3.27348725e+02
1953            	3.27348741e+02
1954            	3.27348756e+02
1955            	3.27348772e+02
1956            	3.27348788e+02
1957            	3.27348804e+02
1958            	3.27348820e+02
1959            	3.27348835e+02
1960            	3.27348850e+02
1961            	3.27348866e+02
1962            	3.27348881e+02
1963            	3.27348895e+02
1964            	3.27348909e+02
1965            	3.27348923e+02
1966            	3.27348937e+02
1967            	3.27348951e+02
1968            	3.27348964e+02
1969            	3.27348977e+02
1970            	3.27348990e+02
1971            	3.27349003e+02
1972            	3.27349016e+02
1973            	3.27349029e+02
1974            	3.27349041e+02
1975            	3.27349054e+02
1976            	3.27349066e+02
1977            	3.27349078e+02
1978            	3.27349091e+02
1979            	3.27349103e+02
1980            	3.27349114e+02
1981            	3.27349126e+02
1982            	3.27349137e+02
1983            	3.27349149e+02
1984            	3.27349160e+02
1985            	3.27349171e+02
1986            	3.27349182e+02
1987            	3.27349192e+02
1988            	3.27349203e+02
1989            	3.27349214e+02
1990            	3.27349224e+02
1991            	3.27349235e+02
1992            	3.27349246e+02
1993            	3.27349257e+02
1994            	3.27349269e+02
1995            	3.27349281e+02
1996            	3.27349293e+02
1997            	3.27349306e+02
1998            	3.27349319e+02
1999            	3.27349332e+02
2000            	3.27349346e+02
