# Region        : cellZone component_4
# Cells         : 432
# Volume        : 8.98314725e-01
# Time          	volAverage(T)
1               	3.00163050e+02
2               	3.00324518e+02
3               	3.00471288e+02
4               	3.00606350e+02
5               	3.00735288e+02
6               	3.00860133e+02
7               	3.00981729e+02
8               	3.01100086e+02
9               	3.01215191e+02
10              	3.01326153e+02
11              	3.01435408e+02
12              	3.01542490e+02
13              	3.01647155e+02
14              	3.01749197e+02
15              	3.01849252e+02
16              	3.01945858e+02
17              	3.02040899e+02
18              	3.02133162e+02
19              	3.02225371e+02
20              	3.02315741e+02
21              	3.02404008e+02
22              	3.02491572e+02
23              	3.02579151e+02
24              	3.02664161e+02
25              	3.02745594e+02
26              	3.02826192e+02
27              	3.02905000e+02
28              	3.02981990e+02
29              	3.03057375e+02
30              	3.03130668e+02
31              	3.03201910e+02
32              	3.03270670e+02
33              	3.03337578e+02
34              	3.03402772e+02
35              	3.03464661e+02
36              	3.03526203e+02
37              	3.03586440e+02
38              	3.03645509e+02
39              	3.03704405e+02
40              	3.03763606e+02
41              	3.03820358e+02
42              	3.03872790e+02
43              	3.03921397e+02
44              	3.03967406e+02
45              	3.04012330e+02
46              	3.04054263e+02
47              	3.04092823e+02
48              	3.04128313e+02
49              	3.04161845e+02
50              	3.04194435e+02
51              	3.04226687e+02
52              	3.04258323e+02
53              	3.04289923e+02
54              	3.04321850e+02
55              	3.04353487e+02
56              	3.04385017e+02
57              	3.04415358e+02
58              	3.04445325e+02
59              	3.04475272e+02
60              	3.04505233e+02
61              	3.04535913e+02
62              	3.04567749e+02
63              	3.04599912e+02
64              	3.04630840e+02
65              	3.04659796e+02
66              	3.04686596e+02
67              	3.04711211e+02
68              	3.04733524e+02
69              	3.04753740e+02
70              	3.04772341e+02
71              	3.04790209e+02
72              	3.04807610e+02
73              	3.04824843e+02
74              	3.04842367e+02
75              	3.04860402e+02
76              	3.04879311e+02
77              	3.04899036e+02
78              	3.04919800e+02
79              	3.04941310e+02
80              	3.04963262e+02
81              	3.04985258e+02
82              	3.05006604e+02
83              	3.05026237e+02
84              	3.05044368e+02
85              	3.05060849e+02
86              	3.05075387e+02
87              	3.05088966e+02
88              	3.05102295e+02
89              	3.05115609e+02
90              	3.05128729e+02
91              	3.05141896e+02
92              	3.05154898e+02
93              	3.05167373e+02
94              	3.05179116e+02
95              	3.05190401e+02
96              	3.05201410e+02
97              	3.05212323e+02
98              	3.05223591e+02
99              	3.05235334e+02
100             	3.05248018e+02
101             	3.05261526e+02
102             	3.05275397e+02
103             	3.05289764e+02
104             	3.05303432e+02
105             	3.05316093e+02
106             	3.05327689e+02
107             	3.05338586e+02
108             	3.05348540e+02
109             	3.05357911e+02
110             	3.05366769e+02
111             	3.05375471e+02
112             	3.05384169e+02
113             	3.05392673e+02
114             	3.05401055e+02
115             	3.05409275e+02
116             	3.05417248e+02
117             	3.05424862e+02
118             	3.05432169e+02
119             	3.05439255e+02
120             	3.05446244e+02
121             	3.05453083e+02
122             	3.05459785e+02
123             	3.05466372e+02
124             	3.05472841e+02
125             	3.05479175e+02
126             	3.05485423e+02
127             	3.05491763e+02
128             	3.05498025e+02
129             	3.05504346e+02
130             	3.05510763e+02
131             	3.05517238e+02
132             	3.05523690e+02
133             	3.05529963e+02
134             	3.05536021e+02
135             	3.05541855e+02
136             	3.05547465e+02
137             	3.05552912e+02
138             	3.05558215e+02
139             	3.05563452e+02
140             	3.05568595e+02
141             	3.05573682e+02
142             	3.05578947e+02
143             	3.05584534e+02
144             	3.05590252e+02
145             	3.05596050e+02
146             	3.05601843e+02
147             	3.05607581e+02
148             	3.05613187e+02
149             	3.05618618e+02
150             	3.05623926e+02
151             	3.05629121e+02
152             	3.05634114e+02
153             	3.05639168e+02
154             	3.05644022e+02
155             	3.05648924e+02
156             	3.05653769e+02
157             	3.05658607e+02
158             	3.05663631e+02
159             	3.05668711e+02
160             	3.05673762e+02
161             	3.05678510e+02
162             	3.05682888e+02
163             	3.05686944e+02
164             	3.05690558e+02
165             	3.05693629e+02
166             	3.05696298e+02
167             	3.05698873e+02
168             	3.05701387e+02
169             	3.05703845e+02
170             	3.05706416e+02
171             	3.05709034e+02
172             	3.05711499e+02
173             	3.05713818e+02
174             	3.05715770e+02
175             	3.05717457e+02
176             	3.05718931e+02
177             	3.05720329e+02
178             	3.05721743e+02
179             	3.05723274e+02
180             	3.05724956e+02
181             	3.05726828e+02
182             	3.05728824e+02
183             	3.05730776e+02
184             	3.05732702e+02
185             	3.05734590e+02
186             	3.05736493e+02
187             	3.05738448e+02
188             	3.05740422e+02
189             	3.05742463e+02
190             	3.05744577e+02
191             	3.05746705e+02
192             	3.05748829e+02
193             	3.05750887e+02
194             	3.05752924e+02
195             	3.05754918e+02
196             	3.05756880e+02
197             	3.05758811e+02
198             	3.05760737e+02
199             	3.05762597e+02
200             	3.05764470e+02
201             	3.05766422e+02
202             	3.05768412e+02
203             	3.05770637e+02
204             	3.05773051e+02
205             	3.05775620e+02
206             	3.05778310e+02
207             	3.05781080e+02
208             	3.05783892e+02
209             	3.05786743e+02
210             	3.05789529e+02
211             	3.05792007e+02
212             	3.05794296e+02
213             	3.05796442e+02
214             	3.05798484e+02
215             	3.05800386e+02
216             	3.05802142e+02
217             	3.05803758e+02
218             	3.05805281e+02
219             	3.05806742e+02
220             	3.05808159e+02
221             	3.05809555e+02
222             	3.05810958e+02
223             	3.05812303e+02
224             	3.05813630e+02
225             	3.05814929e+02
226             	3.05816184e+02
227             	3.05817353e+02
228             	3.05818408e+02
229             	3.05819402e+02
230             	3.05820347e+02
231             	3.05821219e+02
232             	3.05822080e+02
233             	3.05822945e+02
234             	3.05823810e+02
235             	3.05824816e+02
236             	3.05825908e+02
237             	3.05827119e+02
238             	3.05828459e+02
239             	3.05829908e+02
240             	3.05831438e+02
241             	3.05832893e+02
242             	3.05834239e+02
243             	3.05835467e+02
244             	3.05836575e+02
245             	3.05837564e+02
246             	3.05838402e+02
247             	3.05839089e+02
248             	3.05839668e+02
249             	3.05840174e+02
250             	3.05840643e+02
251             	3.05841098e+02
252             	3.05841554e+02
253             	3.05841987e+02
254             	3.05842449e+02
255             	3.05842894e+02
256             	3.05843351e+02
257             	3.05843845e+02
258             	3.05844484e+02
259             	3.05845061e+02
260             	3.05845640e+02
261             	3.05846366e+02
262             	3.05847264e+02
263             	3.05848326e+02
264             	3.05849515e+02
265             	3.05850822e+02
266             	3.05852239e+02
267             	3.05853729e+02
268             	3.05855196e+02
269             	3.05856595e+02
270             	3.05857888e+02
271             	3.05859077e+02
272             	3.05860170e+02
273             	3.05861207e+02
274             	3.05862163e+02
275             	3.05863105e+02
276             	3.05864074e+02
277             	3.05865027e+02
278             	3.05865974e+02
279             	3.05866834e+02
280             	3.05867634e+02
281             	3.05868420e+02
282             	3.05869176e+02
283             	3.05869848e+02
284             	3.05870477e+02
285             	3.05871182e+02
286             	3.05871839e+02
287             	3.05872524e+02
288             	3.05873321e+02
289             	3.05874186e+02
290             	3.05875083e+02
291             	3.05875987e+02
292             	3.05876917e+02
293             	3.05877803e+02
294             	3.05878639e+02
295             	3.05879329e+02
296             	3.05879820e+02
297             	3.05880158e+02
298             	3.05880356e+02
299             	3.05880425e+02
300             	3.05880384e+02
301             	3.05880267e+02
302             	3.05880108e+02
303             	3.05879945e+02
304             	3.05879807e+02
305             	3.05879734e+02
306             	3.05879712e+02
307             	3.05879677e+02
308             	3.05879645e+02
309             	3.05879650e+02
310             	3.05879683e+02
311             	3.05879770e+02
312             	3.05879943e+02
313             	3.05880197e+02
314             	3.05880532e+02
315             	3.05880995e+02
316             	3.05881593e+02
317             	3.05882302e+02
318             	3.05883067e+02
319             	3.05883813e+02
320             	3.05884497e+02
321             	3.05885112e+02
322             	3.05885610e+02
323             	3.05886002e+02
324             	3.05886355e+02
325             	3.05886641e+02
326             	3.05886904e+02
327             	3.05887185e+02
328             	3.05887520e+02
329             	3.05887899e+02
330             	3.05888295e+02
331             	3.05888688e+02
332             	3.05889061e+02
333             	3.05889429e+02
334             	3.05889744e+02
335             	3.05890027e+02
336             	3.05890334e+02
337             	3.05890748e+02
338             	3.05891232e+02
339             	3.05891780e+02
340             	3.05892472e+02
341             	3.05893258e+02
342             	3.05894060e+02
343             	3.05894885e+02
344             	3.05895687e+02
345             	3.05896449e+02
346             	3.05897176e+02
347             	3.05897811e+02
348             	3.05898394e+02
349             	3.05898961e+02
350             	3.05899468e+02
351             	3.05899915e+02
352             	3.05900284e+02
353             	3.05900593e+02
354             	3.05900855e+02
355             	3.05901045e+02
356             	3.05901152e+02
357             	3.05901193e+02
358             	3.05901164e+02
359             	3.05901076e+02
360             	3.05900967e+02
361             	3.05900905e+02
362             	3.05900921e+02
363             	3.05901035e+02
364             	3.05901261e+02
365             	3.05901613e+02
366             	3.05902002e+02
367             	3.05902431e+02
368             	3.05902855e+02
369             	3.05903259e+02
370             	3.05903578e+02
371             	3.05903849e+02
372             	3.05904076e+02
373             	3.05904235e+02
374             	3.05904329e+02
375             	3.05904355e+02
376             	3.05904340e+02
377             	3.05904299e+02
378             	3.05904184e+02
379             	3.05903999e+02
380             	3.05903750e+02
381             	3.05903501e+02
382             	3.05903369e+02
383             	3.05903288e+02
384             	3.05903306e+02
385             	3.05903462e+02
386             	3.05903767e+02
387             	3.05904130e+02
388             	3.05904583e+02
389             	3.05905100e+02
390             	3.05905629e+02
391             	3.05906142e+02
392             	3.05906632e+02
393             	3.05907116e+02
394             	3.05907557e+02
395             	3.05907993e+02
396             	3.05908427e+02
397             	3.05908850e+02
398             	3.05909260e+02
399             	3.05909650e+02
400             	3.05909995e+02
401             	3.05910264e+02
402             	3.05910488e+02
403             	3.05910662e+02
404             	3.05910784e+02
405             	3.05910856e+02
406             	3.05910891e+02
407             	3.05910907e+02
408             	3.05910924e+02
409             	3.05910941e+02
410             	3.05911003e+02
411             	3.05911092e+02
412             	3.05911234e+02
413             	3.05911438e+02
414             	3.05911685e+02
415             	3.05911971e+02
416             	3.05912262e+02
417             	3.05912536e+02
418             	3.05912775e+02
419             	3.05912981e+02
420             	3.05913161e+02
421             	3.05913307e+02
422             	3.05913419e+02
423             	3.05913500e+02
424             	3.05913548e+02
425             	3.05913570e+02
426             	3.05913583e+02
427             	3.05913606e+02
428             	3.05913634e+02
429             	3.05913646e+02
430             	3.05913642e+02
431             	3.05913620e+02
432             	3.05913576e+02
433             	3.05913502e+02
434             	3.05913407e+02
435             	3.05913290e+02
436             	3.05913148e+02
437             	3.05912987e+02
438             	3.05912817e+02
439             	3.05912664e+02
440             	3.05912543e+02
441             	3.05912454e+02
442             	3.05912408e+02
443             	3.05912405e+02
444             	3.05912441e+02
445             	3.05912517e+02
446             	3.05912635e+02
447             	3.05912780e+02
448             	3.05912926e+02
449             	3.05913072e+02
450             	3.05913225e+02
451             	3.05913375e+02
452             	3.05913523e+02
453             	3.05913651e+02
454             	3.05913777e+02
455             	3.05913903e+02
456             	3.05914030e+02
457             	3.05914162e+02
458             	3.05914309e+02
459             	3.05914465e+02
460             	3.05914646e+02
461             	3.05914850e+02
462             	3.05915067e+02
463             	3.05915289e+02
464             	3.05915514e+02
465             	3.05915732e+02
466             	3.05915943e+02
467             	3.05916147e+02
468             	3.05916350e+02
469             	3.05916544e+02
470             	3.05916723e+02
471             	3.05916895e+02
472             	3.05917065e+02
473             	3.05917223e+02
474             	3.05917367e+02
475             	3.05917492e+02
476             	3.05917617e+02
477             	3.05917740e+02
478             	3.05917849e+02
479             	3.05917939e+02
480             	3.05918008e+02
481             	3.05918059e+02
482             	3.05918083e+02
483             	3.05918082e+02
484             	3.05918069e+02
485             	3.05918044e+02
486             	3.05918010e+02
487             	3.05917964e+02
488             	3.05917911e+02
489             	3.05917855e+02
490             	3.05917796e+02
491             	3.05917737e+02
492             	3.05917673e+02
493             	3.05917609e+02
494             	3.05917538e+02
495             	3.05917458e+02
496             	3.05917369e+02
497             	3.05917273e+02
498             	3.05917173e+02
499             	3.05917068e+02
500             	3.05916962e+02
501             	3.05916863e+02
502             	3.05916762e+02
503             	3.05916671e+02
504             	3.05916593e+02
505             	3.05916533e+02
506             	3.05916479e+02
507             	3.05916436e+02
508             	3.05916401e+02
509             	3.05916372e+02
510             	3.05916349e+02
511             	3.05916332e+02
512             	3.05916322e+02
513             	3.05916317e+02
514             	3.05916320e+02
515             	3.05916329e+02
516             	3.05916355e+02
517             	3.05916397e+02
518             	3.05916459e+02
519             	3.05916545e+02
520             	3.05916649e+02
521             	3.05916775e+02
522             	3.05916907e+02
523             	3.05917042e+02
524             	3.05917175e+02
525             	3.05917301e+02
526             	3.05917425e+02
527             	3.05917540e+02
528             	3.05917646e+02
529             	3.05917747e+02
530             	3.05917853e+02
531             	3.05917963e+02
532             	3.05918073e+02
533             	3.05918193e+02
534             	3.05918319e+02
535             	3.05918435e+02
536             	3.05918547e+02
537             	3.05918651e+02
538             	3.05918747e+02
539             	3.05918833e+02
540             	3.05918911e+02
541             	3.05918979e+02
542             	3.05919038e+02
543             	3.05919090e+02
544             	3.05919138e+02
545             	3.05919183e+02
546             	3.05919229e+02
547             	3.05919273e+02
548             	3.05919313e+02
549             	3.05919349e+02
550             	3.05919381e+02
551             	3.05919406e+02
552             	3.05919425e+02
553             	3.05919436e+02
554             	3.05919438e+02
555             	3.05919432e+02
556             	3.05919417e+02
557             	3.05919395e+02
558             	3.05919367e+02
559             	3.05919336e+02
560             	3.05919304e+02
561             	3.05919272e+02
562             	3.05919241e+02
563             	3.05919212e+02
564             	3.05919184e+02
565             	3.05919159e+02
566             	3.05919137e+02
567             	3.05919119e+02
568             	3.05919104e+02
569             	3.05919090e+02
570             	3.05919077e+02
571             	3.05919068e+02
572             	3.05919062e+02
573             	3.05919060e+02
574             	3.05919063e+02
575             	3.05919070e+02
576             	3.05919086e+02
577             	3.05919112e+02
578             	3.05919142e+02
579             	3.05919178e+02
580             	3.05919215e+02
581             	3.05919254e+02
582             	3.05919297e+02
583             	3.05919340e+02
584             	3.05919383e+02
585             	3.05919432e+02
586             	3.05919482e+02
587             	3.05919535e+02
588             	3.05919592e+02
589             	3.05919655e+02
590             	3.05919721e+02
591             	3.05919792e+02
592             	3.05919865e+02
593             	3.05919940e+02
594             	3.05920015e+02
595             	3.05920087e+02
596             	3.05920153e+02
597             	3.05920217e+02
598             	3.05920276e+02
599             	3.05920331e+02
600             	3.05920383e+02
601             	3.05920436e+02
602             	3.05920486e+02
603             	3.05920534e+02
604             	3.05920580e+02
605             	3.05920623e+02
606             	3.05920663e+02
607             	3.05920700e+02
608             	3.05920729e+02
609             	3.05920752e+02
610             	3.05920767e+02
611             	3.05920773e+02
612             	3.05920771e+02
613             	3.05920760e+02
614             	3.05920748e+02
615             	3.05920737e+02
616             	3.05920727e+02
617             	3.05920718e+02
618             	3.05920712e+02
619             	3.05920707e+02
620             	3.05920690e+02
621             	3.05920664e+02
622             	3.05920629e+02
623             	3.05920585e+02
624             	3.05920538e+02
625             	3.05920488e+02
626             	3.05920438e+02
627             	3.05920390e+02
628             	3.05920349e+02
629             	3.05920309e+02
630             	3.05920271e+02
631             	3.05920234e+02
632             	3.05920197e+02
633             	3.05920160e+02
634             	3.05920127e+02
635             	3.05920106e+02
636             	3.05920093e+02
637             	3.05920086e+02
638             	3.05920093e+02
639             	3.05920114e+02
640             	3.05920145e+02
641             	3.05920183e+02
642             	3.05920226e+02
643             	3.05920273e+02
644             	3.05920320e+02
645             	3.05920368e+02
646             	3.05920417e+02
647             	3.05920469e+02
648             	3.05920523e+02
649             	3.05920581e+02
650             	3.05920643e+02
651             	3.05920708e+02
652             	3.05920774e+02
653             	3.05920838e+02
654             	3.05920899e+02
655             	3.05920960e+02
656             	3.05921018e+02
657             	3.05921074e+02
658             	3.05921126e+02
659             	3.05921179e+02
660             	3.05921232e+02
661             	3.05921286e+02
662             	3.05921337e+02
663             	3.05921382e+02
664             	3.05921424e+02
665             	3.05921458e+02
666             	3.05921484e+02
667             	3.05921500e+02
668             	3.05921513e+02
669             	3.05921527e+02
670             	3.05921541e+02
671             	3.05921555e+02
672             	3.05921565e+02
673             	3.05921572e+02
674             	3.05921574e+02
675             	3.05921571e+02
676             	3.05921561e+02
677             	3.05921549e+02
678             	3.05921537e+02
679             	3.05921524e+02
680             	3.05921512e+02
681             	3.05921502e+02
682             	3.05921492e+02
683             	3.05921480e+02
684             	3.05921460e+02
685             	3.05921436e+02
686             	3.05921409e+02
687             	3.05921377e+02
688             	3.05921339e+02
689             	3.05921299e+02
690             	3.05921260e+02
691             	3.05921219e+02
692             	3.05921180e+02
693             	3.05921146e+02
694             	3.05921115e+02
695             	3.05921088e+02
696             	3.05921065e+02
697             	3.05921051e+02
698             	3.05921046e+02
699             	3.05921048e+02
700             	3.05921056e+02
701             	3.05921071e+02
702             	3.05921093e+02
703             	3.05921118e+02
704             	3.05921149e+02
705             	3.05921185e+02
706             	3.05921222e+02
707             	3.05921261e+02
708             	3.05921301e+02
709             	3.05921339e+02
710             	3.05921374e+02
711             	3.05921405e+02
712             	3.05921434e+02
713             	3.05921460e+02
714             	3.05921483e+02
715             	3.05921503e+02
716             	3.05921519e+02
717             	3.05921534e+02
718             	3.05921548e+02
719             	3.05921565e+02
720             	3.05921586e+02
721             	3.05921612e+02
722             	3.05921640e+02
723             	3.05921668e+02
724             	3.05921697e+02
725             	3.05921726e+02
726             	3.05921753e+02
727             	3.05921778e+02
728             	3.05921802e+02
729             	3.05921824e+02
730             	3.05921843e+02
731             	3.05921863e+02
732             	3.05921881e+02
733             	3.05921898e+02
734             	3.05921912e+02
735             	3.05921925e+02
736             	3.05921937e+02
737             	3.05921945e+02
738             	3.05921949e+02
739             	3.05921952e+02
740             	3.05921953e+02
741             	3.05921956e+02
742             	3.05921957e+02
743             	3.05921956e+02
744             	3.05921952e+02
745             	3.05921947e+02
746             	3.05921941e+02
747             	3.05921933e+02
748             	3.05921923e+02
749             	3.05921911e+02
750             	3.05921898e+02
751             	3.05921885e+02
752             	3.05921871e+02
753             	3.05921854e+02
754             	3.05921838e+02
755             	3.05921821e+02
756             	3.05921804e+02
757             	3.05921788e+02
758             	3.05921775e+02
759             	3.05921764e+02
760             	3.05921753e+02
761             	3.05921743e+02
762             	3.05921735e+02
763             	3.05921728e+02
764             	3.05921722e+02
765             	3.05921715e+02
766             	3.05921708e+02
767             	3.05921703e+02
768             	3.05921697e+02
769             	3.05921697e+02
770             	3.05921701e+02
771             	3.05921708e+02
772             	3.05921721e+02
773             	3.05921737e+02
774             	3.05921756e+02
775             	3.05921778e+02
776             	3.05921801e+02
777             	3.05921823e+02
778             	3.05921844e+02
779             	3.05921865e+02
780             	3.05921885e+02
781             	3.05921905e+02
782             	3.05921923e+02
783             	3.05921941e+02
784             	3.05921959e+02
785             	3.05921977e+02
786             	3.05921994e+02
787             	3.05922011e+02
788             	3.05922029e+02
789             	3.05922047e+02
790             	3.05922065e+02
791             	3.05922081e+02
792             	3.05922096e+02
793             	3.05922109e+02
794             	3.05922120e+02
795             	3.05922128e+02
796             	3.05922132e+02
797             	3.05922135e+02
798             	3.05922138e+02
799             	3.05922140e+02
800             	3.05922141e+02
801             	3.05922143e+02
802             	3.05922143e+02
803             	3.05922142e+02
804             	3.05922140e+02
805             	3.05922136e+02
806             	3.05922130e+02
807             	3.05922123e+02
808             	3.05922115e+02
809             	3.05922106e+02
810             	3.05922096e+02
811             	3.05922087e+02
812             	3.05922076e+02
813             	3.05922064e+02
814             	3.05922052e+02
815             	3.05922038e+02
816             	3.05922023e+02
817             	3.05922006e+02
818             	3.05921990e+02
819             	3.05921972e+02
820             	3.05921954e+02
821             	3.05921936e+02
822             	3.05921917e+02
823             	3.05921898e+02
824             	3.05921883e+02
825             	3.05921872e+02
826             	3.05921866e+02
827             	3.05921864e+02
828             	3.05921865e+02
829             	3.05921871e+02
830             	3.05921878e+02
831             	3.05921887e+02
832             	3.05921897e+02
833             	3.05921907e+02
834             	3.05921918e+02
835             	3.05921929e+02
836             	3.05921940e+02
837             	3.05921951e+02
838             	3.05921963e+02
839             	3.05921976e+02
840             	3.05921990e+02
841             	3.05922007e+02
842             	3.05922024e+02
843             	3.05922044e+02
844             	3.05922065e+02
845             	3.05922086e+02
846             	3.05922105e+02
847             	3.05922123e+02
848             	3.05922139e+02
849             	3.05922154e+02
850             	3.05922167e+02
851             	3.05922179e+02
852             	3.05922192e+02
853             	3.05922205e+02
854             	3.05922217e+02
855             	3.05922229e+02
856             	3.05922239e+02
857             	3.05922249e+02
858             	3.05922257e+02
859             	3.05922263e+02
860             	3.05922265e+02
861             	3.05922265e+02
862             	3.05922265e+02
863             	3.05922263e+02
864             	3.05922260e+02
865             	3.05922257e+02
866             	3.05922253e+02
867             	3.05922249e+02
868             	3.05922245e+02
869             	3.05922241e+02
870             	3.05922237e+02
871             	3.05922233e+02
872             	3.05922228e+02
873             	3.05922224e+02
874             	3.05922219e+02
875             	3.05922212e+02
876             	3.05922204e+02
877             	3.05922196e+02
878             	3.05922187e+02
879             	3.05922177e+02
880             	3.05922167e+02
881             	3.05922156e+02
882             	3.05922144e+02
883             	3.05922133e+02
884             	3.05922121e+02
885             	3.05922110e+02
886             	3.05922101e+02
887             	3.05922092e+02
888             	3.05922085e+02
889             	3.05922078e+02
890             	3.05922072e+02
891             	3.05922066e+02
892             	3.05922061e+02
893             	3.05922057e+02
894             	3.05922053e+02
895             	3.05922051e+02
896             	3.05922050e+02
897             	3.05922052e+02
898             	3.05922055e+02
899             	3.05922059e+02
900             	3.05922067e+02
901             	3.05922076e+02
902             	3.05922085e+02
903             	3.05922094e+02
904             	3.05922103e+02
905             	3.05922111e+02
906             	3.05922118e+02
907             	3.05922126e+02
908             	3.05922132e+02
909             	3.05922139e+02
910             	3.05922145e+02
911             	3.05922151e+02
912             	3.05922156e+02
913             	3.05922165e+02
914             	3.05922175e+02
915             	3.05922188e+02
916             	3.05922203e+02
917             	3.05922222e+02
918             	3.05922238e+02
919             	3.05922255e+02
920             	3.05922269e+02
921             	3.05922280e+02
922             	3.05922287e+02
923             	3.05922291e+02
924             	3.05922292e+02
925             	3.05922290e+02
926             	3.05922287e+02
927             	3.05922283e+02
928             	3.05922277e+02
929             	3.05922271e+02
930             	3.05922266e+02
931             	3.05922259e+02
932             	3.05922252e+02
933             	3.05922245e+02
934             	3.05922238e+02
935             	3.05922229e+02
936             	3.05922220e+02
937             	3.05922211e+02
938             	3.05922203e+02
939             	3.05922196e+02
940             	3.05922190e+02
941             	3.05922184e+02
942             	3.05922181e+02
943             	3.05922178e+02
944             	3.05922176e+02
945             	3.05922174e+02
946             	3.05922173e+02
947             	3.05922173e+02
948             	3.05922173e+02
949             	3.05922175e+02
950             	3.05922177e+02
951             	3.05922180e+02
952             	3.05922184e+02
953             	3.05922189e+02
954             	3.05922195e+02
955             	3.05922203e+02
956             	3.05922212e+02
957             	3.05922222e+02
958             	3.05922233e+02
959             	3.05922244e+02
960             	3.05922257e+02
961             	3.05922271e+02
962             	3.05922285e+02
963             	3.05922301e+02
964             	3.05922318e+02
965             	3.05922334e+02
966             	3.05922350e+02
967             	3.05922366e+02
968             	3.05922381e+02
969             	3.05922395e+02
970             	3.05922407e+02
971             	3.05922419e+02
972             	3.05922429e+02
973             	3.05922437e+02
974             	3.05922444e+02
975             	3.05922450e+02
976             	3.05922455e+02
977             	3.05922459e+02
978             	3.05922463e+02
979             	3.05922466e+02
980             	3.05922469e+02
981             	3.05922471e+02
982             	3.05922472e+02
983             	3.05922474e+02
984             	3.05922474e+02
985             	3.05922475e+02
986             	3.05922475e+02
987             	3.05922474e+02
988             	3.05922473e+02
989             	3.05922471e+02
990             	3.05922467e+02
991             	3.05922462e+02
992             	3.05922456e+02
993             	3.05922448e+02
994             	3.05922439e+02
995             	3.05922431e+02
996             	3.05922421e+02
997             	3.05922411e+02
998             	3.05922401e+02
999             	3.05922392e+02
1000            	3.05922382e+02
1001            	3.05922373e+02
1002            	3.05922365e+02
1003            	3.05922358e+02
1004            	3.05922351e+02
1005            	3.05922345e+02
1006            	3.05922340e+02
1007            	3.05922336e+02
1008            	3.05922334e+02
1009            	3.05922333e+02
1010            	3.05922334e+02
1011            	3.05922334e+02
1012            	3.05922336e+02
1013            	3.05922338e+02
1014            	3.05922342e+02
1015            	3.05922346e+02
1016            	3.05922351e+02
1017            	3.05922357e+02
1018            	3.05922363e+02
1019            	3.05922371e+02
1020            	3.05922379e+02
1021            	3.05922387e+02
1022            	3.05922396e+02
1023            	3.05922405e+02
1024            	3.05922414e+02
1025            	3.05922423e+02
1026            	3.05922431e+02
1027            	3.05922440e+02
1028            	3.05922449e+02
1029            	3.05922458e+02
1030            	3.05922467e+02
1031            	3.05922477e+02
1032            	3.05922487e+02
1033            	3.05922496e+02
1034            	3.05922504e+02
1035            	3.05922513e+02
1036            	3.05922521e+02
1037            	3.05922527e+02
1038            	3.05922533e+02
1039            	3.05922538e+02
1040            	3.05922543e+02
1041            	3.05922547e+02
1042            	3.05922551e+02
1043            	3.05922555e+02
1044            	3.05922560e+02
1045            	3.05922563e+02
1046            	3.05922566e+02
1047            	3.05922569e+02
1048            	3.05922571e+02
1049            	3.05922572e+02
1050            	3.05922571e+02
1051            	3.05922569e+02
1052            	3.05922566e+02
1053            	3.05922561e+02
1054            	3.05922556e+02
1055            	3.05922549e+02
1056            	3.05922543e+02
1057            	3.05922535e+02
1058            	3.05922527e+02
1059            	3.05922518e+02
1060            	3.05922509e+02
1061            	3.05922498e+02
1062            	3.05922486e+02
1063            	3.05922473e+02
1064            	3.05922458e+02
1065            	3.05922444e+02
1066            	3.05922429e+02
1067            	3.05922413e+02
1068            	3.05922397e+02
1069            	3.05922384e+02
1070            	3.05922372e+02
1071            	3.05922361e+02
1072            	3.05922351e+02
1073            	3.05922344e+02
1074            	3.05922337e+02
1075            	3.05922332e+02
1076            	3.05922327e+02
1077            	3.05922323e+02
1078            	3.05922320e+02
1079            	3.05922317e+02
1080            	3.05922315e+02
1081            	3.05922315e+02
1082            	3.05922315e+02
1083            	3.05922317e+02
1084            	3.05922321e+02
1085            	3.05922326e+02
1086            	3.05922332e+02
1087            	3.05922338e+02
1088            	3.05922345e+02
1089            	3.05922353e+02
1090            	3.05922360e+02
1091            	3.05922368e+02
1092            	3.05922376e+02
1093            	3.05922384e+02
1094            	3.05922392e+02
1095            	3.05922401e+02
1096            	3.05922410e+02
1097            	3.05922419e+02
1098            	3.05922429e+02
1099            	3.05922438e+02
1100            	3.05922448e+02
1101            	3.05922457e+02
1102            	3.05922465e+02
1103            	3.05922472e+02
1104            	3.05922478e+02
1105            	3.05922482e+02
1106            	3.05922485e+02
1107            	3.05922488e+02
1108            	3.05922489e+02
1109            	3.05922489e+02
1110            	3.05922488e+02
1111            	3.05922487e+02
1112            	3.05922486e+02
1113            	3.05922484e+02
1114            	3.05922481e+02
1115            	3.05922479e+02
1116            	3.05922475e+02
1117            	3.05922472e+02
1118            	3.05922468e+02
1119            	3.05922465e+02
1120            	3.05922461e+02
1121            	3.05922457e+02
1122            	3.05922454e+02
1123            	3.05922449e+02
1124            	3.05922443e+02
1125            	3.05922436e+02
1126            	3.05922428e+02
1127            	3.05922419e+02
1128            	3.05922408e+02
1129            	3.05922396e+02
1130            	3.05922384e+02
1131            	3.05922372e+02
1132            	3.05922359e+02
1133            	3.05922348e+02
1134            	3.05922336e+02
1135            	3.05922326e+02
1136            	3.05922315e+02
1137            	3.05922307e+02
1138            	3.05922299e+02
1139            	3.05922293e+02
1140            	3.05922288e+02
1141            	3.05922285e+02
1142            	3.05922282e+02
1143            	3.05922281e+02
1144            	3.05922280e+02
1145            	3.05922280e+02
1146            	3.05922281e+02
1147            	3.05922282e+02
1148            	3.05922285e+02
1149            	3.05922289e+02
1150            	3.05922293e+02
1151            	3.05922298e+02
1152            	3.05922303e+02
1153            	3.05922309e+02
1154            	3.05922314e+02
1155            	3.05922317e+02
1156            	3.05922319e+02
1157            	3.05922320e+02
1158            	3.05922320e+02
1159            	3.05922321e+02
1160            	3.05922321e+02
1161            	3.05922322e+02
1162            	3.05922324e+02
1163            	3.05922326e+02
1164            	3.05922329e+02
1165            	3.05922333e+02
1166            	3.05922336e+02
1167            	3.05922339e+02
1168            	3.05922341e+02
1169            	3.05922342e+02
1170            	3.05922343e+02
1171            	3.05922343e+02
1172            	3.05922343e+02
1173            	3.05922343e+02
1174            	3.05922344e+02
1175            	3.05922345e+02
1176            	3.05922347e+02
1177            	3.05922348e+02
1178            	3.05922349e+02
1179            	3.05922350e+02
1180            	3.05922350e+02
1181            	3.05922350e+02
1182            	3.05922349e+02
1183            	3.05922348e+02
1184            	3.05922346e+02
1185            	3.05922345e+02
1186            	3.05922344e+02
1187            	3.05922343e+02
1188            	3.05922342e+02
1189            	3.05922340e+02
1190            	3.05922337e+02
1191            	3.05922334e+02
1192            	3.05922328e+02
1193            	3.05922323e+02
1194            	3.05922318e+02
1195            	3.05922312e+02
1196            	3.05922306e+02
1197            	3.05922301e+02
1198            	3.05922297e+02
1199            	3.05922293e+02
1200            	3.05922290e+02
1201            	3.05922288e+02
1202            	3.05922286e+02
1203            	3.05922285e+02
1204            	3.05922284e+02
1205            	3.05922282e+02
1206            	3.05922281e+02
1207            	3.05922278e+02
1208            	3.05922276e+02
1209            	3.05922273e+02
1210            	3.05922271e+02
1211            	3.05922268e+02
1212            	3.05922266e+02
1213            	3.05922264e+02
1214            	3.05922262e+02
1215            	3.05922260e+02
1216            	3.05922257e+02
1217            	3.05922255e+02
1218            	3.05922252e+02
1219            	3.05922250e+02
1220            	3.05922247e+02
1221            	3.05922244e+02
1222            	3.05922241e+02
1223            	3.05922239e+02
1224            	3.05922238e+02
1225            	3.05922238e+02
1226            	3.05922240e+02
1227            	3.05922243e+02
1228            	3.05922247e+02
1229            	3.05922251e+02
1230            	3.05922255e+02
1231            	3.05922259e+02
1232            	3.05922263e+02
1233            	3.05922267e+02
1234            	3.05922271e+02
1235            	3.05922276e+02
1236            	3.05922282e+02
1237            	3.05922288e+02
1238            	3.05922293e+02
1239            	3.05922299e+02
1240            	3.05922305e+02
1241            	3.05922311e+02
1242            	3.05922315e+02
1243            	3.05922317e+02
1244            	3.05922318e+02
1245            	3.05922318e+02
1246            	3.05922316e+02
1247            	3.05922313e+02
1248            	3.05922308e+02
1249            	3.05922303e+02
1250            	3.05922297e+02
1251            	3.05922290e+02
1252            	3.05922283e+02
1253            	3.05922277e+02
1254            	3.05922270e+02
1255            	3.05922264e+02
1256            	3.05922258e+02
1257            	3.05922253e+02
1258            	3.05922249e+02
1259            	3.05922244e+02
1260            	3.05922240e+02
1261            	3.05922238e+02
1262            	3.05922236e+02
1263            	3.05922235e+02
1264            	3.05922235e+02
1265            	3.05922237e+02
1266            	3.05922238e+02
1267            	3.05922241e+02
1268            	3.05922245e+02
1269            	3.05922248e+02
1270            	3.05922252e+02
1271            	3.05922257e+02
1272            	3.05922261e+02
1273            	3.05922264e+02
1274            	3.05922266e+02
1275            	3.05922267e+02
1276            	3.05922266e+02
1277            	3.05922265e+02
1278            	3.05922263e+02
1279            	3.05922261e+02
1280            	3.05922259e+02
1281            	3.05922257e+02
1282            	3.05922256e+02
1283            	3.05922255e+02
1284            	3.05922256e+02
1285            	3.05922257e+02
1286            	3.05922258e+02
1287            	3.05922260e+02
1288            	3.05922263e+02
1289            	3.05922266e+02
1290            	3.05922271e+02
1291            	3.05922275e+02
1292            	3.05922281e+02
1293            	3.05922287e+02
1294            	3.05922294e+02
1295            	3.05922301e+02
1296            	3.05922309e+02
1297            	3.05922316e+02
1298            	3.05922323e+02
1299            	3.05922330e+02
1300            	3.05922337e+02
1301            	3.05922343e+02
1302            	3.05922349e+02
1303            	3.05922355e+02
1304            	3.05922360e+02
1305            	3.05922364e+02
1306            	3.05922368e+02
1307            	3.05922371e+02
1308            	3.05922373e+02
1309            	3.05922375e+02
1310            	3.05922375e+02
1311            	3.05922375e+02
1312            	3.05922374e+02
1313            	3.05922372e+02
1314            	3.05922368e+02
1315            	3.05922364e+02
1316            	3.05922359e+02
1317            	3.05922354e+02
1318            	3.05922348e+02
1319            	3.05922341e+02
1320            	3.05922335e+02
1321            	3.05922329e+02
1322            	3.05922323e+02
1323            	3.05922319e+02
1324            	3.05922315e+02
1325            	3.05922313e+02
1326            	3.05922313e+02
1327            	3.05922313e+02
1328            	3.05922315e+02
1329            	3.05922318e+02
1330            	3.05922322e+02
1331            	3.05922327e+02
1332            	3.05922333e+02
1333            	3.05922339e+02
1334            	3.05922347e+02
1335            	3.05922355e+02
1336            	3.05922364e+02
1337            	3.05922373e+02
1338            	3.05922382e+02
1339            	3.05922391e+02
1340            	3.05922399e+02
1341            	3.05922407e+02
1342            	3.05922415e+02
1343            	3.05922422e+02
1344            	3.05922428e+02
1345            	3.05922434e+02
1346            	3.05922440e+02
1347            	3.05922445e+02
1348            	3.05922450e+02
1349            	3.05922455e+02
1350            	3.05922461e+02
1351            	3.05922465e+02
1352            	3.05922470e+02
1353            	3.05922474e+02
1354            	3.05922478e+02
1355            	3.05922481e+02
1356            	3.05922484e+02
1357            	3.05922486e+02
1358            	3.05922488e+02
1359            	3.05922490e+02
1360            	3.05922491e+02
1361            	3.05922492e+02
1362            	3.05922492e+02
1363            	3.05922491e+02
1364            	3.05922490e+02
1365            	3.05922489e+02
1366            	3.05922486e+02
1367            	3.05922483e+02
1368            	3.05922480e+02
1369            	3.05922476e+02
1370            	3.05922471e+02
1371            	3.05922466e+02
1372            	3.05922461e+02
1373            	3.05922455e+02
1374            	3.05922448e+02
1375            	3.05922442e+02
1376            	3.05922434e+02
1377            	3.05922426e+02
1378            	3.05922418e+02
1379            	3.05922410e+02
1380            	3.05922401e+02
1381            	3.05922393e+02
1382            	3.05922385e+02
1383            	3.05922378e+02
1384            	3.05922371e+02
1385            	3.05922365e+02
1386            	3.05922360e+02
1387            	3.05922356e+02
1388            	3.05922353e+02
1389            	3.05922350e+02
1390            	3.05922349e+02
1391            	3.05922347e+02
1392            	3.05922346e+02
1393            	3.05922346e+02
1394            	3.05922345e+02
1395            	3.05922344e+02
1396            	3.05922344e+02
1397            	3.05922345e+02
1398            	3.05922346e+02
1399            	3.05922348e+02
1400            	3.05922350e+02
1401            	3.05922354e+02
1402            	3.05922357e+02
1403            	3.05922361e+02
1404            	3.05922365e+02
1405            	3.05922369e+02
1406            	3.05922374e+02
1407            	3.05922378e+02
1408            	3.05922381e+02
1409            	3.05922385e+02
1410            	3.05922389e+02
1411            	3.05922393e+02
1412            	3.05922397e+02
1413            	3.05922401e+02
1414            	3.05922405e+02
1415            	3.05922410e+02
1416            	3.05922415e+02
1417            	3.05922420e+02
1418            	3.05922426e+02
1419            	3.05922432e+02
1420            	3.05922438e+02
1421            	3.05922443e+02
1422            	3.05922449e+02
1423            	3.05922455e+02
1424            	3.05922461e+02
1425            	3.05922466e+02
1426            	3.05922471e+02
1427            	3.05922476e+02
1428            	3.05922480e+02
1429            	3.05922483e+02
1430            	3.05922485e+02
1431            	3.05922487e+02
1432            	3.05922487e+02
1433            	3.05922487e+02
1434            	3.05922486e+02
1435            	3.05922484e+02
1436            	3.05922481e+02
1437            	3.05922478e+02
1438            	3.05922475e+02
1439            	3.05922471e+02
1440            	3.05922466e+02
1441            	3.05922461e+02
1442            	3.05922456e+02
1443            	3.05922451e+02
1444            	3.05922446e+02
1445            	3.05922440e+02
1446            	3.05922434e+02
1447            	3.05922429e+02
1448            	3.05922424e+02
1449            	3.05922419e+02
1450            	3.05922414e+02
1451            	3.05922411e+02
1452            	3.05922408e+02
1453            	3.05922406e+02
1454            	3.05922405e+02
1455            	3.05922404e+02
1456            	3.05922404e+02
1457            	3.05922404e+02
1458            	3.05922405e+02
1459            	3.05922406e+02
1460            	3.05922406e+02
1461            	3.05922406e+02
1462            	3.05922406e+02
1463            	3.05922406e+02
1464            	3.05922405e+02
1465            	3.05922404e+02
1466            	3.05922402e+02
1467            	3.05922400e+02
1468            	3.05922399e+02
1469            	3.05922397e+02
1470            	3.05922396e+02
1471            	3.05922394e+02
1472            	3.05922393e+02
1473            	3.05922392e+02
1474            	3.05922391e+02
1475            	3.05922389e+02
1476            	3.05922388e+02
1477            	3.05922386e+02
1478            	3.05922385e+02
1479            	3.05922383e+02
1480            	3.05922381e+02
1481            	3.05922379e+02
1482            	3.05922378e+02
1483            	3.05922377e+02
1484            	3.05922376e+02
1485            	3.05922375e+02
1486            	3.05922376e+02
1487            	3.05922376e+02
1488            	3.05922377e+02
1489            	3.05922379e+02
1490            	3.05922382e+02
1491            	3.05922385e+02
1492            	3.05922390e+02
1493            	3.05922395e+02
1494            	3.05922401e+02
1495            	3.05922407e+02
1496            	3.05922415e+02
1497            	3.05922422e+02
1498            	3.05922430e+02
1499            	3.05922438e+02
1500            	3.05922445e+02
1501            	3.05922452e+02
1502            	3.05922458e+02
1503            	3.05922463e+02
1504            	3.05922468e+02
1505            	3.05922472e+02
1506            	3.05922476e+02
1507            	3.05922479e+02
1508            	3.05922482e+02
1509            	3.05922485e+02
1510            	3.05922487e+02
1511            	3.05922490e+02
1512            	3.05922492e+02
1513            	3.05922494e+02
1514            	3.05922495e+02
1515            	3.05922496e+02
1516            	3.05922497e+02
1517            	3.05922498e+02
1518            	3.05922499e+02
1519            	3.05922501e+02
1520            	3.05922503e+02
1521            	3.05922505e+02
1522            	3.05922508e+02
1523            	3.05922511e+02
1524            	3.05922515e+02
1525            	3.05922519e+02
1526            	3.05922522e+02
1527            	3.05922525e+02
1528            	3.05922529e+02
1529            	3.05922532e+02
1530            	3.05922535e+02
1531            	3.05922539e+02
1532            	3.05922542e+02
1533            	3.05922546e+02
1534            	3.05922551e+02
1535            	3.05922556e+02
1536            	3.05922560e+02
1537            	3.05922565e+02
1538            	3.05922569e+02
1539            	3.05922574e+02
1540            	3.05922578e+02
1541            	3.05922582e+02
1542            	3.05922586e+02
1543            	3.05922589e+02
1544            	3.05922593e+02
1545            	3.05922596e+02
1546            	3.05922600e+02
1547            	3.05922604e+02
1548            	3.05922607e+02
1549            	3.05922610e+02
1550            	3.05922613e+02
1551            	3.05922615e+02
1552            	3.05922616e+02
1553            	3.05922617e+02
1554            	3.05922618e+02
1555            	3.05922618e+02
1556            	3.05922618e+02
1557            	3.05922619e+02
1558            	3.05922619e+02
1559            	3.05922619e+02
1560            	3.05922619e+02
1561            	3.05922618e+02
1562            	3.05922617e+02
1563            	3.05922617e+02
1564            	3.05922616e+02
1565            	3.05922615e+02
1566            	3.05922614e+02
1567            	3.05922614e+02
1568            	3.05922614e+02
1569            	3.05922614e+02
1570            	3.05922614e+02
1571            	3.05922615e+02
1572            	3.05922615e+02
1573            	3.05922615e+02
1574            	3.05922615e+02
1575            	3.05922615e+02
1576            	3.05922615e+02
1577            	3.05922614e+02
1578            	3.05922613e+02
1579            	3.05922613e+02
1580            	3.05922613e+02
1581            	3.05922612e+02
1582            	3.05922613e+02
1583            	3.05922613e+02
1584            	3.05922613e+02
1585            	3.05922613e+02
1586            	3.05922614e+02
1587            	3.05922614e+02
1588            	3.05922614e+02
1589            	3.05922615e+02
1590            	3.05922615e+02
1591            	3.05922616e+02
1592            	3.05922616e+02
1593            	3.05922617e+02
1594            	3.05922618e+02
1595            	3.05922619e+02
1596            	3.05922619e+02
1597            	3.05922619e+02
1598            	3.05922619e+02
1599            	3.05922618e+02
1600            	3.05922617e+02
1601            	3.05922615e+02
1602            	3.05922613e+02
1603            	3.05922612e+02
1604            	3.05922611e+02
1605            	3.05922610e+02
1606            	3.05922610e+02
1607            	3.05922611e+02
1608            	3.05922613e+02
1609            	3.05922614e+02
1610            	3.05922616e+02
1611            	3.05922617e+02
1612            	3.05922619e+02
1613            	3.05922621e+02
1614            	3.05922622e+02
1615            	3.05922623e+02
1616            	3.05922624e+02
1617            	3.05922625e+02
1618            	3.05922626e+02
1619            	3.05922627e+02
1620            	3.05922628e+02
1621            	3.05922630e+02
1622            	3.05922631e+02
1623            	3.05922632e+02
1624            	3.05922633e+02
1625            	3.05922635e+02
1626            	3.05922636e+02
1627            	3.05922637e+02
1628            	3.05922638e+02
1629            	3.05922638e+02
1630            	3.05922638e+02
1631            	3.05922638e+02
1632            	3.05922637e+02
1633            	3.05922635e+02
1634            	3.05922633e+02
1635            	3.05922631e+02
1636            	3.05922628e+02
1637            	3.05922626e+02
1638            	3.05922624e+02
1639            	3.05922623e+02
1640            	3.05922621e+02
1641            	3.05922619e+02
1642            	3.05922618e+02
1643            	3.05922617e+02
1644            	3.05922615e+02
1645            	3.05922614e+02
1646            	3.05922612e+02
1647            	3.05922611e+02
1648            	3.05922609e+02
1649            	3.05922608e+02
1650            	3.05922606e+02
1651            	3.05922605e+02
1652            	3.05922604e+02
1653            	3.05922603e+02
1654            	3.05922602e+02
1655            	3.05922602e+02
1656            	3.05922602e+02
1657            	3.05922601e+02
1658            	3.05922601e+02
1659            	3.05922601e+02
1660            	3.05922600e+02
1661            	3.05922600e+02
1662            	3.05922600e+02
1663            	3.05922600e+02
1664            	3.05922601e+02
1665            	3.05922604e+02
1666            	3.05922607e+02
1667            	3.05922610e+02
1668            	3.05922613e+02
1669            	3.05922617e+02
1670            	3.05922621e+02
1671            	3.05922623e+02
1672            	3.05922625e+02
1673            	3.05922627e+02
1674            	3.05922628e+02
1675            	3.05922628e+02
1676            	3.05922628e+02
1677            	3.05922627e+02
1678            	3.05922627e+02
1679            	3.05922626e+02
1680            	3.05922626e+02
1681            	3.05922627e+02
1682            	3.05922628e+02
1683            	3.05922629e+02
1684            	3.05922631e+02
1685            	3.05922633e+02
1686            	3.05922635e+02
1687            	3.05922637e+02
1688            	3.05922639e+02
1689            	3.05922641e+02
1690            	3.05922643e+02
1691            	3.05922644e+02
1692            	3.05922645e+02
1693            	3.05922646e+02
1694            	3.05922646e+02
1695            	3.05922646e+02
1696            	3.05922645e+02
1697            	3.05922643e+02
1698            	3.05922641e+02
1699            	3.05922638e+02
1700            	3.05922634e+02
1701            	3.05922629e+02
1702            	3.05922623e+02
1703            	3.05922617e+02
1704            	3.05922610e+02
1705            	3.05922602e+02
1706            	3.05922594e+02
1707            	3.05922586e+02
1708            	3.05922578e+02
1709            	3.05922571e+02
1710            	3.05922565e+02
1711            	3.05922559e+02
1712            	3.05922555e+02
1713            	3.05922551e+02
1714            	3.05922547e+02
1715            	3.05922544e+02
1716            	3.05922541e+02
1717            	3.05922537e+02
1718            	3.05922533e+02
1719            	3.05922528e+02
1720            	3.05922521e+02
1721            	3.05922513e+02
1722            	3.05922505e+02
1723            	3.05922495e+02
1724            	3.05922485e+02
1725            	3.05922474e+02
1726            	3.05922464e+02
1727            	3.05922455e+02
1728            	3.05922445e+02
1729            	3.05922438e+02
1730            	3.05922431e+02
1731            	3.05922424e+02
1732            	3.05922419e+02
1733            	3.05922414e+02
1734            	3.05922411e+02
1735            	3.05922407e+02
1736            	3.05922404e+02
1737            	3.05922401e+02
1738            	3.05922398e+02
1739            	3.05922397e+02
1740            	3.05922396e+02
1741            	3.05922396e+02
1742            	3.05922396e+02
1743            	3.05922396e+02
1744            	3.05922396e+02
1745            	3.05922397e+02
1746            	3.05922397e+02
1747            	3.05922397e+02
1748            	3.05922398e+02
1749            	3.05922398e+02
1750            	3.05922399e+02
1751            	3.05922399e+02
1752            	3.05922401e+02
1753            	3.05922402e+02
1754            	3.05922404e+02
1755            	3.05922406e+02
1756            	3.05922408e+02
1757            	3.05922411e+02
1758            	3.05922413e+02
1759            	3.05922415e+02
1760            	3.05922418e+02
1761            	3.05922421e+02
1762            	3.05922424e+02
1763            	3.05922427e+02
1764            	3.05922432e+02
1765            	3.05922436e+02
1766            	3.05922441e+02
1767            	3.05922445e+02
1768            	3.05922449e+02
1769            	3.05922453e+02
1770            	3.05922456e+02
1771            	3.05922458e+02
1772            	3.05922460e+02
1773            	3.05922461e+02
1774            	3.05922462e+02
1775            	3.05922463e+02
1776            	3.05922463e+02
1777            	3.05922465e+02
1778            	3.05922466e+02
1779            	3.05922467e+02
1780            	3.05922468e+02
1781            	3.05922470e+02
1782            	3.05922471e+02
1783            	3.05922473e+02
1784            	3.05922475e+02
1785            	3.05922477e+02
1786            	3.05922480e+02
1787            	3.05922483e+02
1788            	3.05922487e+02
1789            	3.05922491e+02
1790            	3.05922494e+02
1791            	3.05922498e+02
1792            	3.05922501e+02
1793            	3.05922504e+02
1794            	3.05922506e+02
1795            	3.05922508e+02
1796            	3.05922510e+02
1797            	3.05922513e+02
1798            	3.05922516e+02
1799            	3.05922519e+02
1800            	3.05922523e+02
1801            	3.05922529e+02
1802            	3.05922535e+02
1803            	3.05922542e+02
1804            	3.05922551e+02
1805            	3.05922559e+02
1806            	3.05922566e+02
1807            	3.05922571e+02
1808            	3.05922576e+02
1809            	3.05922579e+02
1810            	3.05922581e+02
1811            	3.05922583e+02
1812            	3.05922586e+02
1813            	3.05922588e+02
1814            	3.05922591e+02
1815            	3.05922594e+02
1816            	3.05922597e+02
1817            	3.05922599e+02
1818            	3.05922601e+02
1819            	3.05922602e+02
1820            	3.05922602e+02
1821            	3.05922602e+02
1822            	3.05922601e+02
1823            	3.05922599e+02
1824            	3.05922597e+02
1825            	3.05922593e+02
1826            	3.05922589e+02
1827            	3.05922584e+02
1828            	3.05922578e+02
1829            	3.05922572e+02
1830            	3.05922565e+02
1831            	3.05922558e+02
1832            	3.05922551e+02
1833            	3.05922543e+02
1834            	3.05922535e+02
1835            	3.05922526e+02
1836            	3.05922517e+02
1837            	3.05922508e+02
1838            	3.05922499e+02
1839            	3.05922490e+02
1840            	3.05922480e+02
1841            	3.05922471e+02
1842            	3.05922462e+02
1843            	3.05922453e+02
1844            	3.05922445e+02
1845            	3.05922437e+02
1846            	3.05922429e+02
1847            	3.05922420e+02
1848            	3.05922413e+02
1849            	3.05922405e+02
1850            	3.05922396e+02
1851            	3.05922388e+02
1852            	3.05922379e+02
1853            	3.05922371e+02
1854            	3.05922362e+02
1855            	3.05922353e+02
1856            	3.05922345e+02
1857            	3.05922337e+02
1858            	3.05922330e+02
1859            	3.05922323e+02
1860            	3.05922317e+02
1861            	3.05922311e+02
1862            	3.05922306e+02
1863            	3.05922301e+02
1864            	3.05922297e+02
1865            	3.05922293e+02
1866            	3.05922290e+02
1867            	3.05922288e+02
1868            	3.05922286e+02
1869            	3.05922285e+02
1870            	3.05922285e+02
1871            	3.05922285e+02
1872            	3.05922286e+02
1873            	3.05922286e+02
1874            	3.05922287e+02
1875            	3.05922288e+02
1876            	3.05922288e+02
1877            	3.05922288e+02
1878            	3.05922287e+02
1879            	3.05922285e+02
1880            	3.05922284e+02
1881            	3.05922282e+02
1882            	3.05922279e+02
1883            	3.05922277e+02
1884            	3.05922275e+02
1885            	3.05922273e+02
1886            	3.05922270e+02
1887            	3.05922269e+02
1888            	3.05922268e+02
1889            	3.05922267e+02
1890            	3.05922268e+02
1891            	3.05922268e+02
1892            	3.05922270e+02
1893            	3.05922272e+02
1894            	3.05922274e+02
1895            	3.05922277e+02
1896            	3.05922281e+02
1897            	3.05922285e+02
1898            	3.05922290e+02
1899            	3.05922295e+02
1900            	3.05922300e+02
1901            	3.05922306e+02
1902            	3.05922313e+02
1903            	3.05922321e+02
1904            	3.05922329e+02
1905            	3.05922338e+02
1906            	3.05922347e+02
1907            	3.05922356e+02
1908            	3.05922365e+02
1909            	3.05922375e+02
1910            	3.05922383e+02
1911            	3.05922392e+02
1912            	3.05922400e+02
1913            	3.05922407e+02
1914            	3.05922414e+02
1915            	3.05922421e+02
1916            	3.05922426e+02
1917            	3.05922432e+02
1918            	3.05922437e+02
1919            	3.05922442e+02
1920            	3.05922446e+02
1921            	3.05922450e+02
1922            	3.05922453e+02
1923            	3.05922455e+02
1924            	3.05922457e+02
1925            	3.05922459e+02
1926            	3.05922460e+02
1927            	3.05922461e+02
1928            	3.05922463e+02
1929            	3.05922465e+02
1930            	3.05922467e+02
1931            	3.05922470e+02
1932            	3.05922473e+02
1933            	3.05922476e+02
1934            	3.05922479e+02
1935            	3.05922482e+02
1936            	3.05922484e+02
1937            	3.05922486e+02
1938            	3.05922487e+02
1939            	3.05922488e+02
1940            	3.05922489e+02
1941            	3.05922489e+02
1942            	3.05922489e+02
1943            	3.05922489e+02
1944            	3.05922489e+02
1945            	3.05922489e+02
1946            	3.05922489e+02
1947            	3.05922488e+02
1948            	3.05922488e+02
1949            	3.05922488e+02
1950            	3.05922489e+02
1951            	3.05922490e+02
1952            	3.05922491e+02
1953            	3.05922492e+02
1954            	3.05922494e+02
1955            	3.05922496e+02
1956            	3.05922499e+02
1957            	3.05922501e+02
1958            	3.05922504e+02
1959            	3.05922506e+02
1960            	3.05922509e+02
1961            	3.05922513e+02
1962            	3.05922516e+02
1963            	3.05922520e+02
1964            	3.05922524e+02
1965            	3.05922528e+02
1966            	3.05922532e+02
1967            	3.05922536e+02
1968            	3.05922540e+02
1969            	3.05922544e+02
1970            	3.05922547e+02
1971            	3.05922550e+02
1972            	3.05922552e+02
1973            	3.05922555e+02
1974            	3.05922557e+02
1975            	3.05922560e+02
1976            	3.05922562e+02
1977            	3.05922566e+02
1978            	3.05922569e+02
1979            	3.05922573e+02
1980            	3.05922577e+02
1981            	3.05922580e+02
1982            	3.05922583e+02
1983            	3.05922586e+02
1984            	3.05922588e+02
1985            	3.05922589e+02
1986            	3.05922590e+02
1987            	3.05922590e+02
1988            	3.05922591e+02
1989            	3.05922591e+02
1990            	3.05922591e+02
1991            	3.05922591e+02
1992            	3.05922591e+02
1993            	3.05922591e+02
1994            	3.05922591e+02
1995            	3.05922591e+02
1996            	3.05922591e+02
1997            	3.05922591e+02
1998            	3.05922591e+02
1999            	3.05922590e+02
2000            	3.05922590e+02
