# Region        : cellZone component_3
# Cells         : 141
# Volume        : 2.83174582e-01
# Time          	volAverage(T)
1               	3.00557294e+02
2               	3.01106413e+02
3               	3.01623042e+02
4               	3.02117893e+02
5               	3.02598806e+02
6               	3.03069094e+02
7               	3.03531534e+02
8               	3.03989755e+02
9               	3.04443652e+02
10              	3.04893465e+02
11              	3.05338436e+02
12              	3.05780517e+02
13              	3.06217861e+02
14              	3.06649410e+02
15              	3.07075339e+02
16              	3.07492003e+02
17              	3.07910659e+02
18              	3.08318968e+02
19              	3.08726103e+02
20              	3.09126725e+02
21              	3.09520698e+02
22              	3.09907157e+02
23              	3.10285594e+02
24              	3.10655958e+02
25              	3.11017939e+02
26              	3.11374463e+02
27              	3.11724425e+02
28              	3.12070565e+02
29              	3.12415133e+02
30              	3.12763082e+02
31              	3.13107860e+02
32              	3.13439858e+02
33              	3.13776735e+02
34              	3.14107003e+02
35              	3.14430496e+02
36              	3.14746905e+02
37              	3.15055768e+02
38              	3.15355820e+02
39              	3.15646481e+02
40              	3.15929353e+02
41              	3.16204751e+02
42              	3.16473391e+02
43              	3.16736147e+02
44              	3.16995888e+02
45              	3.17257149e+02
46              	3.17521501e+02
47              	3.17788335e+02
48              	3.18052008e+02
49              	3.18306531e+02
50              	3.18552432e+02
51              	3.18789456e+02
52              	3.19022935e+02
53              	3.19252655e+02
54              	3.19474467e+02
55              	3.19685851e+02
56              	3.19891046e+02
57              	3.20091576e+02
58              	3.20289163e+02
59              	3.20487031e+02
60              	3.20685290e+02
61              	3.20885070e+02
62              	3.21090129e+02
63              	3.21299595e+02
64              	3.21495413e+02
65              	3.21683753e+02
66              	3.21862063e+02
67              	3.22030370e+02
68              	3.22186079e+02
69              	3.22330380e+02
70              	3.22464533e+02
71              	3.22591939e+02
72              	3.22714914e+02
73              	3.22841414e+02
74              	3.22972503e+02
75              	3.23108025e+02
76              	3.23248326e+02
77              	3.23389620e+02
78              	3.23529340e+02
79              	3.23662657e+02
80              	3.23790506e+02
81              	3.23912637e+02
82              	3.24028443e+02
83              	3.24133366e+02
84              	3.24227735e+02
85              	3.24314833e+02
86              	3.24394480e+02
87              	3.24470735e+02
88              	3.24547389e+02
89              	3.24628912e+02
90              	3.24717550e+02
91              	3.24813367e+02
92              	3.24914678e+02
93              	3.25016347e+02
94              	3.25116159e+02
95              	3.25210088e+02
96              	3.25297119e+02
97              	3.25375828e+02
98              	3.25446123e+02
99              	3.25509413e+02
100             	3.25567590e+02
101             	3.25622094e+02
102             	3.25675255e+02
103             	3.25726159e+02
104             	3.25775778e+02
105             	3.25821453e+02
106             	3.25863033e+02
107             	3.25901899e+02
108             	3.25941472e+02
109             	3.25981183e+02
110             	3.26024860e+02
111             	3.26073488e+02
112             	3.26127489e+02
113             	3.26183926e+02
114             	3.26236011e+02
115             	3.26286788e+02
116             	3.26332172e+02
117             	3.26369759e+02
118             	3.26398606e+02
119             	3.26420376e+02
120             	3.26437921e+02
121             	3.26455140e+02
122             	3.26473224e+02
123             	3.26495469e+02
124             	3.26523318e+02
125             	3.26556156e+02
126             	3.26591636e+02
127             	3.26628178e+02
128             	3.26665141e+02
129             	3.26702999e+02
130             	3.26738869e+02
131             	3.26770187e+02
132             	3.26798927e+02
133             	3.26823539e+02
134             	3.26843675e+02
135             	3.26859221e+02
136             	3.26869936e+02
137             	3.26877670e+02
138             	3.26883764e+02
139             	3.26891729e+02
140             	3.26897937e+02
141             	3.26910927e+02
142             	3.26929048e+02
143             	3.26951592e+02
144             	3.26977399e+02
145             	3.27004710e+02
146             	3.27029890e+02
147             	3.27052472e+02
148             	3.27071919e+02
149             	3.27086998e+02
150             	3.27097913e+02
151             	3.27105909e+02
152             	3.27111746e+02
153             	3.27117094e+02
154             	3.27122933e+02
155             	3.27125577e+02
156             	3.27128363e+02
157             	3.27131659e+02
158             	3.27135986e+02
159             	3.27141649e+02
160             	3.27149111e+02
161             	3.27158755e+02
162             	3.27171171e+02
163             	3.27183802e+02
164             	3.27199591e+02
165             	3.27212390e+02
166             	3.27226273e+02
167             	3.27237130e+02
168             	3.27243392e+02
169             	3.27244990e+02
170             	3.27242019e+02
171             	3.27236419e+02
172             	3.27232652e+02
173             	3.27226536e+02
174             	3.27224104e+02
175             	3.27227554e+02
176             	3.27235631e+02
177             	3.27246470e+02
178             	3.27257148e+02
179             	3.27268960e+02
180             	3.27280397e+02
181             	3.27290911e+02
182             	3.27297971e+02
183             	3.27302966e+02
184             	3.27305402e+02
185             	3.27305511e+02
186             	3.27304262e+02
187             	3.27302105e+02
188             	3.27299561e+02
189             	3.27297223e+02
190             	3.27295740e+02
191             	3.27295022e+02
192             	3.27295510e+02
193             	3.27299543e+02
194             	3.27304995e+02
195             	3.27312594e+02
196             	3.27321650e+02
197             	3.27331193e+02
198             	3.27338972e+02
199             	3.27346156e+02
200             	3.27350943e+02
201             	3.27353063e+02
202             	3.27353672e+02
203             	3.27353777e+02
204             	3.27353457e+02
205             	3.27354050e+02
206             	3.27355500e+02
207             	3.27358029e+02
208             	3.27359950e+02
209             	3.27362283e+02
210             	3.27363088e+02
211             	3.27363712e+02
212             	3.27363475e+02
213             	3.27363049e+02
214             	3.27362412e+02
215             	3.27363366e+02
216             	3.27365453e+02
217             	3.27368740e+02
218             	3.27373784e+02
219             	3.27380354e+02
220             	3.27387477e+02
221             	3.27393915e+02
222             	3.27399721e+02
223             	3.27404793e+02
224             	3.27408726e+02
225             	3.27410520e+02
226             	3.27411755e+02
227             	3.27411811e+02
228             	3.27411845e+02
229             	3.27412096e+02
230             	3.27412648e+02
231             	3.27412946e+02
232             	3.27413928e+02
233             	3.27414688e+02
234             	3.27415272e+02
235             	3.27415651e+02
236             	3.27416838e+02
237             	3.27417524e+02
238             	3.27418456e+02
239             	3.27420017e+02
240             	3.27422172e+02
241             	3.27424740e+02
242             	3.27427315e+02
243             	3.27430332e+02
244             	3.27433570e+02
245             	3.27437067e+02
246             	3.27440681e+02
247             	3.27444406e+02
248             	3.27447888e+02
249             	3.27451661e+02
250             	3.27454639e+02
251             	3.27457347e+02
252             	3.27459582e+02
253             	3.27461267e+02
254             	3.27462421e+02
255             	3.27463200e+02
256             	3.27463856e+02
257             	3.27464579e+02
258             	3.27465242e+02
259             	3.27466510e+02
260             	3.27467812e+02
261             	3.27469286e+02
262             	3.27471126e+02
263             	3.27473110e+02
264             	3.27475217e+02
265             	3.27477353e+02
266             	3.27479398e+02
267             	3.27481621e+02
268             	3.27483757e+02
269             	3.27486050e+02
270             	3.27488472e+02
271             	3.27490905e+02
272             	3.27493013e+02
273             	3.27495047e+02
274             	3.27496731e+02
275             	3.27497954e+02
276             	3.27498817e+02
277             	3.27499457e+02
278             	3.27499826e+02
279             	3.27500456e+02
280             	3.27501079e+02
281             	3.27501879e+02
282             	3.27503103e+02
283             	3.27504691e+02
284             	3.27506526e+02
285             	3.27508374e+02
286             	3.27510302e+02
287             	3.27512252e+02
288             	3.27514231e+02
289             	3.27516079e+02
290             	3.27517610e+02
291             	3.27519209e+02
292             	3.27520594e+02
293             	3.27521837e+02
294             	3.27522819e+02
295             	3.27523769e+02
296             	3.27524617e+02
297             	3.27525330e+02
298             	3.27525925e+02
299             	3.27526557e+02
300             	3.27527087e+02
301             	3.27527727e+02
302             	3.27528378e+02
303             	3.27529170e+02
304             	3.27530225e+02
305             	3.27531601e+02
306             	3.27533090e+02
307             	3.27534695e+02
308             	3.27536486e+02
309             	3.27538346e+02
310             	3.27540025e+02
311             	3.27541703e+02
312             	3.27543112e+02
313             	3.27544291e+02
314             	3.27545160e+02
315             	3.27545753e+02
316             	3.27546160e+02
317             	3.27546543e+02
318             	3.27546857e+02
319             	3.27547164e+02
320             	3.27547484e+02
321             	3.27547858e+02
322             	3.27548307e+02
323             	3.27549039e+02
324             	3.27549722e+02
325             	3.27550495e+02
326             	3.27551332e+02
327             	3.27552178e+02
328             	3.27553008e+02
329             	3.27553915e+02
330             	3.27555031e+02
331             	3.27556209e+02
332             	3.27557426e+02
333             	3.27558675e+02
334             	3.27560093e+02
335             	3.27561461e+02
336             	3.27562721e+02
337             	3.27563633e+02
338             	3.27564448e+02
339             	3.27565102e+02
340             	3.27565620e+02
341             	3.27565958e+02
342             	3.27566288e+02
343             	3.27566571e+02
344             	3.27567042e+02
345             	3.27567595e+02
346             	3.27568236e+02
347             	3.27569063e+02
348             	3.27569928e+02
349             	3.27570857e+02
350             	3.27571924e+02
351             	3.27572915e+02
352             	3.27573944e+02
353             	3.27575051e+02
354             	3.27576283e+02
355             	3.27577593e+02
356             	3.27578899e+02
357             	3.27580209e+02
358             	3.27581598e+02
359             	3.27582797e+02
360             	3.27583973e+02
361             	3.27585019e+02
362             	3.27585940e+02
363             	3.27586666e+02
364             	3.27587271e+02
365             	3.27587856e+02
366             	3.27588375e+02
367             	3.27588887e+02
368             	3.27589407e+02
369             	3.27589951e+02
370             	3.27590534e+02
371             	3.27591166e+02
372             	3.27591874e+02
373             	3.27592709e+02
374             	3.27593586e+02
375             	3.27594570e+02
376             	3.27595666e+02
377             	3.27596845e+02
378             	3.27598073e+02
379             	3.27599321e+02
380             	3.27600568e+02
381             	3.27601764e+02
382             	3.27602862e+02
383             	3.27603833e+02
384             	3.27604628e+02
385             	3.27605214e+02
386             	3.27605665e+02
387             	3.27605961e+02
388             	3.27606223e+02
389             	3.27606622e+02
390             	3.27606989e+02
391             	3.27607566e+02
392             	3.27608479e+02
393             	3.27609683e+02
394             	3.27611042e+02
395             	3.27612427e+02
396             	3.27613766e+02
397             	3.27614995e+02
398             	3.27616094e+02
399             	3.27617073e+02
400             	3.27617929e+02
401             	3.27618675e+02
402             	3.27619376e+02
403             	3.27620053e+02
404             	3.27620683e+02
405             	3.27621300e+02
406             	3.27621875e+02
407             	3.27622406e+02
408             	3.27622901e+02
409             	3.27623375e+02
410             	3.27623824e+02
411             	3.27624232e+02
412             	3.27624668e+02
413             	3.27625031e+02
414             	3.27625386e+02
415             	3.27625766e+02
416             	3.27626190e+02
417             	3.27626682e+02
418             	3.27627190e+02
419             	3.27627774e+02
420             	3.27628410e+02
421             	3.27629112e+02
422             	3.27629876e+02
423             	3.27630684e+02
424             	3.27631489e+02
425             	3.27632249e+02
426             	3.27633028e+02
427             	3.27633761e+02
428             	3.27634405e+02
429             	3.27634989e+02
430             	3.27635526e+02
431             	3.27635989e+02
432             	3.27636406e+02
433             	3.27636864e+02
434             	3.27637300e+02
435             	3.27637773e+02
436             	3.27638186e+02
437             	3.27638664e+02
438             	3.27639146e+02
439             	3.27639587e+02
440             	3.27639959e+02
441             	3.27640279e+02
442             	3.27640554e+02
443             	3.27640813e+02
444             	3.27641033e+02
445             	3.27641231e+02
446             	3.27641501e+02
447             	3.27641812e+02
448             	3.27642171e+02
449             	3.27642628e+02
450             	3.27643184e+02
451             	3.27643817e+02
452             	3.27644432e+02
453             	3.27645008e+02
454             	3.27645582e+02
455             	3.27646074e+02
456             	3.27646450e+02
457             	3.27646727e+02
458             	3.27646929e+02
459             	3.27647074e+02
460             	3.27647187e+02
461             	3.27647310e+02
462             	3.27647468e+02
463             	3.27647664e+02
464             	3.27647908e+02
465             	3.27648218e+02
466             	3.27648585e+02
467             	3.27648992e+02
468             	3.27649427e+02
469             	3.27649880e+02
470             	3.27650336e+02
471             	3.27650798e+02
472             	3.27651259e+02
473             	3.27651722e+02
474             	3.27652102e+02
475             	3.27652489e+02
476             	3.27652827e+02
477             	3.27653096e+02
478             	3.27653297e+02
479             	3.27653427e+02
480             	3.27653557e+02
481             	3.27653633e+02
482             	3.27653734e+02
483             	3.27653894e+02
484             	3.27654136e+02
485             	3.27654448e+02
486             	3.27654821e+02
487             	3.27655274e+02
488             	3.27655805e+02
489             	3.27656355e+02
490             	3.27656830e+02
491             	3.27657235e+02
492             	3.27657581e+02
493             	3.27657811e+02
494             	3.27657912e+02
495             	3.27657933e+02
496             	3.27657922e+02
497             	3.27657902e+02
498             	3.27657927e+02
499             	3.27658007e+02
500             	3.27658099e+02
501             	3.27658206e+02
502             	3.27658339e+02
503             	3.27658494e+02
504             	3.27658621e+02
505             	3.27658758e+02
506             	3.27658929e+02
507             	3.27659145e+02
508             	3.27659426e+02
509             	3.27659769e+02
510             	3.27660190e+02
511             	3.27660627e+02
512             	3.27661084e+02
513             	3.27661564e+02
514             	3.27661908e+02
515             	3.27662193e+02
516             	3.27662357e+02
517             	3.27662400e+02
518             	3.27662349e+02
519             	3.27662379e+02
520             	3.27662326e+02
521             	3.27662328e+02
522             	3.27662442e+02
523             	3.27662632e+02
524             	3.27662882e+02
525             	3.27663175e+02
526             	3.27663532e+02
527             	3.27663907e+02
528             	3.27664300e+02
529             	3.27664653e+02
530             	3.27665026e+02
531             	3.27665358e+02
532             	3.27665622e+02
533             	3.27665823e+02
534             	3.27665969e+02
535             	3.27666046e+02
536             	3.27666110e+02
537             	3.27666150e+02
538             	3.27666169e+02
539             	3.27666188e+02
540             	3.27666225e+02
541             	3.27666243e+02
542             	3.27666286e+02
543             	3.27666342e+02
544             	3.27666417e+02
545             	3.27666506e+02
546             	3.27666623e+02
547             	3.27666755e+02
548             	3.27666910e+02
549             	3.27667088e+02
550             	3.27667286e+02
551             	3.27667501e+02
552             	3.27667728e+02
553             	3.27667965e+02
554             	3.27668210e+02
555             	3.27668460e+02
556             	3.27668702e+02
557             	3.27668940e+02
558             	3.27669169e+02
559             	3.27669386e+02
560             	3.27669591e+02
561             	3.27669784e+02
562             	3.27669968e+02
563             	3.27670150e+02
564             	3.27670331e+02
565             	3.27670512e+02
566             	3.27670692e+02
567             	3.27670842e+02
568             	3.27670989e+02
569             	3.27671114e+02
570             	3.27671209e+02
571             	3.27671277e+02
572             	3.27671323e+02
573             	3.27671357e+02
574             	3.27671388e+02
575             	3.27671436e+02
576             	3.27671487e+02
577             	3.27671557e+02
578             	3.27671632e+02
579             	3.27671730e+02
580             	3.27671840e+02
581             	3.27671953e+02
582             	3.27672065e+02
583             	3.27672172e+02
584             	3.27672272e+02
585             	3.27672364e+02
586             	3.27672449e+02
587             	3.27672528e+02
588             	3.27672604e+02
589             	3.27672690e+02
590             	3.27672770e+02
591             	3.27672861e+02
592             	3.27672966e+02
593             	3.27673086e+02
594             	3.27673227e+02
595             	3.27673382e+02
596             	3.27673555e+02
597             	3.27673740e+02
598             	3.27673940e+02
599             	3.27674147e+02
600             	3.27674329e+02
601             	3.27674518e+02
602             	3.27674694e+02
603             	3.27674811e+02
604             	3.27674911e+02
605             	3.27674973e+02
606             	3.27674993e+02
607             	3.27674977e+02
608             	3.27674944e+02
609             	3.27674902e+02
610             	3.27674871e+02
611             	3.27674838e+02
612             	3.27674821e+02
613             	3.27674834e+02
614             	3.27674871e+02
615             	3.27674917e+02
616             	3.27674968e+02
617             	3.27675017e+02
618             	3.27675056e+02
619             	3.27675086e+02
620             	3.27675098e+02
621             	3.27675133e+02
622             	3.27675164e+02
623             	3.27675208e+02
624             	3.27675273e+02
625             	3.27675363e+02
626             	3.27675477e+02
627             	3.27675609e+02
628             	3.27675755e+02
629             	3.27675910e+02
630             	3.27676036e+02
631             	3.27676127e+02
632             	3.27676206e+02
633             	3.27676254e+02
634             	3.27676244e+02
635             	3.27676197e+02
636             	3.27676124e+02
637             	3.27676049e+02
638             	3.27675974e+02
639             	3.27675911e+02
640             	3.27675865e+02
641             	3.27675839e+02
642             	3.27675822e+02
643             	3.27675812e+02
644             	3.27675809e+02
645             	3.27675825e+02
646             	3.27675837e+02
647             	3.27675859e+02
648             	3.27675904e+02
649             	3.27675980e+02
650             	3.27676074e+02
651             	3.27676166e+02
652             	3.27676229e+02
653             	3.27676314e+02
654             	3.27676366e+02
655             	3.27676370e+02
656             	3.27676326e+02
657             	3.27676251e+02
658             	3.27676163e+02
659             	3.27676049e+02
660             	3.27675927e+02
661             	3.27675847e+02
662             	3.27675796e+02
663             	3.27675770e+02
664             	3.27675795e+02
665             	3.27675863e+02
666             	3.27675961e+02
667             	3.27676069e+02
668             	3.27676153e+02
669             	3.27676239e+02
670             	3.27676288e+02
671             	3.27676274e+02
672             	3.27676238e+02
673             	3.27676164e+02
674             	3.27676082e+02
675             	3.27676007e+02
676             	3.27675942e+02
677             	3.27675886e+02
678             	3.27675841e+02
679             	3.27675797e+02
680             	3.27675752e+02
681             	3.27675713e+02
682             	3.27675677e+02
683             	3.27675627e+02
684             	3.27675570e+02
685             	3.27675534e+02
686             	3.27675495e+02
687             	3.27675485e+02
688             	3.27675497e+02
689             	3.27675541e+02
690             	3.27675614e+02
691             	3.27675683e+02
692             	3.27675764e+02
693             	3.27675831e+02
694             	3.27675881e+02
695             	3.27675902e+02
696             	3.27675897e+02
697             	3.27675850e+02
698             	3.27675782e+02
699             	3.27675706e+02
700             	3.27675604e+02
701             	3.27675491e+02
702             	3.27675383e+02
703             	3.27675292e+02
704             	3.27675254e+02
705             	3.27675233e+02
706             	3.27675257e+02
707             	3.27675329e+02
708             	3.27675429e+02
709             	3.27675529e+02
710             	3.27675625e+02
711             	3.27675715e+02
712             	3.27675781e+02
713             	3.27675820e+02
714             	3.27675832e+02
715             	3.27675826e+02
716             	3.27675812e+02
717             	3.27675793e+02
718             	3.27675771e+02
719             	3.27675747e+02
720             	3.27675714e+02
721             	3.27675660e+02
722             	3.27675601e+02
723             	3.27675570e+02
724             	3.27675502e+02
725             	3.27675441e+02
726             	3.27675407e+02
727             	3.27675417e+02
728             	3.27675445e+02
729             	3.27675505e+02
730             	3.27675583e+02
731             	3.27675641e+02
732             	3.27675719e+02
733             	3.27675780e+02
734             	3.27675811e+02
735             	3.27675812e+02
736             	3.27675785e+02
737             	3.27675737e+02
738             	3.27675677e+02
739             	3.27675607e+02
740             	3.27675536e+02
741             	3.27675479e+02
742             	3.27675443e+02
743             	3.27675416e+02
744             	3.27675412e+02
745             	3.27675434e+02
746             	3.27675470e+02
747             	3.27675515e+02
748             	3.27675576e+02
749             	3.27675634e+02
750             	3.27675684e+02
751             	3.27675732e+02
752             	3.27675779e+02
753             	3.27675814e+02
754             	3.27675848e+02
755             	3.27675877e+02
756             	3.27675892e+02
757             	3.27675888e+02
758             	3.27675865e+02
759             	3.27675836e+02
760             	3.27675792e+02
761             	3.27675739e+02
762             	3.27675681e+02
763             	3.27675623e+02
764             	3.27675574e+02
765             	3.27675552e+02
766             	3.27675535e+02
767             	3.27675525e+02
768             	3.27675542e+02
769             	3.27675583e+02
770             	3.27675642e+02
771             	3.27675704e+02
772             	3.27675763e+02
773             	3.27675789e+02
774             	3.27675807e+02
775             	3.27675814e+02
776             	3.27675801e+02
777             	3.27675777e+02
778             	3.27675753e+02
779             	3.27675739e+02
780             	3.27675745e+02
781             	3.27675771e+02
782             	3.27675815e+02
783             	3.27675875e+02
784             	3.27675939e+02
785             	3.27676005e+02
786             	3.27676065e+02
787             	3.27676122e+02
788             	3.27676168e+02
789             	3.27676201e+02
790             	3.27676222e+02
791             	3.27676233e+02
792             	3.27676245e+02
793             	3.27676251e+02
794             	3.27676255e+02
795             	3.27676263e+02
796             	3.27676273e+02
797             	3.27676282e+02
798             	3.27676279e+02
799             	3.27676273e+02
800             	3.27676262e+02
801             	3.27676238e+02
802             	3.27676202e+02
803             	3.27676159e+02
804             	3.27676108e+02
805             	3.27676056e+02
806             	3.27676018e+02
807             	3.27675991e+02
808             	3.27675972e+02
809             	3.27675961e+02
810             	3.27675965e+02
811             	3.27675985e+02
812             	3.27676011e+02
813             	3.27676035e+02
814             	3.27676054e+02
815             	3.27676070e+02
816             	3.27676082e+02
817             	3.27676092e+02
818             	3.27676097e+02
819             	3.27676099e+02
820             	3.27676101e+02
821             	3.27676113e+02
822             	3.27676128e+02
823             	3.27676152e+02
824             	3.27676187e+02
825             	3.27676222e+02
826             	3.27676258e+02
827             	3.27676292e+02
828             	3.27676304e+02
829             	3.27676306e+02
830             	3.27676294e+02
831             	3.27676265e+02
832             	3.27676232e+02
833             	3.27676194e+02
834             	3.27676155e+02
835             	3.27676120e+02
836             	3.27676094e+02
837             	3.27676076e+02
838             	3.27676065e+02
839             	3.27676062e+02
840             	3.27676066e+02
841             	3.27676076e+02
842             	3.27676091e+02
843             	3.27676112e+02
844             	3.27676138e+02
845             	3.27676162e+02
846             	3.27676186e+02
847             	3.27676210e+02
848             	3.27676233e+02
849             	3.27676259e+02
850             	3.27676283e+02
851             	3.27676313e+02
852             	3.27676350e+02
853             	3.27676393e+02
854             	3.27676438e+02
855             	3.27676484e+02
856             	3.27676528e+02
857             	3.27676579e+02
858             	3.27676627e+02
859             	3.27676678e+02
860             	3.27676732e+02
861             	3.27676780e+02
862             	3.27676833e+02
863             	3.27676891e+02
864             	3.27676956e+02
865             	3.27677014e+02
866             	3.27677073e+02
867             	3.27677126e+02
868             	3.27677178e+02
869             	3.27677227e+02
870             	3.27677270e+02
871             	3.27677308e+02
872             	3.27677341e+02
873             	3.27677374e+02
874             	3.27677403e+02
875             	3.27677433e+02
876             	3.27677460e+02
877             	3.27677491e+02
878             	3.27677526e+02
879             	3.27677568e+02
880             	3.27677618e+02
881             	3.27677672e+02
882             	3.27677725e+02
883             	3.27677780e+02
884             	3.27677832e+02
885             	3.27677886e+02
886             	3.27677946e+02
887             	3.27678012e+02
888             	3.27678080e+02
889             	3.27678149e+02
890             	3.27678218e+02
891             	3.27678287e+02
892             	3.27678348e+02
893             	3.27678426e+02
894             	3.27678481e+02
895             	3.27678527e+02
896             	3.27678573e+02
897             	3.27678610e+02
898             	3.27678632e+02
899             	3.27678646e+02
900             	3.27678660e+02
901             	3.27678676e+02
902             	3.27678693e+02
903             	3.27678729e+02
904             	3.27678787e+02
905             	3.27678862e+02
906             	3.27678950e+02
907             	3.27679046e+02
908             	3.27679124e+02
909             	3.27679208e+02
910             	3.27679277e+02
911             	3.27679343e+02
912             	3.27679391e+02
913             	3.27679430e+02
914             	3.27679449e+02
915             	3.27679466e+02
916             	3.27679473e+02
917             	3.27679477e+02
918             	3.27679487e+02
919             	3.27679517e+02
920             	3.27679545e+02
921             	3.27679590e+02
922             	3.27679654e+02
923             	3.27679728e+02
924             	3.27679802e+02
925             	3.27679878e+02
926             	3.27679951e+02
927             	3.27680014e+02
928             	3.27680075e+02
929             	3.27680141e+02
930             	3.27680190e+02
931             	3.27680248e+02
932             	3.27680304e+02
933             	3.27680355e+02
934             	3.27680394e+02
935             	3.27680428e+02
936             	3.27680455e+02
937             	3.27680475e+02
938             	3.27680486e+02
939             	3.27680491e+02
940             	3.27680485e+02
941             	3.27680479e+02
942             	3.27680464e+02
943             	3.27680441e+02
944             	3.27680429e+02
945             	3.27680424e+02
946             	3.27680421e+02
947             	3.27680431e+02
948             	3.27680458e+02
949             	3.27680500e+02
950             	3.27680552e+02
951             	3.27680600e+02
952             	3.27680630e+02
953             	3.27680665e+02
954             	3.27680694e+02
955             	3.27680708e+02
956             	3.27680710e+02
957             	3.27680701e+02
958             	3.27680687e+02
959             	3.27680664e+02
960             	3.27680640e+02
961             	3.27680615e+02
962             	3.27680591e+02
963             	3.27680576e+02
964             	3.27680558e+02
965             	3.27680544e+02
966             	3.27680537e+02
967             	3.27680535e+02
968             	3.27680535e+02
969             	3.27680540e+02
970             	3.27680543e+02
971             	3.27680546e+02
972             	3.27680555e+02
973             	3.27680565e+02
974             	3.27680570e+02
975             	3.27680581e+02
976             	3.27680588e+02
977             	3.27680589e+02
978             	3.27680583e+02
979             	3.27680572e+02
980             	3.27680550e+02
981             	3.27680522e+02
982             	3.27680491e+02
983             	3.27680454e+02
984             	3.27680412e+02
985             	3.27680369e+02
986             	3.27680328e+02
987             	3.27680288e+02
988             	3.27680250e+02
989             	3.27680221e+02
990             	3.27680199e+02
991             	3.27680176e+02
992             	3.27680158e+02
993             	3.27680146e+02
994             	3.27680140e+02
995             	3.27680142e+02
996             	3.27680145e+02
997             	3.27680152e+02
998             	3.27680146e+02
999             	3.27680134e+02
1000            	3.27680121e+02
1001            	3.27680094e+02
1002            	3.27680049e+02
1003            	3.27679995e+02
1004            	3.27679937e+02
1005            	3.27679884e+02
1006            	3.27679840e+02
1007            	3.27679800e+02
1008            	3.27679772e+02
1009            	3.27679751e+02
1010            	3.27679739e+02
1011            	3.27679728e+02
1012            	3.27679719e+02
1013            	3.27679709e+02
1014            	3.27679696e+02
1015            	3.27679681e+02
1016            	3.27679666e+02
1017            	3.27679647e+02
1018            	3.27679637e+02
1019            	3.27679625e+02
1020            	3.27679603e+02
1021            	3.27679589e+02
1022            	3.27679570e+02
1023            	3.27679542e+02
1024            	3.27679508e+02
1025            	3.27679471e+02
1026            	3.27679435e+02
1027            	3.27679398e+02
1028            	3.27679351e+02
1029            	3.27679300e+02
1030            	3.27679258e+02
1031            	3.27679209e+02
1032            	3.27679160e+02
1033            	3.27679113e+02
1034            	3.27679068e+02
1035            	3.27679037e+02
1036            	3.27679007e+02
1037            	3.27678981e+02
1038            	3.27678959e+02
1039            	3.27678941e+02
1040            	3.27678927e+02
1041            	3.27678916e+02
1042            	3.27678908e+02
1043            	3.27678902e+02
1044            	3.27678893e+02
1045            	3.27678884e+02
1046            	3.27678876e+02
1047            	3.27678858e+02
1048            	3.27678839e+02
1049            	3.27678807e+02
1050            	3.27678779e+02
1051            	3.27678744e+02
1052            	3.27678700e+02
1053            	3.27678657e+02
1054            	3.27678615e+02
1055            	3.27678575e+02
1056            	3.27678548e+02
1057            	3.27678523e+02
1058            	3.27678495e+02
1059            	3.27678468e+02
1060            	3.27678446e+02
1061            	3.27678427e+02
1062            	3.27678406e+02
1063            	3.27678381e+02
1064            	3.27678355e+02
1065            	3.27678321e+02
1066            	3.27678285e+02
1067            	3.27678253e+02
1068            	3.27678215e+02
1069            	3.27678174e+02
1070            	3.27678136e+02
1071            	3.27678109e+02
1072            	3.27678088e+02
1073            	3.27678070e+02
1074            	3.27678056e+02
1075            	3.27678046e+02
1076            	3.27678043e+02
1077            	3.27678043e+02
1078            	3.27678040e+02
1079            	3.27678041e+02
1080            	3.27678041e+02
1081            	3.27678035e+02
1082            	3.27678024e+02
1083            	3.27678005e+02
1084            	3.27677982e+02
1085            	3.27677954e+02
1086            	3.27677923e+02
1087            	3.27677895e+02
1088            	3.27677864e+02
1089            	3.27677829e+02
1090            	3.27677797e+02
1091            	3.27677769e+02
1092            	3.27677744e+02
1093            	3.27677713e+02
1094            	3.27677685e+02
1095            	3.27677646e+02
1096            	3.27677598e+02
1097            	3.27677541e+02
1098            	3.27677479e+02
1099            	3.27677434e+02
1100            	3.27677395e+02
1101            	3.27677360e+02
1102            	3.27677333e+02
1103            	3.27677316e+02
1104            	3.27677306e+02
1105            	3.27677300e+02
1106            	3.27677297e+02
1107            	3.27677291e+02
1108            	3.27677277e+02
1109            	3.27677256e+02
1110            	3.27677226e+02
1111            	3.27677201e+02
1112            	3.27677175e+02
1113            	3.27677149e+02
1114            	3.27677127e+02
1115            	3.27677114e+02
1116            	3.27677109e+02
1117            	3.27677111e+02
1118            	3.27677113e+02
1119            	3.27677120e+02
1120            	3.27677127e+02
1121            	3.27677128e+02
1122            	3.27677127e+02
1123            	3.27677121e+02
1124            	3.27677110e+02
1125            	3.27677093e+02
1126            	3.27677072e+02
1127            	3.27677049e+02
1128            	3.27677031e+02
1129            	3.27677012e+02
1130            	3.27676993e+02
1131            	3.27676976e+02
1132            	3.27676961e+02
1133            	3.27676949e+02
1134            	3.27676938e+02
1135            	3.27676929e+02
1136            	3.27676920e+02
1137            	3.27676912e+02
1138            	3.27676906e+02
1139            	3.27676902e+02
1140            	3.27676899e+02
1141            	3.27676895e+02
1142            	3.27676888e+02
1143            	3.27676882e+02
1144            	3.27676873e+02
1145            	3.27676860e+02
1146            	3.27676846e+02
1147            	3.27676830e+02
1148            	3.27676813e+02
1149            	3.27676794e+02
1150            	3.27676774e+02
1151            	3.27676756e+02
1152            	3.27676740e+02
1153            	3.27676727e+02
1154            	3.27676714e+02
1155            	3.27676701e+02
1156            	3.27676690e+02
1157            	3.27676679e+02
1158            	3.27676671e+02
1159            	3.27676665e+02
1160            	3.27676660e+02
1161            	3.27676659e+02
1162            	3.27676659e+02
1163            	3.27676661e+02
1164            	3.27676665e+02
1165            	3.27676671e+02
1166            	3.27676672e+02
1167            	3.27676673e+02
1168            	3.27676674e+02
1169            	3.27676671e+02
1170            	3.27676666e+02
1171            	3.27676657e+02
1172            	3.27676644e+02
1173            	3.27676632e+02
1174            	3.27676617e+02
1175            	3.27676603e+02
1176            	3.27676589e+02
1177            	3.27676575e+02
1178            	3.27676560e+02
1179            	3.27676547e+02
1180            	3.27676533e+02
1181            	3.27676519e+02
1182            	3.27676506e+02
1183            	3.27676492e+02
1184            	3.27676479e+02
1185            	3.27676465e+02
1186            	3.27676449e+02
1187            	3.27676431e+02
1188            	3.27676411e+02
1189            	3.27676390e+02
1190            	3.27676368e+02
1191            	3.27676344e+02
1192            	3.27676344e+02
1193            	3.27676321e+02
1194            	3.27676298e+02
1195            	3.27676276e+02
1196            	3.27676252e+02
1197            	3.27676229e+02
1198            	3.27676229e+02
1199            	3.27676209e+02
1200            	3.27676189e+02
1201            	3.27676170e+02
1202            	3.27676170e+02
1203            	3.27676152e+02
1204            	3.27676152e+02
1205            	3.27676133e+02
1206            	3.27676133e+02
1207            	3.27676133e+02
1208            	3.27676112e+02
1209            	3.27676088e+02
1210            	3.27676088e+02
1211            	3.27676088e+02
1212            	3.27676062e+02
1213            	3.27676062e+02
1214            	3.27676037e+02
1215            	3.27676037e+02
1216            	3.27676012e+02
1217            	3.27675988e+02
1218            	3.27675966e+02
1219            	3.27675939e+02
1220            	3.27675912e+02
1221            	3.27675881e+02
1222            	3.27675849e+02
1223            	3.27675818e+02
1224            	3.27675786e+02
1225            	3.27675755e+02
1226            	3.27675725e+02
1227            	3.27675696e+02
1228            	3.27675668e+02
1229            	3.27675645e+02
1230            	3.27675633e+02
1231            	3.27675620e+02
1232            	3.27675612e+02
1233            	3.27675609e+02
1234            	3.27675613e+02
1235            	3.27675618e+02
1236            	3.27675623e+02
1237            	3.27675632e+02
1238            	3.27675644e+02
1239            	3.27675655e+02
1240            	3.27675666e+02
1241            	3.27675678e+02
1242            	3.27675688e+02
1243            	3.27675696e+02
1244            	3.27675705e+02
1245            	3.27675710e+02
1246            	3.27675716e+02
1247            	3.27675722e+02
1248            	3.27675729e+02
1249            	3.27675733e+02
1250            	3.27675739e+02
1251            	3.27675745e+02
1252            	3.27675749e+02
1253            	3.27675751e+02
1254            	3.27675751e+02
1255            	3.27675751e+02
1256            	3.27675746e+02
1257            	3.27675740e+02
1258            	3.27675730e+02
1259            	3.27675714e+02
1260            	3.27675693e+02
1261            	3.27675671e+02
1262            	3.27675649e+02
1263            	3.27675625e+02
1264            	3.27675598e+02
1265            	3.27675580e+02
1266            	3.27675563e+02
1267            	3.27675547e+02
1268            	3.27675535e+02
1269            	3.27675522e+02
1270            	3.27675514e+02
1271            	3.27675505e+02
1272            	3.27675494e+02
1273            	3.27675481e+02
1274            	3.27675468e+02
1275            	3.27675455e+02
1276            	3.27675441e+02
1277            	3.27675429e+02
1278            	3.27675420e+02
1279            	3.27675411e+02
1280            	3.27675403e+02
1281            	3.27675395e+02
1282            	3.27675395e+02
1283            	3.27675395e+02
1284            	3.27675398e+02
1285            	3.27675407e+02
1286            	3.27675419e+02
1287            	3.27675435e+02
1288            	3.27675453e+02
1289            	3.27675464e+02
1290            	3.27675476e+02
1291            	3.27675488e+02
1292            	3.27675499e+02
1293            	3.27675508e+02
1294            	3.27675514e+02
1295            	3.27675520e+02
1296            	3.27675528e+02
1297            	3.27675534e+02
1298            	3.27675541e+02
1299            	3.27675540e+02
1300            	3.27675543e+02
1301            	3.27675540e+02
1302            	3.27675536e+02
1303            	3.27675530e+02
1304            	3.27675525e+02
1305            	3.27675515e+02
1306            	3.27675505e+02
1307            	3.27675493e+02
1308            	3.27675481e+02
1309            	3.27675469e+02
1310            	3.27675452e+02
1311            	3.27675435e+02
1312            	3.27675417e+02
1313            	3.27675395e+02
1314            	3.27675369e+02
1315            	3.27675343e+02
1316            	3.27675320e+02
1317            	3.27675300e+02
1318            	3.27675286e+02
1319            	3.27675277e+02
1320            	3.27675273e+02
1321            	3.27675276e+02
1322            	3.27675284e+02
1323            	3.27675288e+02
1324            	3.27675295e+02
1325            	3.27675298e+02
1326            	3.27675295e+02
1327            	3.27675286e+02
1328            	3.27675274e+02
1329            	3.27675262e+02
1330            	3.27675246e+02
1331            	3.27675228e+02
1332            	3.27675212e+02
1333            	3.27675198e+02
1334            	3.27675187e+02
1335            	3.27675179e+02
1336            	3.27675175e+02
1337            	3.27675176e+02
1338            	3.27675180e+02
1339            	3.27675188e+02
1340            	3.27675189e+02
1341            	3.27675193e+02
1342            	3.27675195e+02
1343            	3.27675192e+02
1344            	3.27675183e+02
1345            	3.27675172e+02
1346            	3.27675157e+02
1347            	3.27675144e+02
1348            	3.27675130e+02
1349            	3.27675114e+02
1350            	3.27675101e+02
1351            	3.27675087e+02
1352            	3.27675076e+02
1353            	3.27675064e+02
1354            	3.27675053e+02
1355            	3.27675043e+02
1356            	3.27675034e+02
1357            	3.27675026e+02
1358            	3.27675019e+02
1359            	3.27675012e+02
1360            	3.27675005e+02
1361            	3.27674998e+02
1362            	3.27674990e+02
1363            	3.27674984e+02
1364            	3.27674978e+02
1365            	3.27674971e+02
1366            	3.27674964e+02
1367            	3.27674957e+02
1368            	3.27674948e+02
1369            	3.27674940e+02
1370            	3.27674929e+02
1371            	3.27674923e+02
1372            	3.27674916e+02
1373            	3.27674909e+02
1374            	3.27674906e+02
1375            	3.27674906e+02
1376            	3.27674908e+02
1377            	3.27674913e+02
1378            	3.27674921e+02
1379            	3.27674933e+02
1380            	3.27674947e+02
1381            	3.27674965e+02
1382            	3.27674984e+02
1383            	3.27675003e+02
1384            	3.27675023e+02
1385            	3.27675044e+02
1386            	3.27675059e+02
1387            	3.27675075e+02
1388            	3.27675093e+02
1389            	3.27675108e+02
1390            	3.27675123e+02
1391            	3.27675136e+02
1392            	3.27675149e+02
1393            	3.27675160e+02
1394            	3.27675169e+02
1395            	3.27675177e+02
1396            	3.27675182e+02
1397            	3.27675186e+02
1398            	3.27675187e+02
1399            	3.27675189e+02
1400            	3.27675193e+02
1401            	3.27675196e+02
1402            	3.27675202e+02
1403            	3.27675213e+02
1404            	3.27675225e+02
1405            	3.27675240e+02
1406            	3.27675252e+02
1407            	3.27675265e+02
1408            	3.27675278e+02
1409            	3.27675287e+02
1410            	3.27675292e+02
1411            	3.27675294e+02
1412            	3.27675292e+02
1413            	3.27675287e+02
1414            	3.27675278e+02
1415            	3.27675266e+02
1416            	3.27675254e+02
1417            	3.27675240e+02
1418            	3.27675227e+02
1419            	3.27675217e+02
1420            	3.27675209e+02
1421            	3.27675202e+02
1422            	3.27675198e+02
1423            	3.27675195e+02
1424            	3.27675196e+02
1425            	3.27675199e+02
1426            	3.27675204e+02
1427            	3.27675212e+02
1428            	3.27675221e+02
1429            	3.27675233e+02
1430            	3.27675247e+02
1431            	3.27675262e+02
1432            	3.27675276e+02
1433            	3.27675293e+02
1434            	3.27675311e+02
1435            	3.27675327e+02
1436            	3.27675343e+02
1437            	3.27675361e+02
1438            	3.27675377e+02
1439            	3.27675392e+02
1440            	3.27675408e+02
1441            	3.27675425e+02
1442            	3.27675445e+02
1443            	3.27675464e+02
1444            	3.27675487e+02
1445            	3.27675513e+02
1446            	3.27675537e+02
1447            	3.27675565e+02
1448            	3.27675596e+02
1449            	3.27675628e+02
1450            	3.27675660e+02
1451            	3.27675693e+02
1452            	3.27675726e+02
1453            	3.27675755e+02
1454            	3.27675785e+02
1455            	3.27675816e+02
1456            	3.27675847e+02
1457            	3.27675879e+02
1458            	3.27675909e+02
1459            	3.27675941e+02
1460            	3.27675973e+02
1461            	3.27676006e+02
1462            	3.27676039e+02
1463            	3.27676073e+02
1464            	3.27676106e+02
1465            	3.27676141e+02
1466            	3.27676177e+02
1467            	3.27676213e+02
1468            	3.27676251e+02
1469            	3.27676289e+02
1470            	3.27676328e+02
1471            	3.27676368e+02
1472            	3.27676407e+02
1473            	3.27676446e+02
1474            	3.27676485e+02
1475            	3.27676523e+02
1476            	3.27676561e+02
1477            	3.27676598e+02
1478            	3.27676635e+02
1479            	3.27676672e+02
1480            	3.27676707e+02
1481            	3.27676742e+02
1482            	3.27676777e+02
1483            	3.27676811e+02
1484            	3.27676845e+02
1485            	3.27676878e+02
1486            	3.27676909e+02
1487            	3.27676941e+02
1488            	3.27676972e+02
1489            	3.27677003e+02
1490            	3.27677034e+02
1491            	3.27677064e+02
1492            	3.27677095e+02
1493            	3.27677125e+02
1494            	3.27677156e+02
1495            	3.27677186e+02
1496            	3.27677215e+02
1497            	3.27677245e+02
1498            	3.27677274e+02
1499            	3.27677303e+02
1500            	3.27677332e+02
1501            	3.27677360e+02
1502            	3.27677387e+02
1503            	3.27677413e+02
1504            	3.27677439e+02
1505            	3.27677464e+02
1506            	3.27677490e+02
1507            	3.27677515e+02
1508            	3.27677540e+02
1509            	3.27677565e+02
1510            	3.27677589e+02
1511            	3.27677613e+02
1512            	3.27677636e+02
1513            	3.27677659e+02
1514            	3.27677681e+02
1515            	3.27677702e+02
1516            	3.27677722e+02
1517            	3.27677741e+02
1518            	3.27677759e+02
1519            	3.27677776e+02
1520            	3.27677792e+02
1521            	3.27677806e+02
1522            	3.27677820e+02
1523            	3.27677831e+02
1524            	3.27677841e+02
1525            	3.27677849e+02
1526            	3.27677856e+02
1527            	3.27677860e+02
1528            	3.27677862e+02
1529            	3.27677862e+02
1530            	3.27677859e+02
1531            	3.27677853e+02
1532            	3.27677846e+02
1533            	3.27677835e+02
1534            	3.27677822e+02
1535            	3.27677807e+02
1536            	3.27677793e+02
1537            	3.27677778e+02
1538            	3.27677759e+02
1539            	3.27677739e+02
1540            	3.27677718e+02
1541            	3.27677697e+02
1542            	3.27677675e+02
1543            	3.27677650e+02
1544            	3.27677623e+02
1545            	3.27677590e+02
1546            	3.27677551e+02
1547            	3.27677506e+02
1548            	3.27677457e+02
1549            	3.27677404e+02
1550            	3.27677346e+02
1551            	3.27677287e+02
1552            	3.27677225e+02
1553            	3.27677159e+02
1554            	3.27677089e+02
1555            	3.27677045e+02
1556            	3.27676995e+02
1557            	3.27676944e+02
1558            	3.27676895e+02
1559            	3.27676851e+02
1560            	3.27676817e+02
1561            	3.27676781e+02
1562            	3.27676749e+02
1563            	3.27676715e+02
1564            	3.27676674e+02
1565            	3.27676632e+02
1566            	3.27676580e+02
1567            	3.27676521e+02
1568            	3.27676456e+02
1569            	3.27676386e+02
1570            	3.27676316e+02
1571            	3.27676243e+02
1572            	3.27676175e+02
1573            	3.27676114e+02
1574            	3.27676053e+02
1575            	3.27675999e+02
1576            	3.27675945e+02
1577            	3.27675894e+02
1578            	3.27675844e+02
1579            	3.27675794e+02
1580            	3.27675737e+02
1581            	3.27675674e+02
1582            	3.27675602e+02
1583            	3.27675533e+02
1584            	3.27675456e+02
1585            	3.27675374e+02
1586            	3.27675293e+02
1587            	3.27675211e+02
1588            	3.27675132e+02
1589            	3.27675055e+02
1590            	3.27674975e+02
1591            	3.27674896e+02
1592            	3.27674818e+02
1593            	3.27674739e+02
1594            	3.27674660e+02
1595            	3.27674580e+02
1596            	3.27674500e+02
1597            	3.27674420e+02
1598            	3.27674338e+02
1599            	3.27674257e+02
1600            	3.27674175e+02
1601            	3.27674093e+02
1602            	3.27674011e+02
1603            	3.27673935e+02
1604            	3.27673863e+02
1605            	3.27673789e+02
1606            	3.27673715e+02
1607            	3.27673643e+02
1608            	3.27673574e+02
1609            	3.27673508e+02
1610            	3.27673445e+02
1611            	3.27673385e+02
1612            	3.27673327e+02
1613            	3.27673274e+02
1614            	3.27673222e+02
1615            	3.27673171e+02
1616            	3.27673123e+02
1617            	3.27673078e+02
1618            	3.27673036e+02
1619            	3.27672996e+02
1620            	3.27672957e+02
1621            	3.27672921e+02
1622            	3.27672887e+02
1623            	3.27672856e+02
1624            	3.27672828e+02
1625            	3.27672802e+02
1626            	3.27672779e+02
1627            	3.27672758e+02
1628            	3.27672741e+02
1629            	3.27672726e+02
1630            	3.27672714e+02
1631            	3.27672703e+02
1632            	3.27672696e+02
1633            	3.27672691e+02
1634            	3.27672689e+02
1635            	3.27672689e+02
1636            	3.27672694e+02
1637            	3.27672700e+02
1638            	3.27672710e+02
1639            	3.27672725e+02
1640            	3.27672742e+02
1641            	3.27672763e+02
1642            	3.27672785e+02
1643            	3.27672808e+02
1644            	3.27672826e+02
1645            	3.27672847e+02
1646            	3.27672870e+02
1647            	3.27672893e+02
1648            	3.27672917e+02
1649            	3.27672941e+02
1650            	3.27672967e+02
1651            	3.27672994e+02
1652            	3.27673023e+02
1653            	3.27673056e+02
1654            	3.27673092e+02
1655            	3.27673133e+02
1656            	3.27673177e+02
1657            	3.27673223e+02
1658            	3.27673267e+02
1659            	3.27673312e+02
1660            	3.27673364e+02
1661            	3.27673419e+02
1662            	3.27673476e+02
1663            	3.27673532e+02
1664            	3.27673591e+02
1665            	3.27673651e+02
1666            	3.27673696e+02
1667            	3.27673740e+02
1668            	3.27673790e+02
1669            	3.27673842e+02
1670            	3.27673892e+02
1671            	3.27673938e+02
1672            	3.27673986e+02
1673            	3.27674029e+02
1674            	3.27674072e+02
1675            	3.27674106e+02
1676            	3.27674145e+02
1677            	3.27674177e+02
1678            	3.27674216e+02
1679            	3.27674255e+02
1680            	3.27674305e+02
1681            	3.27674369e+02
1682            	3.27674442e+02
1683            	3.27674521e+02
1684            	3.27674595e+02
1685            	3.27674669e+02
1686            	3.27674744e+02
1687            	3.27674812e+02
1688            	3.27674880e+02
1689            	3.27674947e+02
1690            	3.27675006e+02
1691            	3.27675058e+02
1692            	3.27675098e+02
1693            	3.27675132e+02
1694            	3.27675168e+02
1695            	3.27675198e+02
1696            	3.27675234e+02
1697            	3.27675268e+02
1698            	3.27675313e+02
1699            	3.27675362e+02
1700            	3.27675421e+02
1701            	3.27675483e+02
1702            	3.27675561e+02
1703            	3.27675642e+02
1704            	3.27675732e+02
1705            	3.27675800e+02
1706            	3.27675870e+02
1707            	3.27675930e+02
1708            	3.27675984e+02
1709            	3.27676030e+02
1710            	3.27676070e+02
1711            	3.27676100e+02
1712            	3.27676130e+02
1713            	3.27676156e+02
1714            	3.27676188e+02
1715            	3.27676220e+02
1716            	3.27676259e+02
1717            	3.27676301e+02
1718            	3.27676345e+02
1719            	3.27676407e+02
1720            	3.27676479e+02
1721            	3.27676561e+02
1722            	3.27676625e+02
1723            	3.27676692e+02
1724            	3.27676767e+02
1725            	3.27676827e+02
1726            	3.27676888e+02
1727            	3.27676941e+02
1728            	3.27676988e+02
1729            	3.27677027e+02
1730            	3.27677057e+02
1731            	3.27677081e+02
1732            	3.27677096e+02
1733            	3.27677103e+02
1734            	3.27677103e+02
1735            	3.27677115e+02
1736            	3.27677121e+02
1737            	3.27677134e+02
1738            	3.27677163e+02
1739            	3.27677203e+02
1740            	3.27677248e+02
1741            	3.27677297e+02
1742            	3.27677353e+02
1743            	3.27677395e+02
1744            	3.27677436e+02
1745            	3.27677475e+02
1746            	3.27677509e+02
1747            	3.27677534e+02
1748            	3.27677555e+02
1749            	3.27677575e+02
1750            	3.27677590e+02
1751            	3.27677598e+02
1752            	3.27677593e+02
1753            	3.27677582e+02
1754            	3.27677562e+02
1755            	3.27677528e+02
1756            	3.27677506e+02
1757            	3.27677474e+02
1758            	3.27677446e+02
1759            	3.27677431e+02
1760            	3.27677437e+02
1761            	3.27677454e+02
1762            	3.27677479e+02
1763            	3.27677495e+02
1764            	3.27677514e+02
1765            	3.27677529e+02
1766            	3.27677534e+02
1767            	3.27677537e+02
1768            	3.27677531e+02
1769            	3.27677526e+02
1770            	3.27677520e+02
1771            	3.27677516e+02
1772            	3.27677498e+02
1773            	3.27677488e+02
1774            	3.27677468e+02
1775            	3.27677437e+02
1776            	3.27677394e+02
1777            	3.27677344e+02
1778            	3.27677292e+02
1779            	3.27677242e+02
1780            	3.27677189e+02
1781            	3.27677136e+02
1782            	3.27677078e+02
1783            	3.27677019e+02
1784            	3.27676974e+02
1785            	3.27676944e+02
1786            	3.27676914e+02
1787            	3.27676892e+02
1788            	3.27676882e+02
1789            	3.27676884e+02
1790            	3.27676887e+02
1791            	3.27676895e+02
1792            	3.27676906e+02
1793            	3.27676917e+02
1794            	3.27676909e+02
1795            	3.27676902e+02
1796            	3.27676881e+02
1797            	3.27676840e+02
1798            	3.27676789e+02
1799            	3.27676729e+02
1800            	3.27676671e+02
1801            	3.27676620e+02
1802            	3.27676566e+02
1803            	3.27676520e+02
1804            	3.27676492e+02
1805            	3.27676481e+02
1806            	3.27676482e+02
1807            	3.27676499e+02
1808            	3.27676520e+02
1809            	3.27676536e+02
1810            	3.27676546e+02
1811            	3.27676545e+02
1812            	3.27676537e+02
1813            	3.27676510e+02
1814            	3.27676460e+02
1815            	3.27676394e+02
1816            	3.27676327e+02
1817            	3.27676275e+02
1818            	3.27676212e+02
1819            	3.27676151e+02
1820            	3.27676100e+02
1821            	3.27676059e+02
1822            	3.27676031e+02
1823            	3.27676011e+02
1824            	3.27675996e+02
1825            	3.27675988e+02
1826            	3.27675985e+02
1827            	3.27675988e+02
1828            	3.27675993e+02
1829            	3.27676000e+02
1830            	3.27676008e+02
1831            	3.27676017e+02
1832            	3.27676015e+02
1833            	3.27676017e+02
1834            	3.27676008e+02
1835            	3.27675988e+02
1836            	3.27675951e+02
1837            	3.27675902e+02
1838            	3.27675844e+02
1839            	3.27675778e+02
1840            	3.27675731e+02
1841            	3.27675685e+02
1842            	3.27675641e+02
1843            	3.27675604e+02
1844            	3.27675581e+02
1845            	3.27675573e+02
1846            	3.27675579e+02
1847            	3.27675584e+02
1848            	3.27675586e+02
1849            	3.27675587e+02
1850            	3.27675576e+02
1851            	3.27675547e+02
1852            	3.27675513e+02
1853            	3.27675464e+02
1854            	3.27675415e+02
1855            	3.27675362e+02
1856            	3.27675316e+02
1857            	3.27675270e+02
1858            	3.27675223e+02
1859            	3.27675183e+02
1860            	3.27675147e+02
1861            	3.27675108e+02
1862            	3.27675066e+02
1863            	3.27675022e+02
1864            	3.27674976e+02
1865            	3.27674942e+02
1866            	3.27674899e+02
1867            	3.27674861e+02
1868            	3.27674836e+02
1869            	3.27674824e+02
1870            	3.27674819e+02
1871            	3.27674823e+02
1872            	3.27674826e+02
1873            	3.27674836e+02
1874            	3.27674846e+02
1875            	3.27674853e+02
1876            	3.27674834e+02
1877            	3.27674815e+02
1878            	3.27674776e+02
1879            	3.27674718e+02
1880            	3.27674652e+02
1881            	3.27674582e+02
1882            	3.27674522e+02
1883            	3.27674473e+02
1884            	3.27674442e+02
1885            	3.27674429e+02
1886            	3.27674442e+02
1887            	3.27674467e+02
1888            	3.27674499e+02
1889            	3.27674531e+02
1890            	3.27674553e+02
1891            	3.27674564e+02
1892            	3.27674566e+02
1893            	3.27674570e+02
1894            	3.27674566e+02
1895            	3.27674564e+02
1896            	3.27674562e+02
1897            	3.27674562e+02
1898            	3.27674564e+02
1899            	3.27674565e+02
1900            	3.27674567e+02
1901            	3.27674566e+02
1902            	3.27674564e+02
1903            	3.27674560e+02
1904            	3.27674549e+02
1905            	3.27674537e+02
1906            	3.27674547e+02
1907            	3.27674555e+02
1908            	3.27674576e+02
1909            	3.27674613e+02
1910            	3.27674669e+02
1911            	3.27674735e+02
1912            	3.27674813e+02
1913            	3.27674900e+02
1914            	3.27674976e+02
1915            	3.27675060e+02
1916            	3.27675108e+02
1917            	3.27675153e+02
1918            	3.27675189e+02
1919            	3.27675223e+02
1920            	3.27675240e+02
1921            	3.27675256e+02
1922            	3.27675278e+02
1923            	3.27675305e+02
1924            	3.27675332e+02
1925            	3.27675368e+02
1926            	3.27675408e+02
1927            	3.27675444e+02
1928            	3.27675483e+02
1929            	3.27675506e+02
1930            	3.27675528e+02
1931            	3.27675553e+02
1932            	3.27675566e+02
1933            	3.27675588e+02
1934            	3.27675623e+02
1935            	3.27675658e+02
1936            	3.27675718e+02
1937            	3.27675800e+02
1938            	3.27675896e+02
1939            	3.27675988e+02
1940            	3.27676069e+02
1941            	3.27676129e+02
1942            	3.27676178e+02
1943            	3.27676215e+02
1944            	3.27676217e+02
1945            	3.27676217e+02
1946            	3.27676209e+02
1947            	3.27676210e+02
1948            	3.27676221e+02
1949            	3.27676243e+02
1950            	3.27676275e+02
1951            	3.27676315e+02
1952            	3.27676357e+02
1953            	3.27676401e+02
1954            	3.27676442e+02
1955            	3.27676473e+02
1956            	3.27676504e+02
1957            	3.27676533e+02
1958            	3.27676565e+02
1959            	3.27676600e+02
1960            	3.27676642e+02
1961            	3.27676692e+02
1962            	3.27676733e+02
1963            	3.27676772e+02
1964            	3.27676817e+02
1965            	3.27676859e+02
1966            	3.27676895e+02
1967            	3.27676920e+02
1968            	3.27676935e+02
1969            	3.27676936e+02
1970            	3.27676925e+02
1971            	3.27676906e+02
1972            	3.27676882e+02
1973            	3.27676860e+02
1974            	3.27676829e+02
1975            	3.27676806e+02
1976            	3.27676792e+02
1977            	3.27676792e+02
1978            	3.27676801e+02
1979            	3.27676815e+02
1980            	3.27676831e+02
1981            	3.27676849e+02
1982            	3.27676869e+02
1983            	3.27676890e+02
1984            	3.27676910e+02
1985            	3.27676929e+02
1986            	3.27676951e+02
1987            	3.27676961e+02
1988            	3.27676964e+02
1989            	3.27676963e+02
1990            	3.27676957e+02
1991            	3.27676935e+02
1992            	3.27676903e+02
1993            	3.27676866e+02
1994            	3.27676825e+02
1995            	3.27676792e+02
1996            	3.27676751e+02
1997            	3.27676718e+02
1998            	3.27676679e+02
1999            	3.27676644e+02
2000            	3.27676604e+02
