# Region        : cellZone component_3
# Cells         : 132
# Volume        : 2.37334109e-01
# Time          	volAverage(T)
1               	3.00332002e+02
2               	3.00660408e+02
3               	3.00971435e+02
4               	3.01270961e+02
5               	3.01561728e+02
6               	3.01846881e+02
7               	3.02123784e+02
8               	3.02399127e+02
9               	3.02671422e+02
10              	3.02941871e+02
11              	3.03209121e+02
12              	3.03473699e+02
13              	3.03731404e+02
14              	3.03988280e+02
15              	3.04241116e+02
16              	3.04489881e+02
17              	3.04735946e+02
18              	3.04978562e+02
19              	3.05214537e+02
20              	3.05446136e+02
21              	3.05671001e+02
22              	3.05886144e+02
23              	3.06093785e+02
24              	3.06293573e+02
25              	3.06487862e+02
26              	3.06678980e+02
27              	3.06867585e+02
28              	3.07050989e+02
29              	3.07231431e+02
30              	3.07411326e+02
31              	3.07587818e+02
32              	3.07763738e+02
33              	3.07938060e+02
34              	3.08110766e+02
35              	3.08286562e+02
36              	3.08461862e+02
37              	3.08641954e+02
38              	3.08815320e+02
39              	3.08993520e+02
40              	3.09168361e+02
41              	3.09339869e+02
42              	3.09510916e+02
43              	3.09681987e+02
44              	3.09853673e+02
45              	3.10021095e+02
46              	3.10184247e+02
47              	3.10346573e+02
48              	3.10505000e+02
49              	3.10652853e+02
50              	3.10792601e+02
51              	3.10926547e+02
52              	3.11052650e+02
53              	3.11175521e+02
54              	3.11294970e+02
55              	3.11411569e+02
56              	3.11526869e+02
57              	3.11642612e+02
58              	3.11753513e+02
59              	3.11863702e+02
60              	3.11968629e+02
61              	3.12063842e+02
62              	3.12151620e+02
63              	3.12233195e+02
64              	3.12312884e+02
65              	3.12390607e+02
66              	3.12466691e+02
67              	3.12543823e+02
68              	3.12620232e+02
69              	3.12697335e+02
70              	3.12777955e+02
71              	3.12860515e+02
72              	3.12944362e+02
73              	3.13027540e+02
74              	3.13110299e+02
75              	3.13193106e+02
76              	3.13273960e+02
77              	3.13354135e+02
78              	3.13431700e+02
79              	3.13507228e+02
80              	3.13581752e+02
81              	3.13655074e+02
82              	3.13727206e+02
83              	3.13800790e+02
84              	3.13875000e+02
85              	3.13947881e+02
86              	3.14021872e+02
87              	3.14096021e+02
88              	3.14169015e+02
89              	3.14237505e+02
90              	3.14302392e+02
91              	3.14359098e+02
92              	3.14413820e+02
93              	3.14462732e+02
94              	3.14511839e+02
95              	3.14560444e+02
96              	3.14608476e+02
97              	3.14655325e+02
98              	3.14701384e+02
99              	3.14746460e+02
100             	3.14791956e+02
101             	3.14837094e+02
102             	3.14881314e+02
103             	3.14925437e+02
104             	3.14970178e+02
105             	3.15014167e+02
106             	3.15057527e+02
107             	3.15102980e+02
108             	3.15150463e+02
109             	3.15199644e+02
110             	3.15251876e+02
111             	3.15306657e+02
112             	3.15364040e+02
113             	3.15421454e+02
114             	3.15478881e+02
115             	3.15533937e+02
116             	3.15587349e+02
117             	3.15638345e+02
118             	3.15680222e+02
119             	3.15719373e+02
120             	3.15756195e+02
121             	3.15790568e+02
122             	3.15820395e+02
123             	3.15847694e+02
124             	3.15874173e+02
125             	3.15899858e+02
126             	3.15925023e+02
127             	3.15950001e+02
128             	3.15973784e+02
129             	3.15994233e+02
130             	3.16012796e+02
131             	3.16031547e+02
132             	3.16050461e+02
133             	3.16069540e+02
134             	3.16089660e+02
135             	3.16111808e+02
136             	3.16134672e+02
137             	3.16159204e+02
138             	3.16185424e+02
139             	3.16213403e+02
140             	3.16241160e+02
141             	3.16269042e+02
142             	3.16296093e+02
143             	3.16323168e+02
144             	3.16347102e+02
145             	3.16373149e+02
146             	3.16399084e+02
147             	3.16425531e+02
148             	3.16452209e+02
149             	3.16478050e+02
150             	3.16502157e+02
151             	3.16526135e+02
152             	3.16548201e+02
153             	3.16568297e+02
154             	3.16587365e+02
155             	3.16606262e+02
156             	3.16621006e+02
157             	3.16635108e+02
158             	3.16649133e+02
159             	3.16662377e+02
160             	3.16676153e+02
161             	3.16689526e+02
162             	3.16702897e+02
163             	3.16718133e+02
164             	3.16733108e+02
165             	3.16748455e+02
166             	3.16764591e+02
167             	3.16780555e+02
168             	3.16795784e+02
169             	3.16809417e+02
170             	3.16823447e+02
171             	3.16837386e+02
172             	3.16850916e+02
173             	3.16864444e+02
174             	3.16878121e+02
175             	3.16892206e+02
176             	3.16906274e+02
177             	3.16919841e+02
178             	3.16932583e+02
179             	3.16944721e+02
180             	3.16957843e+02
181             	3.16971134e+02
182             	3.16984723e+02
183             	3.16998650e+02
184             	3.17012918e+02
185             	3.17027366e+02
186             	3.17042090e+02
187             	3.17054927e+02
188             	3.17068440e+02
189             	3.17082558e+02
190             	3.17096987e+02
191             	3.17110609e+02
192             	3.17124116e+02
193             	3.17136488e+02
194             	3.17148566e+02
195             	3.17160626e+02
196             	3.17172299e+02
197             	3.17184125e+02
198             	3.17194802e+02
199             	3.17204531e+02
200             	3.17212951e+02
201             	3.17222138e+02
202             	3.17231171e+02
203             	3.17240459e+02
204             	3.17249959e+02
205             	3.17259627e+02
206             	3.17267996e+02
207             	3.17275030e+02
208             	3.17282124e+02
209             	3.17288723e+02
210             	3.17295038e+02
211             	3.17301808e+02
212             	3.17309337e+02
213             	3.17318118e+02
214             	3.17327875e+02
215             	3.17336178e+02
216             	3.17345097e+02
217             	3.17355540e+02
218             	3.17367226e+02
219             	3.17379481e+02
220             	3.17390351e+02
221             	3.17400323e+02
222             	3.17410000e+02
223             	3.17419507e+02
224             	3.17428363e+02
225             	3.17436330e+02
226             	3.17443659e+02
227             	3.17449480e+02
228             	3.17455839e+02
229             	3.17461617e+02
230             	3.17467678e+02
231             	3.17473718e+02
232             	3.17479424e+02
233             	3.17484831e+02
234             	3.17490011e+02
235             	3.17495255e+02
236             	3.17501222e+02
237             	3.17507456e+02
238             	3.17512709e+02
239             	3.17517708e+02
240             	3.17522771e+02
241             	3.17528270e+02
242             	3.17533909e+02
243             	3.17539543e+02
244             	3.17545504e+02
245             	3.17552679e+02
246             	3.17558887e+02
247             	3.17565672e+02
248             	3.17573278e+02
249             	3.17580983e+02
250             	3.17588718e+02
251             	3.17596460e+02
252             	3.17602524e+02
253             	3.17609319e+02
254             	3.17615988e+02
255             	3.17622298e+02
256             	3.17628369e+02
257             	3.17633797e+02
258             	3.17639996e+02
259             	3.17646481e+02
260             	3.17652482e+02
261             	3.17657852e+02
262             	3.17662688e+02
263             	3.17667543e+02
264             	3.17672364e+02
265             	3.17676619e+02
266             	3.17680583e+02
267             	3.17684554e+02
268             	3.17687398e+02
269             	3.17691324e+02
270             	3.17695912e+02
271             	3.17699036e+02
272             	3.17699924e+02
273             	3.17701669e+02
274             	3.17704452e+02
275             	3.17707325e+02
276             	3.17709854e+02
277             	3.17712115e+02
278             	3.17714211e+02
279             	3.17716288e+02
280             	3.17718545e+02
281             	3.17721097e+02
282             	3.17723098e+02
283             	3.17724555e+02
284             	3.17726359e+02
285             	3.17728656e+02
286             	3.17731675e+02
287             	3.17734656e+02
288             	3.17738025e+02
289             	3.17741167e+02
290             	3.17744283e+02
291             	3.17747318e+02
292             	3.17750176e+02
293             	3.17752824e+02
294             	3.17755208e+02
295             	3.17757460e+02
296             	3.17759906e+02
297             	3.17762022e+02
298             	3.17764068e+02
299             	3.17765841e+02
300             	3.17767481e+02
301             	3.17769096e+02
302             	3.17770643e+02
303             	3.17772116e+02
304             	3.17774064e+02
305             	3.17776265e+02
306             	3.17778301e+02
307             	3.17780304e+02
308             	3.17781682e+02
309             	3.17783279e+02
310             	3.17785185e+02
311             	3.17787169e+02
312             	3.17789032e+02
313             	3.17791422e+02
314             	3.17794464e+02
315             	3.17796929e+02
316             	3.17799903e+02
317             	3.17802987e+02
318             	3.17806197e+02
319             	3.17808800e+02
320             	3.17812031e+02
321             	3.17814733e+02
322             	3.17817724e+02
323             	3.17820314e+02
324             	3.17822809e+02
325             	3.17824989e+02
326             	3.17826784e+02
327             	3.17828596e+02
328             	3.17830261e+02
329             	3.17831412e+02
330             	3.17832184e+02
331             	3.17832525e+02
332             	3.17833123e+02
333             	3.17833876e+02
334             	3.17834738e+02
335             	3.17834846e+02
336             	3.17835060e+02
337             	3.17834881e+02
338             	3.17834791e+02
339             	3.17834787e+02
340             	3.17835149e+02
341             	3.17835650e+02
342             	3.17835242e+02
343             	3.17834846e+02
344             	3.17834709e+02
345             	3.17835102e+02
346             	3.17835870e+02
347             	3.17836920e+02
348             	3.17837644e+02
349             	3.17837667e+02
350             	3.17838180e+02
351             	3.17838681e+02
352             	3.17838957e+02
353             	3.17839200e+02
354             	3.17840097e+02
355             	3.17841166e+02
356             	3.17841730e+02
357             	3.17842531e+02
358             	3.17843756e+02
359             	3.17844941e+02
360             	3.17846032e+02
361             	3.17847590e+02
362             	3.17849242e+02
363             	3.17850615e+02
364             	3.17851794e+02
365             	3.17852833e+02
366             	3.17854014e+02
367             	3.17855287e+02
368             	3.17856574e+02
369             	3.17856989e+02
370             	3.17857704e+02
371             	3.17857237e+02
372             	3.17857600e+02
373             	3.17858155e+02
374             	3.17858641e+02
375             	3.17858991e+02
376             	3.17859056e+02
377             	3.17858975e+02
378             	3.17858655e+02
379             	3.17859806e+02
380             	3.17859718e+02
381             	3.17859471e+02
382             	3.17859676e+02
383             	3.17860306e+02
384             	3.17861423e+02
385             	3.17862828e+02
386             	3.17862753e+02
387             	3.17862510e+02
388             	3.17862713e+02
389             	3.17862986e+02
390             	3.17863192e+02
391             	3.17863031e+02
392             	3.17862408e+02
393             	3.17862080e+02
394             	3.17862180e+02
395             	3.17862687e+02
396             	3.17862456e+02
397             	3.17862220e+02
398             	3.17862425e+02
399             	3.17863032e+02
400             	3.17863938e+02
401             	3.17865165e+02
402             	3.17866581e+02
403             	3.17867970e+02
404             	3.17868902e+02
405             	3.17869688e+02
406             	3.17870337e+02
407             	3.17870670e+02
408             	3.17871165e+02
409             	3.17871712e+02
410             	3.17871583e+02
411             	3.17871500e+02
412             	3.17871699e+02
413             	3.17872011e+02
414             	3.17872530e+02
415             	3.17872941e+02
416             	3.17873465e+02
417             	3.17873908e+02
418             	3.17874419e+02
419             	3.17874938e+02
420             	3.17875408e+02
421             	3.17875788e+02
422             	3.17876189e+02
423             	3.17876668e+02
424             	3.17876717e+02
425             	3.17877089e+02
426             	3.17876837e+02
427             	3.17876768e+02
428             	3.17876509e+02
429             	3.17876113e+02
430             	3.17875957e+02
431             	3.17876182e+02
432             	3.17876015e+02
433             	3.17876141e+02
434             	3.17876375e+02
435             	3.17876733e+02
436             	3.17876333e+02
437             	3.17875566e+02
438             	3.17875446e+02
439             	3.17875499e+02
440             	3.17875498e+02
441             	3.17875524e+02
442             	3.17875578e+02
443             	3.17875805e+02
444             	3.17876158e+02
445             	3.17876480e+02
446             	3.17876749e+02
447             	3.17876871e+02
448             	3.17877021e+02
449             	3.17876910e+02
450             	3.17876999e+02
451             	3.17876869e+02
452             	3.17876638e+02
453             	3.17876280e+02
454             	3.17875837e+02
455             	3.17875749e+02
456             	3.17875661e+02
457             	3.17875648e+02
458             	3.17875313e+02
459             	3.17875012e+02
460             	3.17874596e+02
461             	3.17873566e+02
462             	3.17872654e+02
463             	3.17871866e+02
464             	3.17871229e+02
465             	3.17870695e+02
466             	3.17870285e+02
467             	3.17870027e+02
468             	3.17869928e+02
469             	3.17869661e+02
470             	3.17869604e+02
471             	3.17869766e+02
472             	3.17870041e+02
473             	3.17870278e+02
474             	3.17870557e+02
475             	3.17870479e+02
476             	3.17870288e+02
477             	3.17870410e+02
478             	3.17870410e+02
479             	3.17870311e+02
480             	3.17870319e+02
481             	3.17870933e+02
482             	3.17871607e+02
483             	3.17871928e+02
484             	3.17872278e+02
485             	3.17872751e+02
486             	3.17873055e+02
487             	3.17873198e+02
488             	3.17872852e+02
489             	3.17872749e+02
490             	3.17872695e+02
491             	3.17872659e+02
492             	3.17872631e+02
493             	3.17872476e+02
494             	3.17872159e+02
495             	3.17871713e+02
496             	3.17871136e+02
497             	3.17870466e+02
498             	3.17869555e+02
499             	3.17868576e+02
500             	3.17867663e+02
501             	3.17866774e+02
502             	3.17866257e+02
503             	3.17866289e+02
504             	3.17865691e+02
505             	3.17865539e+02
506             	3.17865723e+02
507             	3.17865916e+02
508             	3.17865682e+02
509             	3.17865690e+02
510             	3.17865256e+02
511             	3.17865012e+02
512             	3.17864683e+02
513             	3.17864209e+02
514             	3.17863941e+02
515             	3.17863530e+02
516             	3.17863501e+02
517             	3.17863934e+02
518             	3.17863941e+02
519             	3.17863961e+02
520             	3.17864082e+02
521             	3.17864185e+02
522             	3.17864036e+02
523             	3.17863971e+02
524             	3.17863342e+02
525             	3.17863038e+02
526             	3.17862386e+02
527             	3.17861804e+02
528             	3.17861166e+02
529             	3.17860480e+02
530             	3.17860547e+02
531             	3.17860536e+02
532             	3.17860460e+02
533             	3.17860874e+02
534             	3.17860763e+02
535             	3.17860609e+02
536             	3.17860376e+02
537             	3.17860351e+02
538             	3.17860586e+02
539             	3.17861005e+02
540             	3.17861581e+02
541             	3.17862652e+02
542             	3.17863842e+02
543             	3.17864451e+02
544             	3.17864731e+02
545             	3.17864846e+02
546             	3.17864805e+02
547             	3.17864705e+02
548             	3.17864525e+02
549             	3.17864063e+02
550             	3.17863646e+02
551             	3.17863340e+02
552             	3.17863198e+02
553             	3.17863098e+02
554             	3.17863090e+02
555             	3.17863127e+02
556             	3.17863171e+02
557             	3.17863225e+02
558             	3.17862940e+02
559             	3.17862677e+02
560             	3.17862404e+02
561             	3.17862244e+02
562             	3.17862352e+02
563             	3.17862328e+02
564             	3.17862311e+02
565             	3.17862424e+02
566             	3.17862446e+02
567             	3.17862675e+02
568             	3.17862727e+02
569             	3.17862916e+02
570             	3.17863009e+02
571             	3.17863039e+02
572             	3.17862960e+02
573             	3.17862680e+02
574             	3.17862305e+02
575             	3.17861992e+02
576             	3.17861435e+02
577             	3.17860774e+02
578             	3.17860222e+02
579             	3.17859559e+02
580             	3.17858999e+02
581             	3.17858531e+02
582             	3.17858115e+02
583             	3.17857860e+02
584             	3.17857541e+02
585             	3.17857361e+02
586             	3.17857403e+02
587             	3.17857389e+02
588             	3.17857388e+02
589             	3.17857375e+02
590             	3.17857454e+02
591             	3.17857530e+02
592             	3.17857720e+02
593             	3.17858006e+02
594             	3.17858177e+02
595             	3.17858478e+02
596             	3.17858848e+02
597             	3.17859235e+02
598             	3.17859386e+02
599             	3.17859628e+02
600             	3.17859707e+02
601             	3.17859774e+02
602             	3.17859789e+02
603             	3.17859894e+02
604             	3.17859754e+02
605             	3.17859480e+02
606             	3.17859315e+02
607             	3.17859051e+02
608             	3.17858762e+02
609             	3.17858273e+02
610             	3.17857910e+02
611             	3.17857466e+02
612             	3.17856967e+02
613             	3.17856412e+02
614             	3.17855983e+02
615             	3.17855709e+02
616             	3.17855369e+02
617             	3.17854924e+02
618             	3.17854797e+02
619             	3.17854911e+02
620             	3.17854884e+02
621             	3.17854997e+02
622             	3.17855282e+02
623             	3.17855704e+02
624             	3.17855799e+02
625             	3.17855807e+02
626             	3.17856024e+02
627             	3.17856206e+02
628             	3.17856557e+02
629             	3.17857334e+02
630             	3.17857746e+02
631             	3.17857998e+02
632             	3.17858281e+02
633             	3.17858601e+02
634             	3.17858707e+02
635             	3.17858735e+02
636             	3.17858895e+02
637             	3.17859073e+02
638             	3.17859215e+02
639             	3.17859409e+02
640             	3.17859704e+02
641             	3.17859929e+02
642             	3.17860260e+02
643             	3.17860460e+02
644             	3.17860532e+02
645             	3.17860566e+02
646             	3.17860538e+02
647             	3.17860603e+02
648             	3.17860676e+02
649             	3.17860740e+02
650             	3.17860783e+02
651             	3.17860844e+02
652             	3.17860866e+02
653             	3.17860855e+02
654             	3.17860820e+02
655             	3.17860694e+02
656             	3.17860828e+02
657             	3.17860797e+02
658             	3.17860854e+02
659             	3.17860867e+02
660             	3.17860874e+02
661             	3.17860924e+02
662             	3.17860959e+02
663             	3.17860925e+02
664             	3.17860747e+02
665             	3.17860794e+02
666             	3.17860717e+02
667             	3.17860648e+02
668             	3.17860584e+02
669             	3.17860415e+02
670             	3.17860462e+02
671             	3.17860977e+02
672             	3.17861153e+02
673             	3.17861234e+02
674             	3.17861083e+02
675             	3.17861005e+02
676             	3.17861012e+02
677             	3.17861150e+02
678             	3.17861385e+02
679             	3.17861615e+02
680             	3.17861993e+02
681             	3.17862359e+02
682             	3.17862683e+02
683             	3.17862865e+02
684             	3.17863056e+02
685             	3.17863128e+02
686             	3.17863148e+02
687             	3.17863122e+02
688             	3.17862984e+02
689             	3.17862895e+02
690             	3.17862855e+02
691             	3.17862870e+02
692             	3.17862982e+02
693             	3.17863131e+02
694             	3.17863288e+02
695             	3.17863399e+02
696             	3.17863364e+02
697             	3.17863293e+02
698             	3.17863164e+02
699             	3.17862958e+02
700             	3.17862685e+02
701             	3.17862365e+02
702             	3.17862048e+02
703             	3.17861697e+02
704             	3.17861435e+02
705             	3.17861163e+02
706             	3.17860928e+02
707             	3.17860918e+02
708             	3.17860871e+02
709             	3.17860791e+02
710             	3.17860683e+02
711             	3.17860203e+02
712             	3.17859837e+02
713             	3.17859580e+02
714             	3.17859352e+02
715             	3.17859129e+02
716             	3.17859154e+02
717             	3.17859111e+02
718             	3.17859157e+02
719             	3.17859191e+02
720             	3.17859286e+02
721             	3.17859329e+02
722             	3.17859392e+02
723             	3.17859565e+02
724             	3.17859794e+02
725             	3.17860082e+02
726             	3.17860425e+02
727             	3.17860812e+02
728             	3.17861255e+02
729             	3.17861676e+02
730             	3.17861880e+02
731             	3.17862095e+02
732             	3.17862274e+02
733             	3.17862369e+02
734             	3.17862447e+02
735             	3.17862442e+02
736             	3.17862479e+02
737             	3.17862482e+02
738             	3.17862475e+02
739             	3.17862483e+02
740             	3.17862382e+02
741             	3.17862355e+02
742             	3.17862360e+02
743             	3.17862344e+02
744             	3.17862157e+02
745             	3.17862020e+02
746             	3.17861808e+02
747             	3.17861612e+02
748             	3.17861437e+02
749             	3.17861240e+02
750             	3.17861244e+02
751             	3.17861382e+02
752             	3.17861343e+02
753             	3.17861269e+02
754             	3.17861123e+02
755             	3.17861044e+02
756             	3.17861015e+02
757             	3.17861113e+02
758             	3.17861259e+02
759             	3.17861432e+02
760             	3.17861352e+02
761             	3.17861347e+02
762             	3.17861143e+02
763             	3.17860941e+02
764             	3.17860607e+02
765             	3.17860227e+02
766             	3.17859814e+02
767             	3.17859475e+02
768             	3.17859095e+02
769             	3.17858683e+02
770             	3.17858370e+02
771             	3.17858396e+02
772             	3.17858383e+02
773             	3.17858209e+02
774             	3.17858239e+02
775             	3.17858391e+02
776             	3.17858430e+02
777             	3.17858696e+02
778             	3.17858715e+02
779             	3.17858719e+02
780             	3.17858914e+02
781             	3.17859169e+02
782             	3.17859257e+02
783             	3.17859250e+02
784             	3.17859265e+02
785             	3.17859302e+02
786             	3.17859209e+02
787             	3.17859258e+02
788             	3.17858972e+02
789             	3.17858897e+02
790             	3.17858902e+02
791             	3.17858895e+02
792             	3.17858875e+02
793             	3.17858806e+02
794             	3.17858805e+02
795             	3.17858736e+02
796             	3.17858744e+02
797             	3.17858702e+02
798             	3.17858690e+02
799             	3.17858674e+02
800             	3.17858659e+02
801             	3.17858667e+02
802             	3.17858680e+02
803             	3.17858703e+02
804             	3.17858706e+02
805             	3.17858966e+02
806             	3.17859139e+02
807             	3.17859266e+02
808             	3.17859231e+02
809             	3.17859253e+02
810             	3.17859148e+02
811             	3.17859036e+02
812             	3.17859038e+02
813             	3.17858926e+02
814             	3.17858770e+02
815             	3.17858614e+02
816             	3.17858654e+02
817             	3.17858680e+02
818             	3.17858290e+02
819             	3.17858144e+02
820             	3.17858112e+02
821             	3.17858091e+02
822             	3.17858071e+02
823             	3.17858040e+02
824             	3.17858033e+02
825             	3.17858025e+02
826             	3.17858081e+02
827             	3.17858117e+02
828             	3.17858211e+02
829             	3.17858357e+02
830             	3.17858425e+02
831             	3.17858496e+02
832             	3.17858778e+02
833             	3.17858971e+02
834             	3.17859159e+02
835             	3.17859700e+02
836             	3.17860105e+02
837             	3.17859779e+02
838             	3.17859737e+02
839             	3.17859705e+02
840             	3.17859855e+02
841             	3.17859867e+02
842             	3.17860143e+02
843             	3.17860731e+02
844             	3.17860496e+02
845             	3.17860479e+02
846             	3.17860327e+02
847             	3.17860154e+02
848             	3.17859825e+02
849             	3.17859575e+02
850             	3.17859699e+02
851             	3.17860300e+02
852             	3.17860465e+02
853             	3.17860622e+02
854             	3.17860929e+02
855             	3.17861351e+02
856             	3.17861787e+02
857             	3.17862223e+02
858             	3.17862608e+02
859             	3.17862993e+02
860             	3.17863111e+02
861             	3.17863172e+02
862             	3.17863302e+02
863             	3.17863419e+02
864             	3.17863389e+02
865             	3.17863515e+02
866             	3.17863552e+02
867             	3.17863513e+02
868             	3.17863440e+02
869             	3.17863331e+02
870             	3.17863168e+02
871             	3.17862985e+02
872             	3.17862720e+02
873             	3.17862431e+02
874             	3.17862020e+02
875             	3.17861790e+02
876             	3.17861497e+02
877             	3.17861219e+02
878             	3.17861042e+02
879             	3.17860943e+02
880             	3.17860975e+02
881             	3.17860936e+02
882             	3.17860843e+02
883             	3.17860742e+02
884             	3.17860572e+02
885             	3.17860537e+02
886             	3.17860245e+02
887             	3.17860007e+02
888             	3.17859849e+02
889             	3.17859715e+02
890             	3.17859746e+02
891             	3.17859796e+02
892             	3.17859873e+02
893             	3.17860027e+02
894             	3.17860064e+02
895             	3.17860208e+02
896             	3.17860125e+02
897             	3.17860117e+02
898             	3.17860138e+02
899             	3.17860106e+02
900             	3.17860125e+02
901             	3.17860105e+02
902             	3.17860081e+02
903             	3.17860074e+02
904             	3.17860069e+02
905             	3.17860067e+02
906             	3.17860043e+02
907             	3.17859986e+02
908             	3.17859882e+02
909             	3.17859949e+02
910             	3.17859906e+02
911             	3.17859823e+02
912             	3.17859720e+02
913             	3.17859619e+02
914             	3.17859511e+02
915             	3.17859396e+02
916             	3.17859276e+02
917             	3.17859182e+02
918             	3.17858869e+02
919             	3.17858652e+02
920             	3.17858478e+02
921             	3.17858588e+02
922             	3.17858611e+02
923             	3.17858678e+02
924             	3.17858889e+02
925             	3.17859163e+02
926             	3.17859568e+02
927             	3.17860014e+02
928             	3.17860514e+02
929             	3.17861001e+02
930             	3.17861122e+02
931             	3.17861423e+02
932             	3.17861785e+02
933             	3.17862145e+02
934             	3.17862441e+02
935             	3.17862685e+02
936             	3.17862964e+02
937             	3.17863192e+02
938             	3.17863368e+02
939             	3.17863506e+02
940             	3.17863561e+02
941             	3.17863574e+02
942             	3.17863564e+02
943             	3.17863450e+02
944             	3.17863499e+02
945             	3.17863452e+02
946             	3.17863276e+02
947             	3.17863145e+02
948             	3.17862908e+02
949             	3.17862569e+02
950             	3.17862298e+02
951             	3.17862071e+02
952             	3.17861839e+02
953             	3.17861573e+02
954             	3.17861397e+02
955             	3.17861233e+02
956             	3.17861208e+02
957             	3.17861175e+02
958             	3.17861162e+02
959             	3.17861186e+02
960             	3.17861107e+02
961             	3.17861184e+02
962             	3.17861279e+02
963             	3.17861452e+02
964             	3.17861665e+02
965             	3.17861881e+02
966             	3.17862180e+02
967             	3.17862440e+02
968             	3.17862765e+02
969             	3.17863020e+02
970             	3.17863224e+02
971             	3.17863376e+02
972             	3.17863436e+02
973             	3.17863421e+02
974             	3.17863248e+02
975             	3.17863107e+02
976             	3.17863058e+02
977             	3.17862908e+02
978             	3.17862837e+02
979             	3.17862714e+02
980             	3.17862489e+02
981             	3.17862357e+02
982             	3.17861798e+02
983             	3.17861422e+02
984             	3.17861219e+02
985             	3.17860966e+02
986             	3.17860748e+02
987             	3.17860505e+02
988             	3.17860270e+02
989             	3.17860074e+02
990             	3.17859888e+02
991             	3.17859761e+02
992             	3.17859631e+02
993             	3.17859495e+02
994             	3.17859368e+02
995             	3.17859348e+02
996             	3.17859318e+02
997             	3.17859299e+02
998             	3.17859291e+02
999             	3.17859286e+02
1000            	3.17859197e+02
1001            	3.17859118e+02
1002            	3.17858831e+02
1003            	3.17858543e+02
1004            	3.17858233e+02
1005            	3.17857879e+02
1006            	3.17857618e+02
1007            	3.17857290e+02
1008            	3.17857096e+02
1009            	3.17856865e+02
1010            	3.17856604e+02
1011            	3.17856583e+02
1012            	3.17856514e+02
1013            	3.17856033e+02
1014            	3.17855734e+02
1015            	3.17855609e+02
1016            	3.17855603e+02
1017            	3.17855670e+02
1018            	3.17855832e+02
1019            	3.17855980e+02
1020            	3.17856082e+02
1021            	3.17856230e+02
1022            	3.17856384e+02
1023            	3.17856559e+02
1024            	3.17856678e+02
1025            	3.17856847e+02
1026            	3.17856959e+02
1027            	3.17857127e+02
1028            	3.17857249e+02
1029            	3.17857390e+02
1030            	3.17857537e+02
1031            	3.17857612e+02
1032            	3.17857807e+02
1033            	3.17857834e+02
1034            	3.17857992e+02
1035            	3.17858318e+02
1036            	3.17858451e+02
1037            	3.17858515e+02
1038            	3.17858553e+02
1039            	3.17858604e+02
1040            	3.17858458e+02
1041            	3.17858456e+02
1042            	3.17858306e+02
1043            	3.17858288e+02
1044            	3.17858274e+02
1045            	3.17858330e+02
1046            	3.17858326e+02
1047            	3.17858321e+02
1048            	3.17858387e+02
1049            	3.17858402e+02
1050            	3.17858603e+02
1051            	3.17858718e+02
1052            	3.17858808e+02
1053            	3.17858900e+02
1054            	3.17858983e+02
1055            	3.17859219e+02
1056            	3.17859364e+02
1057            	3.17859554e+02
1058            	3.17859735e+02
1059            	3.17860232e+02
1060            	3.17860540e+02
1061            	3.17860757e+02
1062            	3.17860945e+02
1063            	3.17861059e+02
1064            	3.17861073e+02
1065            	3.17861040e+02
1066            	3.17860923e+02
1067            	3.17860786e+02
1068            	3.17860547e+02
1069            	3.17860302e+02
1070            	3.17859985e+02
1071            	3.17859700e+02
1072            	3.17859435e+02
1073            	3.17859187e+02
1074            	3.17858972e+02
1075            	3.17858779e+02
1076            	3.17858533e+02
1077            	3.17858362e+02
1078            	3.17858269e+02
1079            	3.17858206e+02
1080            	3.17858192e+02
1081            	3.17858224e+02
1082            	3.17858276e+02
1083            	3.17858375e+02
1084            	3.17858502e+02
1085            	3.17858646e+02
1086            	3.17858787e+02
1087            	3.17858867e+02
1088            	3.17858896e+02
1089            	3.17858901e+02
1090            	3.17859045e+02
1091            	3.17859088e+02
1092            	3.17859148e+02
1093            	3.17859153e+02
1094            	3.17859084e+02
1095            	3.17858977e+02
1096            	3.17858798e+02
1097            	3.17858603e+02
1098            	3.17858157e+02
1099            	3.17857816e+02
1100            	3.17857494e+02
1101            	3.17857105e+02
1102            	3.17856762e+02
1103            	3.17856430e+02
1104            	3.17856222e+02
1105            	3.17856467e+02
1106            	3.17856564e+02
1107            	3.17856659e+02
1108            	3.17856644e+02
1109            	3.17856626e+02
1110            	3.17856754e+02
1111            	3.17857023e+02
1112            	3.17857366e+02
1113            	3.17857684e+02
1114            	3.17858011e+02
1115            	3.17858326e+02
1116            	3.17858593e+02
1117            	3.17858815e+02
1118            	3.17858983e+02
1119            	3.17859090e+02
1120            	3.17859123e+02
1121            	3.17859115e+02
1122            	3.17859062e+02
1123            	3.17859001e+02
1124            	3.17858903e+02
1125            	3.17858807e+02
1126            	3.17858671e+02
1127            	3.17858522e+02
1128            	3.17858379e+02
1129            	3.17858203e+02
1130            	3.17858050e+02
1131            	3.17857853e+02
1132            	3.17857649e+02
1133            	3.17857434e+02
1134            	3.17857237e+02
1135            	3.17857070e+02
1136            	3.17856945e+02
1137            	3.17856880e+02
1138            	3.17856823e+02
1139            	3.17856850e+02
1140            	3.17856908e+02
1141            	3.17856959e+02
1142            	3.17857035e+02
1143            	3.17857111e+02
1144            	3.17857173e+02
1145            	3.17857213e+02
1146            	3.17857250e+02
1147            	3.17857250e+02
1148            	3.17857274e+02
1149            	3.17857244e+02
1150            	3.17857245e+02
1151            	3.17857257e+02
1152            	3.17857243e+02
1153            	3.17857235e+02
1154            	3.17857272e+02
1155            	3.17857350e+02
1156            	3.17857461e+02
1157            	3.17857603e+02
1158            	3.17857629e+02
1159            	3.17857699e+02
1160            	3.17857802e+02
1161            	3.17857911e+02
1162            	3.17857980e+02
1163            	3.17858042e+02
1164            	3.17858104e+02
1165            	3.17858149e+02
1166            	3.17858189e+02
1167            	3.17858212e+02
1168            	3.17858256e+02
1169            	3.17858269e+02
1170            	3.17858266e+02
1171            	3.17858246e+02
1172            	3.17858190e+02
1173            	3.17858138e+02
1174            	3.17858031e+02
1175            	3.17857902e+02
1176            	3.17857795e+02
1177            	3.17857646e+02
1178            	3.17857469e+02
1179            	3.17857294e+02
1180            	3.17857115e+02
1181            	3.17856870e+02
1182            	3.17856670e+02
1183            	3.17856515e+02
1184            	3.17856362e+02
1185            	3.17856238e+02
1186            	3.17856141e+02
1187            	3.17856070e+02
1188            	3.17856055e+02
1189            	3.17856065e+02
1190            	3.17856110e+02
1191            	3.17856181e+02
1192            	3.17856273e+02
1193            	3.17856388e+02
1194            	3.17856519e+02
1195            	3.17856671e+02
1196            	3.17856852e+02
1197            	3.17857044e+02
1198            	3.17857276e+02
1199            	3.17857563e+02
1200            	3.17857852e+02
1201            	3.17858130e+02
1202            	3.17858347e+02
1203            	3.17858559e+02
1204            	3.17858744e+02
1205            	3.17858902e+02
1206            	3.17859029e+02
1207            	3.17859115e+02
1208            	3.17859177e+02
1209            	3.17859213e+02
1210            	3.17859233e+02
1211            	3.17859216e+02
1212            	3.17859239e+02
1213            	3.17859222e+02
1214            	3.17859181e+02
1215            	3.17859143e+02
1216            	3.17859100e+02
1217            	3.17859065e+02
1218            	3.17859035e+02
1219            	3.17858991e+02
1220            	3.17858975e+02
1221            	3.17858997e+02
1222            	3.17859035e+02
1223            	3.17859083e+02
1224            	3.17859157e+02
1225            	3.17859255e+02
1226            	3.17859359e+02
1227            	3.17859447e+02
1228            	3.17859513e+02
1229            	3.17859583e+02
1230            	3.17859641e+02
1231            	3.17859699e+02
1232            	3.17859757e+02
1233            	3.17859805e+02
1234            	3.17859845e+02
1235            	3.17859865e+02
1236            	3.17859868e+02
1237            	3.17859858e+02
1238            	3.17859829e+02
1239            	3.17859786e+02
1240            	3.17859724e+02
1241            	3.17859642e+02
1242            	3.17859547e+02
1243            	3.17859456e+02
1244            	3.17859342e+02
1245            	3.17859226e+02
1246            	3.17859113e+02
1247            	3.17859006e+02
1248            	3.17858919e+02
1249            	3.17858936e+02
1250            	3.17858929e+02
1251            	3.17858916e+02
1252            	3.17858911e+02
1253            	3.17858944e+02
1254            	3.17858928e+02
1255            	3.17858973e+02
1256            	3.17859026e+02
1257            	3.17859102e+02
1258            	3.17859212e+02
1259            	3.17859324e+02
1260            	3.17859448e+02
1261            	3.17859583e+02
1262            	3.17859730e+02
1263            	3.17859876e+02
1264            	3.17860032e+02
1265            	3.17860206e+02
1266            	3.17860425e+02
1267            	3.17860602e+02
1268            	3.17860781e+02
1269            	3.17860947e+02
1270            	3.17861074e+02
1271            	3.17861137e+02
1272            	3.17861184e+02
1273            	3.17861230e+02
1274            	3.17861273e+02
1275            	3.17861299e+02
1276            	3.17861357e+02
1277            	3.17861365e+02
1278            	3.17861408e+02
1279            	3.17861408e+02
1280            	3.17861359e+02
1281            	3.17861298e+02
1282            	3.17861227e+02
1283            	3.17861158e+02
1284            	3.17861043e+02
1285            	3.17860933e+02
1286            	3.17860835e+02
1287            	3.17860738e+02
1288            	3.17860677e+02
1289            	3.17860610e+02
1290            	3.17860581e+02
1291            	3.17860523e+02
1292            	3.17860456e+02
1293            	3.17860383e+02
1294            	3.17860278e+02
1295            	3.17860180e+02
1296            	3.17860051e+02
1297            	3.17859941e+02
1298            	3.17859847e+02
1299            	3.17859761e+02
1300            	3.17859680e+02
1301            	3.17859775e+02
1302            	3.17859826e+02
1303            	3.17859896e+02
1304            	3.17859987e+02
1305            	3.17860080e+02
1306            	3.17860008e+02
1307            	3.17860006e+02
1308            	3.17860037e+02
1309            	3.17860070e+02
1310            	3.17860141e+02
1311            	3.17860211e+02
1312            	3.17860338e+02
1313            	3.17860448e+02
1314            	3.17860546e+02
1315            	3.17860641e+02
1316            	3.17860802e+02
1317            	3.17860931e+02
1318            	3.17861020e+02
1319            	3.17861132e+02
1320            	3.17861208e+02
1321            	3.17861309e+02
1322            	3.17861321e+02
1323            	3.17861358e+02
1324            	3.17861403e+02
1325            	3.17861399e+02
1326            	3.17861446e+02
1327            	3.17861490e+02
1328            	3.17861445e+02
1329            	3.17861367e+02
1330            	3.17861241e+02
1331            	3.17861216e+02
1332            	3.17861105e+02
1333            	3.17861032e+02
1334            	3.17860922e+02
1335            	3.17860870e+02
1336            	3.17860826e+02
1337            	3.17860777e+02
1338            	3.17860709e+02
1339            	3.17860620e+02
1340            	3.17860528e+02
1341            	3.17860441e+02
1342            	3.17860360e+02
1343            	3.17860307e+02
1344            	3.17860249e+02
1345            	3.17860221e+02
1346            	3.17860218e+02
1347            	3.17860249e+02
1348            	3.17860305e+02
1349            	3.17860401e+02
1350            	3.17860503e+02
1351            	3.17860647e+02
1352            	3.17860840e+02
1353            	3.17861030e+02
1354            	3.17861222e+02
1355            	3.17861402e+02
1356            	3.17861564e+02
1357            	3.17861692e+02
1358            	3.17861854e+02
1359            	3.17861933e+02
1360            	3.17861971e+02
1361            	3.17861972e+02
1362            	3.17861950e+02
1363            	3.17861929e+02
1364            	3.17861843e+02
1365            	3.17861788e+02
1366            	3.17861712e+02
1367            	3.17861620e+02
1368            	3.17861508e+02
1369            	3.17861395e+02
1370            	3.17861269e+02
1371            	3.17861124e+02
1372            	3.17860987e+02
1373            	3.17860845e+02
1374            	3.17860711e+02
1375            	3.17860582e+02
1376            	3.17860487e+02
1377            	3.17860405e+02
1378            	3.17860357e+02
1379            	3.17860321e+02
1380            	3.17860312e+02
1381            	3.17860383e+02
1382            	3.17860447e+02
1383            	3.17860496e+02
1384            	3.17860559e+02
1385            	3.17860629e+02
1386            	3.17860640e+02
1387            	3.17860673e+02
1388            	3.17860691e+02
1389            	3.17860712e+02
1390            	3.17860739e+02
1391            	3.17860717e+02
1392            	3.17860665e+02
1393            	3.17860598e+02
1394            	3.17860571e+02
1395            	3.17860457e+02
1396            	3.17860349e+02
1397            	3.17860207e+02
1398            	3.17860051e+02
1399            	3.17859899e+02
1400            	3.17859726e+02
1401            	3.17859512e+02
1402            	3.17859310e+02
1403            	3.17859169e+02
1404            	3.17859056e+02
1405            	3.17858962e+02
1406            	3.17858927e+02
1407            	3.17858884e+02
1408            	3.17858904e+02
1409            	3.17858921e+02
1410            	3.17858963e+02
1411            	3.17859031e+02
1412            	3.17859068e+02
1413            	3.17859170e+02
1414            	3.17859260e+02
1415            	3.17859408e+02
1416            	3.17859558e+02
1417            	3.17859720e+02
1418            	3.17859897e+02
1419            	3.17860056e+02
1420            	3.17860246e+02
1421            	3.17860389e+02
1422            	3.17860513e+02
1423            	3.17860605e+02
1424            	3.17860685e+02
1425            	3.17860708e+02
1426            	3.17860718e+02
1427            	3.17860707e+02
1428            	3.17860678e+02
1429            	3.17860635e+02
1430            	3.17860583e+02
1431            	3.17860522e+02
1432            	3.17860441e+02
1433            	3.17860366e+02
1434            	3.17860277e+02
1435            	3.17860166e+02
1436            	3.17860065e+02
1437            	3.17859997e+02
1438            	3.17859926e+02
1439            	3.17859864e+02
1440            	3.17859805e+02
1441            	3.17859735e+02
1442            	3.17859669e+02
1443            	3.17859597e+02
1444            	3.17859530e+02
1445            	3.17859467e+02
1446            	3.17859399e+02
1447            	3.17859332e+02
1448            	3.17859264e+02
1449            	3.17859208e+02
1450            	3.17859154e+02
1451            	3.17859127e+02
1452            	3.17859115e+02
1453            	3.17859113e+02
1454            	3.17859137e+02
1455            	3.17859155e+02
1456            	3.17859193e+02
1457            	3.17859209e+02
1458            	3.17859228e+02
1459            	3.17859227e+02
1460            	3.17859212e+02
1461            	3.17859180e+02
1462            	3.17859123e+02
1463            	3.17859058e+02
1464            	3.17858956e+02
1465            	3.17858918e+02
1466            	3.17858843e+02
1467            	3.17858794e+02
1468            	3.17858720e+02
1469            	3.17858653e+02
1470            	3.17858591e+02
1471            	3.17858527e+02
1472            	3.17858529e+02
1473            	3.17858515e+02
1474            	3.17858505e+02
1475            	3.17858495e+02
1476            	3.17858494e+02
1477            	3.17858494e+02
1478            	3.17858511e+02
1479            	3.17858542e+02
1480            	3.17858581e+02
1481            	3.17858628e+02
1482            	3.17858688e+02
1483            	3.17858751e+02
1484            	3.17858831e+02
1485            	3.17858908e+02
1486            	3.17858985e+02
1487            	3.17859056e+02
1488            	3.17859111e+02
1489            	3.17859158e+02
1490            	3.17859183e+02
1491            	3.17859200e+02
1492            	3.17859198e+02
1493            	3.17859182e+02
1494            	3.17859163e+02
1495            	3.17859133e+02
1496            	3.17859112e+02
1497            	3.17859083e+02
1498            	3.17859066e+02
1499            	3.17859050e+02
1500            	3.17859038e+02
1501            	3.17859033e+02
1502            	3.17859037e+02
1503            	3.17859047e+02
1504            	3.17859063e+02
1505            	3.17859085e+02
1506            	3.17859111e+02
1507            	3.17859143e+02
1508            	3.17859179e+02
1509            	3.17859221e+02
1510            	3.17859273e+02
1511            	3.17859325e+02
1512            	3.17859380e+02
1513            	3.17859438e+02
1514            	3.17859499e+02
1515            	3.17859564e+02
1516            	3.17859625e+02
1517            	3.17859683e+02
1518            	3.17859753e+02
1519            	3.17859820e+02
1520            	3.17859886e+02
1521            	3.17859951e+02
1522            	3.17860005e+02
1523            	3.17860038e+02
1524            	3.17860075e+02
1525            	3.17860113e+02
1526            	3.17860148e+02
1527            	3.17860179e+02
1528            	3.17860214e+02
1529            	3.17860244e+02
1530            	3.17860281e+02
1531            	3.17860309e+02
1532            	3.17860337e+02
1533            	3.17860357e+02
1534            	3.17860377e+02
1535            	3.17860395e+02
1536            	3.17860439e+02
1537            	3.17860472e+02
1538            	3.17860496e+02
1539            	3.17860522e+02
1540            	3.17860547e+02
1541            	3.17860569e+02
1542            	3.17860587e+02
1543            	3.17860604e+02
1544            	3.17860614e+02
1545            	3.17860631e+02
1546            	3.17860583e+02
1547            	3.17860608e+02
1548            	3.17860633e+02
1549            	3.17860668e+02
1550            	3.17860720e+02
1551            	3.17860767e+02
1552            	3.17860828e+02
1553            	3.17860881e+02
1554            	3.17860962e+02
1555            	3.17861025e+02
1556            	3.17861082e+02
1557            	3.17861137e+02
1558            	3.17861180e+02
1559            	3.17861224e+02
1560            	3.17861264e+02
1561            	3.17861307e+02
1562            	3.17861351e+02
1563            	3.17861399e+02
1564            	3.17861460e+02
1565            	3.17861520e+02
1566            	3.17861509e+02
1567            	3.17861516e+02
1568            	3.17861515e+02
1569            	3.17861501e+02
1570            	3.17861470e+02
1571            	3.17861420e+02
1572            	3.17861358e+02
1573            	3.17861284e+02
1574            	3.17861234e+02
1575            	3.17861164e+02
1576            	3.17861125e+02
1577            	3.17861071e+02
1578            	3.17861020e+02
1579            	3.17860978e+02
1580            	3.17860942e+02
1581            	3.17860894e+02
1582            	3.17860830e+02
1583            	3.17860776e+02
1584            	3.17860712e+02
1585            	3.17860652e+02
1586            	3.17860584e+02
1587            	3.17860522e+02
1588            	3.17860454e+02
1589            	3.17860398e+02
1590            	3.17860330e+02
1591            	3.17860218e+02
1592            	3.17860103e+02
1593            	3.17859990e+02
1594            	3.17859850e+02
1595            	3.17859714e+02
1596            	3.17859604e+02
1597            	3.17859486e+02
1598            	3.17859426e+02
1599            	3.17859362e+02
1600            	3.17859327e+02
1601            	3.17859324e+02
1602            	3.17859364e+02
1603            	3.17859436e+02
1604            	3.17859545e+02
1605            	3.17859674e+02
1606            	3.17859821e+02
1607            	3.17860000e+02
1608            	3.17860179e+02
1609            	3.17860375e+02
1610            	3.17860581e+02
1611            	3.17860777e+02
1612            	3.17860985e+02
1613            	3.17861184e+02
1614            	3.17861393e+02
1615            	3.17861574e+02
1616            	3.17861739e+02
1617            	3.17861876e+02
1618            	3.17861988e+02
1619            	3.17862074e+02
1620            	3.17862132e+02
1621            	3.17862152e+02
1622            	3.17862148e+02
1623            	3.17862119e+02
1624            	3.17862078e+02
1625            	3.17862028e+02
1626            	3.17861971e+02
1627            	3.17861915e+02
1628            	3.17861876e+02
1629            	3.17861822e+02
1630            	3.17861765e+02
1631            	3.17861711e+02
1632            	3.17861658e+02
1633            	3.17861611e+02
1634            	3.17861567e+02
1635            	3.17861532e+02
1636            	3.17861497e+02
1637            	3.17861469e+02
1638            	3.17861421e+02
1639            	3.17861314e+02
1640            	3.17861225e+02
1641            	3.17861151e+02
1642            	3.17861064e+02
1643            	3.17860973e+02
1644            	3.17860885e+02
1645            	3.17860900e+02
1646            	3.17860852e+02
1647            	3.17860764e+02
1648            	3.17860679e+02
1649            	3.17860621e+02
1650            	3.17860568e+02
1651            	3.17860557e+02
1652            	3.17860576e+02
1653            	3.17860700e+02
1654            	3.17860798e+02
1655            	3.17860946e+02
1656            	3.17861121e+02
1657            	3.17861303e+02
1658            	3.17861502e+02
1659            	3.17861699e+02
1660            	3.17861886e+02
1661            	3.17862034e+02
1662            	3.17862142e+02
1663            	3.17862222e+02
1664            	3.17862265e+02
1665            	3.17862286e+02
1666            	3.17862358e+02
1667            	3.17862387e+02
1668            	3.17862379e+02
1669            	3.17862368e+02
1670            	3.17862343e+02
1671            	3.17862281e+02
1672            	3.17862144e+02
1673            	3.17862044e+02
1674            	3.17861958e+02
1675            	3.17861877e+02
1676            	3.17861808e+02
1677            	3.17861726e+02
1678            	3.17861686e+02
1679            	3.17861643e+02
1680            	3.17861632e+02
1681            	3.17861636e+02
1682            	3.17861664e+02
1683            	3.17861713e+02
1684            	3.17861779e+02
1685            	3.17861850e+02
1686            	3.17861946e+02
1687            	3.17862074e+02
1688            	3.17862212e+02
1689            	3.17862367e+02
1690            	3.17862528e+02
1691            	3.17862668e+02
1692            	3.17862766e+02
1693            	3.17862846e+02
1694            	3.17862906e+02
1695            	3.17862929e+02
1696            	3.17862925e+02
1697            	3.17862968e+02
1698            	3.17862942e+02
1699            	3.17862874e+02
1700            	3.17862775e+02
1701            	3.17862652e+02
1702            	3.17862497e+02
1703            	3.17862335e+02
1704            	3.17862190e+02
1705            	3.17862093e+02
1706            	3.17862029e+02
1707            	3.17861988e+02
1708            	3.17862010e+02
1709            	3.17862057e+02
1710            	3.17862091e+02
1711            	3.17862094e+02
1712            	3.17862067e+02
1713            	3.17862051e+02
1714            	3.17862030e+02
1715            	3.17862015e+02
1716            	3.17861989e+02
1717            	3.17861996e+02
1718            	3.17862022e+02
1719            	3.17862056e+02
1720            	3.17862131e+02
1721            	3.17862193e+02
1722            	3.17862260e+02
1723            	3.17862316e+02
1724            	3.17862351e+02
1725            	3.17862361e+02
1726            	3.17862330e+02
1727            	3.17862290e+02
1728            	3.17862225e+02
1729            	3.17862153e+02
1730            	3.17862059e+02
1731            	3.17861964e+02
1732            	3.17861847e+02
1733            	3.17861734e+02
1734            	3.17861612e+02
1735            	3.17861495e+02
1736            	3.17861382e+02
1737            	3.17861267e+02
1738            	3.17861178e+02
1739            	3.17861081e+02
1740            	3.17860997e+02
1741            	3.17860926e+02
1742            	3.17860868e+02
1743            	3.17860827e+02
1744            	3.17860804e+02
1745            	3.17860803e+02
1746            	3.17860831e+02
1747            	3.17860884e+02
1748            	3.17860975e+02
1749            	3.17861087e+02
1750            	3.17861228e+02
1751            	3.17861382e+02
1752            	3.17861551e+02
1753            	3.17861721e+02
1754            	3.17861893e+02
1755            	3.17862062e+02
1756            	3.17862207e+02
1757            	3.17862344e+02
1758            	3.17862475e+02
1759            	3.17862576e+02
1760            	3.17862660e+02
1761            	3.17862727e+02
1762            	3.17862780e+02
1763            	3.17862816e+02
1764            	3.17862841e+02
1765            	3.17862841e+02
1766            	3.17862827e+02
1767            	3.17862795e+02
1768            	3.17862752e+02
1769            	3.17862696e+02
1770            	3.17862624e+02
1771            	3.17862544e+02
1772            	3.17862447e+02
1773            	3.17862340e+02
1774            	3.17862212e+02
1775            	3.17862074e+02
1776            	3.17861949e+02
1777            	3.17861791e+02
1778            	3.17861662e+02
1779            	3.17861524e+02
1780            	3.17861393e+02
1781            	3.17861263e+02
1782            	3.17861149e+02
1783            	3.17861046e+02
1784            	3.17860952e+02
1785            	3.17860874e+02
1786            	3.17860791e+02
1787            	3.17860731e+02
1788            	3.17860670e+02
1789            	3.17860631e+02
1790            	3.17860606e+02
1791            	3.17860632e+02
1792            	3.17860664e+02
1793            	3.17860716e+02
1794            	3.17860774e+02
1795            	3.17860835e+02
1796            	3.17860914e+02
1797            	3.17860964e+02
1798            	3.17861013e+02
1799            	3.17861056e+02
1800            	3.17861090e+02
1801            	3.17861104e+02
1802            	3.17861113e+02
1803            	3.17861106e+02
1804            	3.17861175e+02
1805            	3.17861193e+02
1806            	3.17861203e+02
1807            	3.17861206e+02
1808            	3.17861185e+02
1809            	3.17861183e+02
1810            	3.17861196e+02
1811            	3.17861213e+02
1812            	3.17861234e+02
1813            	3.17861261e+02
1814            	3.17861265e+02
1815            	3.17861279e+02
1816            	3.17861300e+02
1817            	3.17861333e+02
1818            	3.17861363e+02
1819            	3.17861389e+02
1820            	3.17861426e+02
1821            	3.17861485e+02
1822            	3.17861556e+02
1823            	3.17861619e+02
1824            	3.17861679e+02
1825            	3.17861744e+02
1826            	3.17861798e+02
1827            	3.17861857e+02
1828            	3.17861909e+02
1829            	3.17861954e+02
1830            	3.17861997e+02
1831            	3.17862050e+02
1832            	3.17862092e+02
1833            	3.17862108e+02
1834            	3.17862126e+02
1835            	3.17862130e+02
1836            	3.17862131e+02
1837            	3.17862096e+02
1838            	3.17862064e+02
1839            	3.17862037e+02
1840            	3.17861996e+02
1841            	3.17861954e+02
1842            	3.17861894e+02
1843            	3.17861836e+02
1844            	3.17861761e+02
1845            	3.17861687e+02
1846            	3.17861601e+02
1847            	3.17861532e+02
1848            	3.17861464e+02
1849            	3.17861407e+02
1850            	3.17861356e+02
1851            	3.17861323e+02
1852            	3.17861321e+02
1853            	3.17861348e+02
1854            	3.17861414e+02
1855            	3.17861502e+02
1856            	3.17861628e+02
1857            	3.17861780e+02
1858            	3.17861968e+02
1859            	3.17862160e+02
1860            	3.17862340e+02
1861            	3.17862528e+02
1862            	3.17862708e+02
1863            	3.17862871e+02
1864            	3.17863010e+02
1865            	3.17863127e+02
1866            	3.17863211e+02
1867            	3.17863272e+02
1868            	3.17863307e+02
1869            	3.17863313e+02
1870            	3.17863291e+02
1871            	3.17863222e+02
1872            	3.17863128e+02
1873            	3.17862999e+02
1874            	3.17862841e+02
1875            	3.17862666e+02
1876            	3.17862476e+02
1877            	3.17862299e+02
1878            	3.17862113e+02
1879            	3.17861952e+02
1880            	3.17861802e+02
1881            	3.17861669e+02
1882            	3.17861550e+02
1883            	3.17861450e+02
1884            	3.17861364e+02
1885            	3.17861301e+02
1886            	3.17861246e+02
1887            	3.17861214e+02
1888            	3.17861190e+02
1889            	3.17861184e+02
1890            	3.17861192e+02
1891            	3.17861206e+02
1892            	3.17861232e+02
1893            	3.17861268e+02
1894            	3.17861296e+02
1895            	3.17861299e+02
1896            	3.17861307e+02
1897            	3.17861317e+02
1898            	3.17861321e+02
1899            	3.17861336e+02
1900            	3.17861346e+02
1901            	3.17861357e+02
1902            	3.17861354e+02
1903            	3.17861372e+02
1904            	3.17861382e+02
1905            	3.17861395e+02
1906            	3.17861427e+02
1907            	3.17861434e+02
1908            	3.17861427e+02
1909            	3.17861416e+02
1910            	3.17861395e+02
1911            	3.17861374e+02
1912            	3.17861353e+02
1913            	3.17861329e+02
1914            	3.17861318e+02
1915            	3.17861318e+02
1916            	3.17861329e+02
1917            	3.17861353e+02
1918            	3.17861372e+02
1919            	3.17861423e+02
1920            	3.17861451e+02
1921            	3.17861481e+02
1922            	3.17861507e+02
1923            	3.17861521e+02
1924            	3.17861531e+02
1925            	3.17861523e+02
1926            	3.17861514e+02
1927            	3.17861486e+02
1928            	3.17861431e+02
1929            	3.17861370e+02
1930            	3.17861304e+02
1931            	3.17861240e+02
1932            	3.17861175e+02
1933            	3.17861120e+02
1934            	3.17861070e+02
1935            	3.17861024e+02
1936            	3.17860981e+02
1937            	3.17860941e+02
1938            	3.17860903e+02
1939            	3.17860863e+02
1940            	3.17860822e+02
1941            	3.17860785e+02
1942            	3.17860747e+02
1943            	3.17860715e+02
1944            	3.17860686e+02
1945            	3.17860660e+02
1946            	3.17860643e+02
1947            	3.17860625e+02
1948            	3.17860614e+02
1949            	3.17860593e+02
1950            	3.17860579e+02
1951            	3.17860570e+02
1952            	3.17860574e+02
1953            	3.17860563e+02
1954            	3.17860569e+02
1955            	3.17860585e+02
1956            	3.17860611e+02
1957            	3.17860640e+02
1958            	3.17860686e+02
1959            	3.17860729e+02
1960            	3.17860774e+02
1961            	3.17860820e+02
1962            	3.17860859e+02
1963            	3.17860897e+02
1964            	3.17860932e+02
1965            	3.17860970e+02
1966            	3.17861000e+02
1967            	3.17861038e+02
1968            	3.17861078e+02
1969            	3.17861122e+02
1970            	3.17861215e+02
1971            	3.17861295e+02
1972            	3.17861372e+02
1973            	3.17861445e+02
1974            	3.17861523e+02
1975            	3.17861604e+02
1976            	3.17861641e+02
1977            	3.17861680e+02
1978            	3.17861668e+02
1979            	3.17861664e+02
1980            	3.17861635e+02
1981            	3.17861572e+02
1982            	3.17861489e+02
1983            	3.17861400e+02
1984            	3.17861293e+02
1985            	3.17861176e+02
1986            	3.17861095e+02
1987            	3.17861009e+02
1988            	3.17860918e+02
1989            	3.17860797e+02
1990            	3.17860688e+02
1991            	3.17860565e+02
1992            	3.17860463e+02
1993            	3.17860379e+02
1994            	3.17860309e+02
1995            	3.17860270e+02
1996            	3.17860240e+02
1997            	3.17860249e+02
1998            	3.17860274e+02
1999            	3.17860238e+02
2000            	3.17860245e+02
