# Region        : cellZone component_3
# Cells         : 62
# Volume        : 1.16090338e-01
# Time          	volAverage(T)
1               	3.01532392e+02
2               	3.03045663e+02
3               	3.04233879e+02
4               	3.05244053e+02
5               	3.06223312e+02
6               	3.07207253e+02
7               	3.08165580e+02
8               	3.09075097e+02
9               	3.09928854e+02
10              	3.10748653e+02
11              	3.11531581e+02
12              	3.12292857e+02
13              	3.13047140e+02
14              	3.13802756e+02
15              	3.14503863e+02
16              	3.15129725e+02
17              	3.15711239e+02
18              	3.16319350e+02
19              	3.16937925e+02
20              	3.17548171e+02
21              	3.18106557e+02
22              	3.18557924e+02
23              	3.18897923e+02
24              	3.19243890e+02
25              	3.19581167e+02
26              	3.19961333e+02
27              	3.20369138e+02
28              	3.20734482e+02
29              	3.21083535e+02
30              	3.21401409e+02
31              	3.21712450e+02
32              	3.22060350e+02
33              	3.22350037e+02
34              	3.22617946e+02
35              	3.22885080e+02
36              	3.23140027e+02
37              	3.23433970e+02
38              	3.23703175e+02
39              	3.23987370e+02
40              	3.24273657e+02
41              	3.24596696e+02
42              	3.24879176e+02
43              	3.25136435e+02
44              	3.25338634e+02
45              	3.25554688e+02
46              	3.25780222e+02
47              	3.26007292e+02
48              	3.26259261e+02
49              	3.26553432e+02
50              	3.26866587e+02
51              	3.27130762e+02
52              	3.27327576e+02
53              	3.27537400e+02
54              	3.27714435e+02
55              	3.27879660e+02
56              	3.28042186e+02
57              	3.28216377e+02
58              	3.28344803e+02
59              	3.28464897e+02
60              	3.28605376e+02
61              	3.28799761e+02
62              	3.29011872e+02
63              	3.29174595e+02
64              	3.29370359e+02
65              	3.29478565e+02
66              	3.29508247e+02
67              	3.29517074e+02
68              	3.29633317e+02
69              	3.29818427e+02
70              	3.30022580e+02
71              	3.30226039e+02
72              	3.30442260e+02
73              	3.30650365e+02
74              	3.30814380e+02
75              	3.30921425e+02
76              	3.31032452e+02
77              	3.31109400e+02
78              	3.31212036e+02
79              	3.31296672e+02
80              	3.31377411e+02
81              	3.31415545e+02
82              	3.31518443e+02
83              	3.31628731e+02
84              	3.31732978e+02
85              	3.31867996e+02
86              	3.32058610e+02
87              	3.32286542e+02
88              	3.32526080e+02
89              	3.32745158e+02
90              	3.32911383e+02
91              	3.33041448e+02
92              	3.33119055e+02
93              	3.33152429e+02
94              	3.33172442e+02
95              	3.33177372e+02
96              	3.33185848e+02
97              	3.33202202e+02
98              	3.33252952e+02
99              	3.33313062e+02
100             	3.33408485e+02
101             	3.33555504e+02
102             	3.33746507e+02
103             	3.33966950e+02
104             	3.34189069e+02
105             	3.34317907e+02
106             	3.34412097e+02
107             	3.34457150e+02
108             	3.34461987e+02
109             	3.34437642e+02
110             	3.34389826e+02
111             	3.34328952e+02
112             	3.34260140e+02
113             	3.34196029e+02
114             	3.34155633e+02
115             	3.34175207e+02
116             	3.34215987e+02
117             	3.34296831e+02
118             	3.34423244e+02
119             	3.34589981e+02
120             	3.34739546e+02
121             	3.34874297e+02
122             	3.34928439e+02
123             	3.34970906e+02
124             	3.34998198e+02
125             	3.35002009e+02
126             	3.34983762e+02
127             	3.34945229e+02
128             	3.34902802e+02
129             	3.34860895e+02
130             	3.34839168e+02
131             	3.34851476e+02
132             	3.34880279e+02
133             	3.34921603e+02
134             	3.34972673e+02
135             	3.35028567e+02
136             	3.35033489e+02
137             	3.35035999e+02
138             	3.35031049e+02
139             	3.35023341e+02
140             	3.34981728e+02
141             	3.34954593e+02
142             	3.34936167e+02
143             	3.34922101e+02
144             	3.34905310e+02
145             	3.34913293e+02
146             	3.34946114e+02
147             	3.34989955e+02
148             	3.35041254e+02
149             	3.35093574e+02
150             	3.35141117e+02
151             	3.35149192e+02
152             	3.35162236e+02
153             	3.35175909e+02
154             	3.35150455e+02
155             	3.35135620e+02
156             	3.35127491e+02
157             	3.35119829e+02
158             	3.35117135e+02
159             	3.35133203e+02
160             	3.35166607e+02
161             	3.35210887e+02
162             	3.35259040e+02
163             	3.35301050e+02
164             	3.35347431e+02
165             	3.35394507e+02
166             	3.35437019e+02
167             	3.35475169e+02
168             	3.35447626e+02
169             	3.35424939e+02
170             	3.35408914e+02
171             	3.35393663e+02
172             	3.35377016e+02
173             	3.35359313e+02
174             	3.35315011e+02
175             	3.35288713e+02
176             	3.35271951e+02
177             	3.35268534e+02
178             	3.35273994e+02
179             	3.35290076e+02
180             	3.35310509e+02
181             	3.35340866e+02
182             	3.35371108e+02
183             	3.35395716e+02
184             	3.35412867e+02
185             	3.35422732e+02
186             	3.35427326e+02
187             	3.35419422e+02
188             	3.35396687e+02
189             	3.35368220e+02
190             	3.35345030e+02
191             	3.35309891e+02
192             	3.35276623e+02
193             	3.35254287e+02
194             	3.35243098e+02
195             	3.35238522e+02
196             	3.35237585e+02
197             	3.35239171e+02
198             	3.35241524e+02
199             	3.35242802e+02
200             	3.35240561e+02
201             	3.35250387e+02
202             	3.35268291e+02
203             	3.35288816e+02
204             	3.35308151e+02
205             	3.35324606e+02
206             	3.35337118e+02
207             	3.35297191e+02
208             	3.35269021e+02
209             	3.35247447e+02
210             	3.35228026e+02
211             	3.35208758e+02
212             	3.35190052e+02
213             	3.35176505e+02
214             	3.35174480e+02
215             	3.35182796e+02
216             	3.35196693e+02
217             	3.35217866e+02
218             	3.35229222e+02
219             	3.35238273e+02
220             	3.35245434e+02
221             	3.35257575e+02
222             	3.35269244e+02
223             	3.35277891e+02
224             	3.35290495e+02
225             	3.35305020e+02
226             	3.35316081e+02
227             	3.35287767e+02
228             	3.35265851e+02
229             	3.35250271e+02
230             	3.35237045e+02
231             	3.35225187e+02
232             	3.35215555e+02
233             	3.35209103e+02
234             	3.35213029e+02
235             	3.35233408e+02
236             	3.35259629e+02
237             	3.35286006e+02
238             	3.35309128e+02
239             	3.35327693e+02
240             	3.35335834e+02
241             	3.35328165e+02
242             	3.35309283e+02
243             	3.35284003e+02
244             	3.35258501e+02
245             	3.35235629e+02
246             	3.35217504e+02
247             	3.35206181e+02
248             	3.35201984e+02
249             	3.35209533e+02
250             	3.35231380e+02
251             	3.35262122e+02
252             	3.35294785e+02
253             	3.35323272e+02
254             	3.35343190e+02
255             	3.35353206e+02
256             	3.35353073e+02
257             	3.35343613e+02
258             	3.35327003e+02
259             	3.35306787e+02
260             	3.35286941e+02
261             	3.35269618e+02
262             	3.35249881e+02
263             	3.35232024e+02
264             	3.35220294e+02
265             	3.35214280e+02
266             	3.35213623e+02
267             	3.35217499e+02
268             	3.35224600e+02
269             	3.35233709e+02
270             	3.35244282e+02
271             	3.35253792e+02
272             	3.35262055e+02
273             	3.35270048e+02
274             	3.35278055e+02
275             	3.35284732e+02
276             	3.35289919e+02
277             	3.35293589e+02
278             	3.35297295e+02
279             	3.35301201e+02
280             	3.35303870e+02
281             	3.35305227e+02
282             	3.35306509e+02
283             	3.35309394e+02
284             	3.35313749e+02
285             	3.35317067e+02
286             	3.35317405e+02
287             	3.35317480e+02
288             	3.35318406e+02
289             	3.35320639e+02
290             	3.35325397e+02
291             	3.35334525e+02
292             	3.35347009e+02
293             	3.35360864e+02
294             	3.35377006e+02
295             	3.35393403e+02
296             	3.35409056e+02
297             	3.35421450e+02
298             	3.35429652e+02
299             	3.35432549e+02
300             	3.35429673e+02
301             	3.35423289e+02
302             	3.35415783e+02
303             	3.35410575e+02
304             	3.35407808e+02
305             	3.35407769e+02
306             	3.35410307e+02
307             	3.35414740e+02
308             	3.35421816e+02
309             	3.35429106e+02
310             	3.35437569e+02
311             	3.35446177e+02
312             	3.35452924e+02
313             	3.35457425e+02
314             	3.35459888e+02
315             	3.35460460e+02
316             	3.35453802e+02
317             	3.35445681e+02
318             	3.35438816e+02
319             	3.35433192e+02
320             	3.35429528e+02
321             	3.35427758e+02
322             	3.35427389e+02
323             	3.35429020e+02
324             	3.35435451e+02
325             	3.35443180e+02
326             	3.35449920e+02
327             	3.35455602e+02
328             	3.35460440e+02
329             	3.35464236e+02
330             	3.35465109e+02
331             	3.35461728e+02
332             	3.35457107e+02
333             	3.35452660e+02
334             	3.35448756e+02
335             	3.35445949e+02
336             	3.35444549e+02
337             	3.35444604e+02
338             	3.35446062e+02
339             	3.35448252e+02
340             	3.35449802e+02
341             	3.35450713e+02
342             	3.35451961e+02
343             	3.35453867e+02
344             	3.35456004e+02
345             	3.35458208e+02
346             	3.35460748e+02
347             	3.35463966e+02
348             	3.35467879e+02
349             	3.35472182e+02
350             	3.35476483e+02
351             	3.35479397e+02
352             	3.35479226e+02
353             	3.35477561e+02
354             	3.35474911e+02
355             	3.35471612e+02
356             	3.35467588e+02
357             	3.35463276e+02
358             	3.35459219e+02
359             	3.35456405e+02
360             	3.35454776e+02
361             	3.35454668e+02
362             	3.35456625e+02
363             	3.35460146e+02
364             	3.35464570e+02
365             	3.35469214e+02
366             	3.35473453e+02
367             	3.35477069e+02
368             	3.35479568e+02
369             	3.35480791e+02
370             	3.35480829e+02
371             	3.35479778e+02
372             	3.35477598e+02
373             	3.35474928e+02
374             	3.35472416e+02
375             	3.35470750e+02
376             	3.35470291e+02
377             	3.35470823e+02
378             	3.35471958e+02
379             	3.35473521e+02
380             	3.35475319e+02
381             	3.35477237e+02
382             	3.35478923e+02
383             	3.35479899e+02
384             	3.35480216e+02
385             	3.35479769e+02
386             	3.35478735e+02
387             	3.35477407e+02
388             	3.35475835e+02
389             	3.35474582e+02
390             	3.35474222e+02
391             	3.35474215e+02
392             	3.35474270e+02
393             	3.35474561e+02
394             	3.35475008e+02
395             	3.35475570e+02
396             	3.35476324e+02
397             	3.35476814e+02
398             	3.35477047e+02
399             	3.35476594e+02
400             	3.35475716e+02
401             	3.35474594e+02
402             	3.35473496e+02
403             	3.35472453e+02
404             	3.35471704e+02
405             	3.35471720e+02
406             	3.35472553e+02
407             	3.35473635e+02
408             	3.35474759e+02
409             	3.35475728e+02
410             	3.35476521e+02
411             	3.35477029e+02
412             	3.35476949e+02
413             	3.35476486e+02
414             	3.35475946e+02
415             	3.35475431e+02
416             	3.35474564e+02
417             	3.35473790e+02
418             	3.35473246e+02
419             	3.35472974e+02
420             	3.35473233e+02
421             	3.35473773e+02
422             	3.35474396e+02
423             	3.35475273e+02
424             	3.35476152e+02
425             	3.35477066e+02
426             	3.35478160e+02
427             	3.35479115e+02
428             	3.35479853e+02
429             	3.35480436e+02
430             	3.35480777e+02
431             	3.35480945e+02
432             	3.35480898e+02
433             	3.35480395e+02
434             	3.35479394e+02
435             	3.35478310e+02
436             	3.35477218e+02
437             	3.35475999e+02
438             	3.35474732e+02
439             	3.35473653e+02
440             	3.35472999e+02
441             	3.35473261e+02
442             	3.35474341e+02
443             	3.35475837e+02
444             	3.35477726e+02
445             	3.35479835e+02
446             	3.35482040e+02
447             	3.35484013e+02
448             	3.35485059e+02
449             	3.35484920e+02
450             	3.35483766e+02
451             	3.35481917e+02
452             	3.35479857e+02
453             	3.35477916e+02
454             	3.35476141e+02
455             	3.35474891e+02
456             	3.35474436e+02
457             	3.35474789e+02
458             	3.35475885e+02
459             	3.35477282e+02
460             	3.35479060e+02
461             	3.35480861e+02
462             	3.35482340e+02
463             	3.35483297e+02
464             	3.35483742e+02
465             	3.35483599e+02
466             	3.35483007e+02
467             	3.35481949e+02
468             	3.35480604e+02
469             	3.35479448e+02
470             	3.35478672e+02
471             	3.35478311e+02
472             	3.35478344e+02
473             	3.35478650e+02
474             	3.35479132e+02
475             	3.35479601e+02
476             	3.35479959e+02
477             	3.35480075e+02
478             	3.35480181e+02
479             	3.35480256e+02
480             	3.35480221e+02
481             	3.35480184e+02
482             	3.35480349e+02
483             	3.35480709e+02
484             	3.35481322e+02
485             	3.35482179e+02
486             	3.35483046e+02
487             	3.35483699e+02
488             	3.35484144e+02
489             	3.35484262e+02
490             	3.35484091e+02
491             	3.35483698e+02
492             	3.35483066e+02
493             	3.35482372e+02
494             	3.35481829e+02
495             	3.35481480e+02
496             	3.35481384e+02
497             	3.35481591e+02
498             	3.35482041e+02
499             	3.35482688e+02
500             	3.35483493e+02
501             	3.35484229e+02
502             	3.35484751e+02
503             	3.35485018e+02
504             	3.35484998e+02
505             	3.35484769e+02
506             	3.35484490e+02
507             	3.35484124e+02
508             	3.35483764e+02
509             	3.35483747e+02
510             	3.35483853e+02
511             	3.35484005e+02
512             	3.35484253e+02
513             	3.35484484e+02
514             	3.35484671e+02
515             	3.35484882e+02
516             	3.35485052e+02
517             	3.35484924e+02
518             	3.35484717e+02
519             	3.35484496e+02
520             	3.35484291e+02
521             	3.35484170e+02
522             	3.35484078e+02
523             	3.35484024e+02
524             	3.35484078e+02
525             	3.35484147e+02
526             	3.35484239e+02
527             	3.35484383e+02
528             	3.35484496e+02
529             	3.35484573e+02
530             	3.35484755e+02
531             	3.35485005e+02
532             	3.35485246e+02
533             	3.35485526e+02
534             	3.35485777e+02
535             	3.35485991e+02
536             	3.35486231e+02
537             	3.35486404e+02
538             	3.35486514e+02
539             	3.35486569e+02
540             	3.35486557e+02
541             	3.35486474e+02
542             	3.35486366e+02
543             	3.35486153e+02
544             	3.35485907e+02
545             	3.35485708e+02
546             	3.35485519e+02
547             	3.35485356e+02
548             	3.35485284e+02
549             	3.35485208e+02
550             	3.35485147e+02
551             	3.35485148e+02
552             	3.35485158e+02
553             	3.35485289e+02
554             	3.35485521e+02
555             	3.35485725e+02
556             	3.35485895e+02
557             	3.35486098e+02
558             	3.35486237e+02
559             	3.35486232e+02
560             	3.35486217e+02
561             	3.35486035e+02
562             	3.35485770e+02
563             	3.35485549e+02
564             	3.35485343e+02
565             	3.35485111e+02
566             	3.35484941e+02
567             	3.35484798e+02
568             	3.35484688e+02
569             	3.35484758e+02
570             	3.35484898e+02
571             	3.35485090e+02
572             	3.35485397e+02
573             	3.35485691e+02
574             	3.35485938e+02
575             	3.35486204e+02
576             	3.35486417e+02
577             	3.35486546e+02
578             	3.35486632e+02
579             	3.35486571e+02
580             	3.35486448e+02
581             	3.35486288e+02
582             	3.35486072e+02
583             	3.35485846e+02
584             	3.35485701e+02
585             	3.35485585e+02
586             	3.35485486e+02
587             	3.35485471e+02
588             	3.35485472e+02
589             	3.35485531e+02
590             	3.35485667e+02
591             	3.35485772e+02
592             	3.35485865e+02
593             	3.35485987e+02
594             	3.35486047e+02
595             	3.35486057e+02
596             	3.35486068e+02
597             	3.35486029e+02
598             	3.35485964e+02
599             	3.35485945e+02
600             	3.35485930e+02
601             	3.35485905e+02
602             	3.35485934e+02
603             	3.35485945e+02
604             	3.35485955e+02
605             	3.35486025e+02
606             	3.35486013e+02
607             	3.35485943e+02
608             	3.35485924e+02
609             	3.35485881e+02
610             	3.35485813e+02
611             	3.35485788e+02
612             	3.35485761e+02
613             	3.35485721e+02
614             	3.35485735e+02
615             	3.35485761e+02
616             	3.35485790e+02
617             	3.35485900e+02
618             	3.35485996e+02
619             	3.35486050e+02
620             	3.35486137e+02
621             	3.35486180e+02
622             	3.35486182e+02
623             	3.35486213e+02
624             	3.35486216e+02
625             	3.35486183e+02
626             	3.35486187e+02
627             	3.35486161e+02
628             	3.35486119e+02
629             	3.35486126e+02
630             	3.35486093e+02
631             	3.35485987e+02
632             	3.35485931e+02
633             	3.35485859e+02
634             	3.35485772e+02
635             	3.35485744e+02
636             	3.35485717e+02
637             	3.35485675e+02
638             	3.35485701e+02
639             	3.35485732e+02
640             	3.35485786e+02
641             	3.35485932e+02
642             	3.35486064e+02
643             	3.35486158e+02
644             	3.35486288e+02
645             	3.35486382e+02
646             	3.35486436e+02
647             	3.35486504e+02
648             	3.35486539e+02
649             	3.35486540e+02
650             	3.35486544e+02
651             	3.35486508e+02
652             	3.35486448e+02
653             	3.35486434e+02
654             	3.35486403e+02
655             	3.35486354e+02
656             	3.35486365e+02
657             	3.35486352e+02
658             	3.35486320e+02
659             	3.35486332e+02
660             	3.35486333e+02
661             	3.35486286e+02
662             	3.35486265e+02
663             	3.35486222e+02
664             	3.35486166e+02
665             	3.35486179e+02
666             	3.35486188e+02
667             	3.35486201e+02
668             	3.35486275e+02
669             	3.35486312e+02
670             	3.35486323e+02
671             	3.35486360e+02
672             	3.35486369e+02
673             	3.35486342e+02
674             	3.35486347e+02
675             	3.35486318e+02
676             	3.35486270e+02
677             	3.35486281e+02
678             	3.35486289e+02
679             	3.35486309e+02
680             	3.35486401e+02
681             	3.35486456e+02
682             	3.35486483e+02
683             	3.35486540e+02
684             	3.35486585e+02
685             	3.35486591e+02
686             	3.35486624e+02
687             	3.35486621e+02
688             	3.35486578e+02
689             	3.35486566e+02
690             	3.35486535e+02
691             	3.35486462e+02
692             	3.35486431e+02
693             	3.35486381e+02
694             	3.35486328e+02
695             	3.35486340e+02
696             	3.35486365e+02
697             	3.35486377e+02
698             	3.35486437e+02
699             	3.35486475e+02
700             	3.35486488e+02
701             	3.35486535e+02
702             	3.35486550e+02
703             	3.35486519e+02
704             	3.35486519e+02
705             	3.35486484e+02
706             	3.35486432e+02
707             	3.35486414e+02
708             	3.35486380e+02
709             	3.35486329e+02
710             	3.35486328e+02
711             	3.35486316e+02
712             	3.35486308e+02
713             	3.35486368e+02
714             	3.35486415e+02
715             	3.35486429e+02
716             	3.35486476e+02
717             	3.35486480e+02
718             	3.35486452e+02
719             	3.35486449e+02
720             	3.35486405e+02
721             	3.35486333e+02
722             	3.35486309e+02
723             	3.35486273e+02
724             	3.35486246e+02
725             	3.35486274e+02
726             	3.35486287e+02
727             	3.35486277e+02
728             	3.35486328e+02
729             	3.35486358e+02
730             	3.35486371e+02
731             	3.35486424e+02
732             	3.35486468e+02
733             	3.35486480e+02
734             	3.35486510e+02
735             	3.35486506e+02
736             	3.35486486e+02
737             	3.35486505e+02
738             	3.35486507e+02
739             	3.35486480e+02
740             	3.35486497e+02
741             	3.35486488e+02
742             	3.35486463e+02
743             	3.35486486e+02
744             	3.35486499e+02
745             	3.35486483e+02
746             	3.35486506e+02
747             	3.35486508e+02
748             	3.35486493e+02
749             	3.35486520e+02
750             	3.35486526e+02
751             	3.35486501e+02
752             	3.35486517e+02
753             	3.35486506e+02
754             	3.35486476e+02
755             	3.35486492e+02
756             	3.35486496e+02
757             	3.35486477e+02
758             	3.35486496e+02
759             	3.35486493e+02
760             	3.35486479e+02
761             	3.35486510e+02
762             	3.35486518e+02
763             	3.35486505e+02
764             	3.35486538e+02
765             	3.35486544e+02
766             	3.35486533e+02
767             	3.35486561e+02
768             	3.35486578e+02
769             	3.35486567e+02
770             	3.35486590e+02
771             	3.35486580e+02
772             	3.35486550e+02
773             	3.35486561e+02
774             	3.35486553e+02
775             	3.35486520e+02
776             	3.35486535e+02
777             	3.35486530e+02
778             	3.35486513e+02
779             	3.35486548e+02
780             	3.35486581e+02
781             	3.35486596e+02
782             	3.35486651e+02
783             	3.35486677e+02
784             	3.35486682e+02
785             	3.35486723e+02
786             	3.35486741e+02
787             	3.35486720e+02
788             	3.35486725e+02
789             	3.35486697e+02
790             	3.35486650e+02
791             	3.35486649e+02
792             	3.35486640e+02
793             	3.35486614e+02
794             	3.35486636e+02
795             	3.35486639e+02
796             	3.35486629e+02
797             	3.35486660e+02
798             	3.35486667e+02
799             	3.35486648e+02
800             	3.35486674e+02
801             	3.35486673e+02
802             	3.35486654e+02
803             	3.35486674e+02
804             	3.35486677e+02
805             	3.35486657e+02
806             	3.35486678e+02
807             	3.35486675e+02
808             	3.35486653e+02
809             	3.35486668e+02
810             	3.35486659e+02
811             	3.35486621e+02
812             	3.35486627e+02
813             	3.35486612e+02
814             	3.35486583e+02
815             	3.35486609e+02
816             	3.35486632e+02
817             	3.35486640e+02
818             	3.35486691e+02
819             	3.35486716e+02
820             	3.35486721e+02
821             	3.35486760e+02
822             	3.35486774e+02
823             	3.35486749e+02
824             	3.35486764e+02
825             	3.35486748e+02
826             	3.35486715e+02
827             	3.35486727e+02
828             	3.35486732e+02
829             	3.35486713e+02
830             	3.35486733e+02
831             	3.35486732e+02
832             	3.35486711e+02
833             	3.35486731e+02
834             	3.35486731e+02
835             	3.35486706e+02
836             	3.35486729e+02
837             	3.35486733e+02
838             	3.35486724e+02
839             	3.35486763e+02
840             	3.35486794e+02
841             	3.35486802e+02
842             	3.35486847e+02
843             	3.35486862e+02
844             	3.35486854e+02
845             	3.35486876e+02
846             	3.35486865e+02
847             	3.35486817e+02
848             	3.35486806e+02
849             	3.35486765e+02
850             	3.35486708e+02
851             	3.35486703e+02
852             	3.35486695e+02
853             	3.35486672e+02
854             	3.35486695e+02
855             	3.35486698e+02
856             	3.35486694e+02
857             	3.35486733e+02
858             	3.35486750e+02
859             	3.35486735e+02
860             	3.35486763e+02
861             	3.35486763e+02
862             	3.35486745e+02
863             	3.35486768e+02
864             	3.35486785e+02
865             	3.35486786e+02
866             	3.35486832e+02
867             	3.35486854e+02
868             	3.35486854e+02
869             	3.35486888e+02
870             	3.35486897e+02
871             	3.35486872e+02
872             	3.35486888e+02
873             	3.35486875e+02
874             	3.35486838e+02
875             	3.35486841e+02
876             	3.35486831e+02
877             	3.35486806e+02
878             	3.35486823e+02
879             	3.35486812e+02
880             	3.35486793e+02
881             	3.35486818e+02
882             	3.35486823e+02
883             	3.35486798e+02
884             	3.35486816e+02
885             	3.35486808e+02
886             	3.35486788e+02
887             	3.35486803e+02
888             	3.35486805e+02
889             	3.35486789e+02
890             	3.35486816e+02
891             	3.35486822e+02
892             	3.35486813e+02
893             	3.35486845e+02
894             	3.35486857e+02
895             	3.35486834e+02
896             	3.35486855e+02
897             	3.35486848e+02
898             	3.35486820e+02
899             	3.35486833e+02
900             	3.35486836e+02
901             	3.35486818e+02
902             	3.35486841e+02
903             	3.35486839e+02
904             	3.35486821e+02
905             	3.35486843e+02
906             	3.35486846e+02
907             	3.35486819e+02
908             	3.35486834e+02
909             	3.35486825e+02
910             	3.35486798e+02
911             	3.35486815e+02
912             	3.35486820e+02
913             	3.35486805e+02
914             	3.35486828e+02
915             	3.35486823e+02
916             	3.35486801e+02
917             	3.35486810e+02
918             	3.35486791e+02
919             	3.35486742e+02
920             	3.35486734e+02
921             	3.35486700e+02
922             	3.35486650e+02
923             	3.35486650e+02
924             	3.35486644e+02
925             	3.35486624e+02
926             	3.35486655e+02
927             	3.35486666e+02
928             	3.35486668e+02
929             	3.35486711e+02
930             	3.35486731e+02
931             	3.35486718e+02
932             	3.35486745e+02
933             	3.35486741e+02
934             	3.35486718e+02
935             	3.35486734e+02
936             	3.35486731e+02
937             	3.35486706e+02
938             	3.35486711e+02
939             	3.35486689e+02
940             	3.35486652e+02
941             	3.35486661e+02
942             	3.35486650e+02
943             	3.35486616e+02
944             	3.35486640e+02
945             	3.35486646e+02
946             	3.35486638e+02
947             	3.35486683e+02
948             	3.35486726e+02
949             	3.35486748e+02
950             	3.35486810e+02
951             	3.35486846e+02
952             	3.35486862e+02
953             	3.35486901e+02
954             	3.35486908e+02
955             	3.35486875e+02
956             	3.35486868e+02
957             	3.35486827e+02
958             	3.35486766e+02
959             	3.35486756e+02
960             	3.35486741e+02
961             	3.35486713e+02
962             	3.35486736e+02
963             	3.35486747e+02
964             	3.35486749e+02
965             	3.35486796e+02
966             	3.35486823e+02
967             	3.35486828e+02
968             	3.35486877e+02
969             	3.35486895e+02
970             	3.35486894e+02
971             	3.35486925e+02
972             	3.35486936e+02
973             	3.35486922e+02
974             	3.35486942e+02
975             	3.35486927e+02
976             	3.35486891e+02
977             	3.35486891e+02
978             	3.35486865e+02
979             	3.35486813e+02
980             	3.35486805e+02
981             	3.35486771e+02
982             	3.35486720e+02
983             	3.35486721e+02
984             	3.35486716e+02
985             	3.35486694e+02
986             	3.35486722e+02
987             	3.35486735e+02
988             	3.35486737e+02
989             	3.35486778e+02
990             	3.35486801e+02
991             	3.35486791e+02
992             	3.35486822e+02
993             	3.35486827e+02
994             	3.35486817e+02
995             	3.35486845e+02
996             	3.35486861e+02
997             	3.35486855e+02
998             	3.35486889e+02
999             	3.35486894e+02
1000            	3.35486879e+02
1001            	3.35486900e+02
1002            	3.35486898e+02
1003            	3.35486859e+02
1004            	3.35486858e+02
1005            	3.35486829e+02
1006            	3.35486785e+02
1007            	3.35486788e+02
1008            	3.35486785e+02
1009            	3.35486767e+02
1010            	3.35486796e+02
1011            	3.35486801e+02
1012            	3.35486798e+02
1013            	3.35486839e+02
1014            	3.35486858e+02
1015            	3.35486851e+02
1016            	3.35486888e+02
1017            	3.35486896e+02
1018            	3.35486885e+02
1019            	3.35486914e+02
1020            	3.35486929e+02
1021            	3.35486920e+02
1022            	3.35486949e+02
1023            	3.35486952e+02
1024            	3.35486929e+02
1025            	3.35486937e+02
1026            	3.35486920e+02
1027            	3.35486876e+02
1028            	3.35486876e+02
1029            	3.35486853e+02
1030            	3.35486815e+02
1031            	3.35486824e+02
1032            	3.35486824e+02
1033            	3.35486805e+02
1034            	3.35486831e+02
1035            	3.35486830e+02
1036            	3.35486814e+02
1037            	3.35486840e+02
1038            	3.35486843e+02
1039            	3.35486817e+02
1040            	3.35486835e+02
1041            	3.35486828e+02
1042            	3.35486806e+02
1043            	3.35486830e+02
1044            	3.35486843e+02
1045            	3.35486836e+02
1046            	3.35486868e+02
1047            	3.35486872e+02
1048            	3.35486856e+02
1049            	3.35486870e+02
1050            	3.35486854e+02
1051            	3.35486807e+02
1052            	3.35486798e+02
1053            	3.35486762e+02
1054            	3.35486707e+02
1055            	3.35486701e+02
1056            	3.35486689e+02
1057            	3.35486661e+02
1058            	3.35486684e+02
1059            	3.35486695e+02
1060            	3.35486698e+02
1061            	3.35486740e+02
1062            	3.35486763e+02
1063            	3.35486754e+02
1064            	3.35486787e+02
1065            	3.35486791e+02
1066            	3.35486776e+02
1067            	3.35486798e+02
1068            	3.35486807e+02
1069            	3.35486796e+02
1070            	3.35486827e+02
1071            	3.35486829e+02
1072            	3.35486813e+02
1073            	3.35486835e+02
1074            	3.35486835e+02
1075            	3.35486802e+02
1076            	3.35486813e+02
1077            	3.35486800e+02
1078            	3.35486770e+02
1079            	3.35486784e+02
1080            	3.35486790e+02
1081            	3.35486775e+02
1082            	3.35486801e+02
1083            	3.35486801e+02
1084            	3.35486785e+02
1085            	3.35486809e+02
1086            	3.35486814e+02
1087            	3.35486790e+02
1088            	3.35486812e+02
1089            	3.35486809e+02
1090            	3.35486792e+02
1091            	3.35486819e+02
1092            	3.35486839e+02
1093            	3.35486843e+02
1094            	3.35486890e+02
1095            	3.35486913e+02
1096            	3.35486918e+02
1097            	3.35486959e+02
1098            	3.35486976e+02
1099            	3.35486955e+02
1100            	3.35486971e+02
1101            	3.35486954e+02
1102            	3.35486917e+02
1103            	3.35486915e+02
1104            	3.35486900e+02
1105            	3.35486865e+02
1106            	3.35486875e+02
1107            	3.35486864e+02
1108            	3.35486841e+02
1109            	3.35486861e+02
1110            	3.35486864e+02
1111            	3.35486836e+02
1112            	3.35486849e+02
1113            	3.35486833e+02
1114            	3.35486796e+02
1115            	3.35486802e+02
1116            	3.35486795e+02
1117            	3.35486766e+02
1118            	3.35486773e+02
1119            	3.35486754e+02
1120            	3.35486722e+02
1121            	3.35486732e+02
1122            	3.35486722e+02
1123            	3.35486684e+02
1124            	3.35486689e+02
1125            	3.35486670e+02
1126            	3.35486636e+02
1127            	3.35486649e+02
1128            	3.35486656e+02
1129            	3.35486645e+02
1130            	3.35486678e+02
1131            	3.35486687e+02
1132            	3.35486681e+02
1133            	3.35486714e+02
1134            	3.35486727e+02
1135            	3.35486706e+02
1136            	3.35486726e+02
1137            	3.35486718e+02
1138            	3.35486694e+02
1139            	3.35486708e+02
1140            	3.35486711e+02
1141            	3.35486696e+02
1142            	3.35486723e+02
1143            	3.35486727e+02
1144            	3.35486718e+02
1145            	3.35486751e+02
1146            	3.35486767e+02
1147            	3.35486752e+02
1148            	3.35486779e+02
1149            	3.35486778e+02
1150            	3.35486758e+02
1151            	3.35486781e+02
1152            	3.35486793e+02
1153            	3.35486783e+02
1154            	3.35486810e+02
1155            	3.35486810e+02
1156            	3.35486793e+02
1157            	3.35486814e+02
1158            	3.35486814e+02
1159            	3.35486781e+02
1160            	3.35486790e+02
1161            	3.35486771e+02
1162            	3.35486736e+02
1163            	3.35486745e+02
1164            	3.35486746e+02
1165            	3.35486729e+02
1166            	3.35486754e+02
1167            	3.35486753e+02
1168            	3.35486739e+02
1169            	3.35486766e+02
1170            	3.35486773e+02
1171            	3.35486748e+02
1172            	3.35486764e+02
1173            	3.35486752e+02
1174            	3.35486721e+02
1175            	3.35486733e+02
1176            	3.35486734e+02
1177            	3.35486715e+02
1178            	3.35486734e+02
1179            	3.35486728e+02
1180            	3.35486706e+02
1181            	3.35486722e+02
1182            	3.35486718e+02
1183            	3.35486681e+02
1184            	3.35486686e+02
1185            	3.35486664e+02
1186            	3.35486624e+02
1187            	3.35486631e+02
1188            	3.35486632e+02
1189            	3.35486613e+02
1190            	3.35486634e+02
1191            	3.35486633e+02
1192            	3.35486617e+02
1193            	3.35486643e+02
1194            	3.35486649e+02
1195            	3.35486626e+02
1196            	3.35486646e+02
1197            	3.35486641e+02
1198            	3.35486620e+02
1199            	3.35486646e+02
1200            	3.35486667e+02
1201            	3.35486667e+02
1202            	3.35486707e+02
1203            	3.35486722e+02
1204            	3.35486722e+02
1205            	3.35486760e+02
1206            	3.35486776e+02
1207            	3.35486760e+02
1208            	3.35486780e+02
1209            	3.35486773e+02
1210            	3.35486749e+02
1211            	3.35486770e+02
1212            	3.35486782e+02
1213            	3.35486774e+02
1214            	3.35486809e+02
1215            	3.35486818e+02
1216            	3.35486811e+02
1217            	3.35486843e+02
1218            	3.35486851e+02
1219            	3.35486823e+02
1220            	3.35486835e+02
1221            	3.35486817e+02
1222            	3.35486778e+02
1223            	3.35486786e+02
1224            	3.35486786e+02
1225            	3.35486767e+02
1226            	3.35486788e+02
1227            	3.35486783e+02
1228            	3.35486763e+02
1229            	3.35486783e+02
1230            	3.35486784e+02
1231            	3.35486756e+02
1232            	3.35486770e+02
1233            	3.35486759e+02
1234            	3.35486732e+02
1235            	3.35486747e+02
1236            	3.35486752e+02
1237            	3.35486736e+02
1238            	3.35486760e+02
1239            	3.35486758e+02
1240            	3.35486739e+02
1241            	3.35486758e+02
1242            	3.35486755e+02
1243            	3.35486721e+02
1244            	3.35486728e+02
1245            	3.35486710e+02
1246            	3.35486674e+02
1247            	3.35486684e+02
1248            	3.35486687e+02
1249            	3.35486673e+02
1250            	3.35486702e+02
1251            	3.35486706e+02
1252            	3.35486696e+02
1253            	3.35486729e+02
1254            	3.35486741e+02
1255            	3.35486718e+02
1256            	3.35486732e+02
1257            	3.35486715e+02
1258            	3.35486680e+02
1259            	3.35486677e+02
1260            	3.35486660e+02
1261            	3.35486624e+02
1262            	3.35486631e+02
1263            	3.35486616e+02
1264            	3.35486586e+02
1265            	3.35486605e+02
1266            	3.35486607e+02
1267            	3.35486586e+02
1268            	3.35486609e+02
1269            	3.35486603e+02
1270            	3.35486579e+02
1271            	3.35486593e+02
1272            	3.35486594e+02
1273            	3.35486571e+02
1274            	3.35486588e+02
1275            	3.35486579e+02
1276            	3.35486557e+02
1277            	3.35486580e+02
1278            	3.35486586e+02
1279            	3.35486566e+02
1280            	3.35486593e+02
1281            	3.35486595e+02
1282            	3.35486585e+02
1283            	3.35486619e+02
1284            	3.35486643e+02
1285            	3.35486643e+02
1286            	3.35486680e+02
1287            	3.35486693e+02
1288            	3.35486688e+02
1289            	3.35486719e+02
1290            	3.35486723e+02
1291            	3.35486696e+02
1292            	3.35486713e+02
1293            	3.35486705e+02
1294            	3.35486680e+02
1295            	3.35486699e+02
1296            	3.35486713e+02
1297            	3.35486708e+02
1298            	3.35486748e+02
1299            	3.35486764e+02
1300            	3.35486764e+02
1301            	3.35486803e+02
1302            	3.35486819e+02
1303            	3.35486805e+02
1304            	3.35486832e+02
1305            	3.35486833e+02
1306            	3.35486819e+02
1307            	3.35486846e+02
1308            	3.35486863e+02
1309            	3.35486861e+02
1310            	3.35486903e+02
1311            	3.35486921e+02
1312            	3.35486910e+02
1313            	3.35486931e+02
1314            	3.35486928e+02
1315            	3.35486895e+02
1316            	3.35486903e+02
1317            	3.35486885e+02
1318            	3.35486850e+02
1319            	3.35486862e+02
1320            	3.35486866e+02
1321            	3.35486851e+02
1322            	3.35486876e+02
1323            	3.35486876e+02
1324            	3.35486859e+02
1325            	3.35486876e+02
1326            	3.35486866e+02
1327            	3.35486826e+02
1328            	3.35486830e+02
1329            	3.35486807e+02
1330            	3.35486768e+02
1331            	3.35486774e+02
1332            	3.35486771e+02
1333            	3.35486753e+02
1334            	3.35486780e+02
1335            	3.35486783e+02
1336            	3.35486773e+02
1337            	3.35486802e+02
1338            	3.35486810e+02
1339            	3.35486785e+02
1340            	3.35486801e+02
1341            	3.35486794e+02
1342            	3.35486771e+02
1343            	3.35486792e+02
1344            	3.35486803e+02
1345            	3.35486794e+02
1346            	3.35486826e+02
1347            	3.35486833e+02
1348            	3.35486823e+02
1349            	3.35486855e+02
1350            	3.35486865e+02
1351            	3.35486839e+02
1352            	3.35486845e+02
1353            	3.35486822e+02
1354            	3.35486779e+02
1355            	3.35486782e+02
1356            	3.35486776e+02
1357            	3.35486753e+02
1358            	3.35486772e+02
1359            	3.35486770e+02
1360            	3.35486755e+02
1361            	3.35486781e+02
1362            	3.35486788e+02
1363            	3.35486763e+02
1364            	3.35486780e+02
1365            	3.35486770e+02
1366            	3.35486744e+02
1367            	3.35486758e+02
1368            	3.35486762e+02
1369            	3.35486744e+02
1370            	3.35486765e+02
1371            	3.35486757e+02
1372            	3.35486730e+02
1373            	3.35486740e+02
1374            	3.35486726e+02
1375            	3.35486680e+02
1376            	3.35486672e+02
1377            	3.35486638e+02
1378            	3.35486588e+02
1379            	3.35486586e+02
1380            	3.35486578e+02
1381            	3.35486557e+02
1382            	3.35486583e+02
1383            	3.35486589e+02
1384            	3.35486588e+02
1385            	3.35486632e+02
1386            	3.35486656e+02
1387            	3.35486647e+02
1388            	3.35486679e+02
1389            	3.35486681e+02
1390            	3.35486661e+02
1391            	3.35486689e+02
1392            	3.35486707e+02
1393            	3.35486703e+02
1394            	3.35486740e+02
1395            	3.35486751e+02
1396            	3.35486745e+02
1397            	3.35486770e+02
1398            	3.35486768e+02
1399            	3.35486735e+02
1400            	3.35486745e+02
1401            	3.35486728e+02
1402            	3.35486697e+02
1403            	3.35486714e+02
1404            	3.35486726e+02
1405            	3.35486722e+02
1406            	3.35486765e+02
1407            	3.35486785e+02
1408            	3.35486790e+02
1409            	3.35486837e+02
1410            	3.35486865e+02
1411            	3.35486858e+02
1412            	3.35486889e+02
1413            	3.35486888e+02
1414            	3.35486864e+02
1415            	3.35486873e+02
1416            	3.35486863e+02
1417            	3.35486831e+02
1418            	3.35486825e+02
1419            	3.35486791e+02
1420            	3.35486742e+02
1421            	3.35486738e+02
1422            	3.35486717e+02
1423            	3.35486675e+02
1424            	3.35486683e+02
1425            	3.35486672e+02
1426            	3.35486644e+02
1427            	3.35486681e+02
1428            	3.35486717e+02
1429            	3.35486733e+02
1430            	3.35486791e+02
1431            	3.35486817e+02
1432            	3.35486815e+02
1433            	3.35486845e+02
1434            	3.35486845e+02
1435            	3.35486806e+02
1436            	3.35486783e+02
1437            	3.35486724e+02
1438            	3.35486647e+02
1439            	3.35486627e+02
1440            	3.35486604e+02
1441            	3.35486568e+02
1442            	3.35486588e+02
1443            	3.35486603e+02
1444            	3.35486614e+02
1445            	3.35486670e+02
1446            	3.35486704e+02
1447            	3.35486708e+02
1448            	3.35486754e+02
1449            	3.35486771e+02
1450            	3.35486773e+02
1451            	3.35486807e+02
1452            	3.35486823e+02
1453            	3.35486816e+02
1454            	3.35486844e+02
1455            	3.35486839e+02
1456            	3.35486792e+02
1457            	3.35486779e+02
1458            	3.35486744e+02
1459            	3.35486683e+02
1460            	3.35486677e+02
1461            	3.35486665e+02
1462            	3.35486663e+02
1463            	3.35486721e+02
1464            	3.35486777e+02
1465            	3.35486812e+02
1466            	3.35486886e+02
1467            	3.35486927e+02
1468            	3.35486943e+02
1469            	3.35486972e+02
1470            	3.35486962e+02
1471            	3.35486909e+02
1472            	3.35486892e+02
1473            	3.35486842e+02
1474            	3.35486775e+02
1475            	3.35486758e+02
1476            	3.35486737e+02
1477            	3.35486702e+02
1478            	3.35486713e+02
1479            	3.35486707e+02
1480            	3.35486693e+02
1481            	3.35486723e+02
1482            	3.35486734e+02
1483            	3.35486712e+02
1484            	3.35486739e+02
1485            	3.35486743e+02
1486            	3.35486730e+02
1487            	3.35486757e+02
1488            	3.35486774e+02
1489            	3.35486772e+02
1490            	3.35486807e+02
1491            	3.35486813e+02
1492            	3.35486801e+02
1493            	3.35486820e+02
1494            	3.35486811e+02
1495            	3.35486769e+02
1496            	3.35486769e+02
1497            	3.35486743e+02
1498            	3.35486699e+02
1499            	3.35486698e+02
1500            	3.35486690e+02
1501            	3.35486667e+02
1502            	3.35486690e+02
1503            	3.35486687e+02
1504            	3.35486668e+02
1505            	3.35486694e+02
1506            	3.35486701e+02
1507            	3.35486680e+02
1508            	3.35486705e+02
1509            	3.35486707e+02
1510            	3.35486692e+02
1511            	3.35486723e+02
1512            	3.35486741e+02
1513            	3.35486749e+02
1514            	3.35486801e+02
1515            	3.35486828e+02
1516            	3.35486833e+02
1517            	3.35486872e+02
1518            	3.35486884e+02
1519            	3.35486848e+02
1520            	3.35486847e+02
1521            	3.35486816e+02
1522            	3.35486769e+02
1523            	3.35486757e+02
1524            	3.35486732e+02
1525            	3.35486694e+02
1526            	3.35486705e+02
1527            	3.35486702e+02
1528            	3.35486697e+02
1529            	3.35486738e+02
1530            	3.35486757e+02
1531            	3.35486763e+02
1532            	3.35486817e+02
1533            	3.35486841e+02
1534            	3.35486848e+02
1535            	3.35486879e+02
1536            	3.35486891e+02
1537            	3.35486880e+02
1538            	3.35486895e+02
1539            	3.35486876e+02
1540            	3.35486839e+02
1541            	3.35486840e+02
1542            	3.35486818e+02
1543            	3.35486774e+02
1544            	3.35486777e+02
1545            	3.35486757e+02
1546            	3.35486722e+02
1547            	3.35486736e+02
1548            	3.35486743e+02
1549            	3.35486733e+02
1550            	3.35486766e+02
1551            	3.35486773e+02
1552            	3.35486762e+02
1553            	3.35486792e+02
1554            	3.35486800e+02
1555            	3.35486777e+02
1556            	3.35486796e+02
1557            	3.35486788e+02
1558            	3.35486758e+02
1559            	3.35486769e+02
1560            	3.35486769e+02
1561            	3.35486750e+02
1562            	3.35486772e+02
1563            	3.35486769e+02
1564            	3.35486747e+02
1565            	3.35486763e+02
1566            	3.35486757e+02
1567            	3.35486721e+02
1568            	3.35486728e+02
1569            	3.35486710e+02
1570            	3.35486676e+02
1571            	3.35486692e+02
1572            	3.35486703e+02
1573            	3.35486695e+02
1574            	3.35486729e+02
1575            	3.35486737e+02
1576            	3.35486729e+02
1577            	3.35486760e+02
1578            	3.35486771e+02
1579            	3.35486748e+02
1580            	3.35486768e+02
1581            	3.35486762e+02
1582            	3.35486739e+02
1583            	3.35486760e+02
1584            	3.35486771e+02
1585            	3.35486761e+02
1586            	3.35486791e+02
1587            	3.35486793e+02
1588            	3.35486779e+02
1589            	3.35486799e+02
1590            	3.35486795e+02
1591            	3.35486758e+02
1592            	3.35486760e+02
1593            	3.35486734e+02
1594            	3.35486690e+02
1595            	3.35486696e+02
1596            	3.35486696e+02
1597            	3.35486677e+02
1598            	3.35486699e+02
1599            	3.35486696e+02
1600            	3.35486681e+02
1601            	3.35486706e+02
1602            	3.35486709e+02
1603            	3.35486679e+02
1604            	3.35486689e+02
1605            	3.35486672e+02
1606            	3.35486639e+02
1607            	3.35486650e+02
1608            	3.35486656e+02
1609            	3.35486644e+02
1610            	3.35486671e+02
1611            	3.35486675e+02
1612            	3.35486666e+02
1613            	3.35486700e+02
1614            	3.35486716e+02
1615            	3.35486701e+02
1616            	3.35486730e+02
1617            	3.35486730e+02
1618            	3.35486713e+02
1619            	3.35486738e+02
1620            	3.35486754e+02
1621            	3.35486746e+02
1622            	3.35486775e+02
1623            	3.35486778e+02
1624            	3.35486763e+02
1625            	3.35486788e+02
1626            	3.35486791e+02
1627            	3.35486764e+02
1628            	3.35486779e+02
1629            	3.35486770e+02
1630            	3.35486747e+02
1631            	3.35486770e+02
1632            	3.35486788e+02
1633            	3.35486787e+02
1634            	3.35486827e+02
1635            	3.35486842e+02
1636            	3.35486841e+02
1637            	3.35486877e+02
1638            	3.35486891e+02
1639            	3.35486871e+02
1640            	3.35486890e+02
1641            	3.35486879e+02
1642            	3.35486851e+02
1643            	3.35486867e+02
1644            	3.35486873e+02
1645            	3.35486860e+02
1646            	3.35486888e+02
1647            	3.35486893e+02
1648            	3.35486884e+02
1649            	3.35486916e+02
1650            	3.35486929e+02
1651            	3.35486909e+02
1652            	3.35486931e+02
1653            	3.35486926e+02
1654            	3.35486902e+02
1655            	3.35486920e+02
1656            	3.35486930e+02
1657            	3.35486919e+02
1658            	3.35486948e+02
1659            	3.35486951e+02
1660            	3.35486938e+02
1661            	3.35486965e+02
1662            	3.35486972e+02
1663            	3.35486947e+02
1664            	3.35486964e+02
1665            	3.35486953e+02
1666            	3.35486925e+02
1667            	3.35486942e+02
1668            	3.35486950e+02
1669            	3.35486938e+02
1670            	3.35486966e+02
1671            	3.35486970e+02
1672            	3.35486958e+02
1673            	3.35486986e+02
1674            	3.35486993e+02
1675            	3.35486970e+02
1676            	3.35486988e+02
1677            	3.35486979e+02
1678            	3.35486953e+02
1679            	3.35486972e+02
1680            	3.35486982e+02
1681            	3.35486972e+02
1682            	3.35487002e+02
1683            	3.35487007e+02
1684            	3.35486994e+02
1685            	3.35487022e+02
1686            	3.35487028e+02
1687            	3.35487002e+02
1688            	3.35487016e+02
1689            	3.35487003e+02
1690            	3.35486973e+02
1691            	3.35486987e+02
1692            	3.35486991e+02
1693            	3.35486976e+02
1694            	3.35486999e+02
1695            	3.35486998e+02
1696            	3.35486979e+02
1697            	3.35487001e+02
1698            	3.35487001e+02
1699            	3.35486970e+02
1700            	3.35486979e+02
1701            	3.35486962e+02
1702            	3.35486927e+02
1703            	3.35486937e+02
1704            	3.35486940e+02
1705            	3.35486922e+02
1706            	3.35486946e+02
1707            	3.35486945e+02
1708            	3.35486928e+02
1709            	3.35486952e+02
1710            	3.35486956e+02
1711            	3.35486928e+02
1712            	3.35486943e+02
1713            	3.35486930e+02
1714            	3.35486901e+02
1715            	3.35486917e+02
1716            	3.35486924e+02
1717            	3.35486911e+02
1718            	3.35486939e+02
1719            	3.35486942e+02
1720            	3.35486928e+02
1721            	3.35486955e+02
1722            	3.35486961e+02
1723            	3.35486936e+02
1724            	3.35486952e+02
1725            	3.35486940e+02
1726            	3.35486912e+02
1727            	3.35486927e+02
1728            	3.35486935e+02
1729            	3.35486922e+02
1730            	3.35486949e+02
1731            	3.35486951e+02
1732            	3.35486937e+02
1733            	3.35486964e+02
1734            	3.35486970e+02
1735            	3.35486945e+02
1736            	3.35486961e+02
1737            	3.35486952e+02
1738            	3.35486925e+02
1739            	3.35486945e+02
1740            	3.35486956e+02
1741            	3.35486947e+02
1742            	3.35486980e+02
1743            	3.35486987e+02
1744            	3.35486979e+02
1745            	3.35487010e+02
1746            	3.35487021e+02
1747            	3.35487000e+02
1748            	3.35487021e+02
1749            	3.35487015e+02
1750            	3.35486992e+02
1751            	3.35487014e+02
1752            	3.35487027e+02
1753            	3.35487021e+02
1754            	3.35487055e+02
1755            	3.35487064e+02
1756            	3.35487056e+02
1757            	3.35487088e+02
1758            	3.35487100e+02
1759            	3.35487079e+02
1760            	3.35487100e+02
1761            	3.35487093e+02
1762            	3.35487069e+02
1763            	3.35487089e+02
1764            	3.35487101e+02
1765            	3.35487092e+02
1766            	3.35487124e+02
1767            	3.35487130e+02
1768            	3.35487120e+02
1769            	3.35487150e+02
1770            	3.35487159e+02
1771            	3.35487135e+02
1772            	3.35487154e+02
1773            	3.35487146e+02
1774            	3.35487120e+02
1775            	3.35487140e+02
1776            	3.35487151e+02
1777            	3.35487142e+02
1778            	3.35487174e+02
1779            	3.35487180e+02
1780            	3.35487170e+02
1781            	3.35487199e+02
1782            	3.35487208e+02
1783            	3.35487184e+02
1784            	3.35487201e+02
1785            	3.35487192e+02
1786            	3.35487165e+02
1787            	3.35487182e+02
1788            	3.35487191e+02
1789            	3.35487180e+02
1790            	3.35487209e+02
1791            	3.35487213e+02
1792            	3.35487201e+02
1793            	3.35487228e+02
1794            	3.35487235e+02
1795            	3.35487210e+02
1796            	3.35487226e+02
1797            	3.35487215e+02
1798            	3.35487187e+02
1799            	3.35487203e+02
1800            	3.35487211e+02
1801            	3.35487199e+02
1802            	3.35487227e+02
1803            	3.35487230e+02
1804            	3.35487217e+02
1805            	3.35487244e+02
1806            	3.35487250e+02
1807            	3.35487224e+02
1808            	3.35487240e+02
1809            	3.35487228e+02
1810            	3.35487200e+02
1811            	3.35487216e+02
1812            	3.35487223e+02
1813            	3.35487210e+02
1814            	3.35487238e+02
1815            	3.35487240e+02
1816            	3.35487225e+02
1817            	3.35487250e+02
1818            	3.35487255e+02
1819            	3.35487227e+02
1820            	3.35487241e+02
1821            	3.35487227e+02
1822            	3.35487196e+02
1823            	3.35487209e+02
1824            	3.35487214e+02
1825            	3.35487199e+02
1826            	3.35487225e+02
1827            	3.35487225e+02
1828            	3.35487210e+02
1829            	3.35487234e+02
1830            	3.35487239e+02
1831            	3.35487213e+02
1832            	3.35487227e+02
1833            	3.35487215e+02
1834            	3.35487186e+02
1835            	3.35487201e+02
1836            	3.35487207e+02
1837            	3.35487194e+02
1838            	3.35487220e+02
1839            	3.35487222e+02
1840            	3.35487207e+02
1841            	3.35487233e+02
1842            	3.35487238e+02
1843            	3.35487211e+02
1844            	3.35487226e+02
1845            	3.35487214e+02
1846            	3.35487185e+02
1847            	3.35487200e+02
1848            	3.35487207e+02
1849            	3.35487193e+02
1850            	3.35487218e+02
1851            	3.35487219e+02
1852            	3.35487202e+02
1853            	3.35487226e+02
1854            	3.35487229e+02
1855            	3.35487200e+02
1856            	3.35487212e+02
1857            	3.35487197e+02
1858            	3.35487165e+02
1859            	3.35487177e+02
1860            	3.35487181e+02
1861            	3.35487164e+02
1862            	3.35487188e+02
1863            	3.35487186e+02
1864            	3.35487168e+02
1865            	3.35487191e+02
1866            	3.35487193e+02
1867            	3.35487164e+02
1868            	3.35487176e+02
1869            	3.35487161e+02
1870            	3.35487130e+02
1871            	3.35487143e+02
1872            	3.35487148e+02
1873            	3.35487132e+02
1874            	3.35487157e+02
1875            	3.35487157e+02
1876            	3.35487141e+02
1877            	3.35487165e+02
1878            	3.35487168e+02
1879            	3.35487140e+02
1880            	3.35487154e+02
1881            	3.35487140e+02
1882            	3.35487109e+02
1883            	3.35487122e+02
1884            	3.35487126e+02
1885            	3.35487110e+02
1886            	3.35487133e+02
1887            	3.35487131e+02
1888            	3.35487113e+02
1889            	3.35487135e+02
1890            	3.35487137e+02
1891            	3.35487107e+02
1892            	3.35487119e+02
1893            	3.35487103e+02
1894            	3.35487071e+02
1895            	3.35487082e+02
1896            	3.35487085e+02
1897            	3.35487067e+02
1898            	3.35487089e+02
1899            	3.35487086e+02
1900            	3.35487066e+02
1901            	3.35487087e+02
1902            	3.35487087e+02
1903            	3.35487057e+02
1904            	3.35487067e+02
1905            	3.35487051e+02
1906            	3.35487018e+02
1907            	3.35487030e+02
1908            	3.35487033e+02
1909            	3.35487015e+02
1910            	3.35487038e+02
1911            	3.35487035e+02
1912            	3.35487016e+02
1913            	3.35487038e+02
1914            	3.35487041e+02
1915            	3.35487011e+02
1916            	3.35487024e+02
1917            	3.35487009e+02
1918            	3.35486978e+02
1919            	3.35486991e+02
1920            	3.35486995e+02
1921            	3.35486980e+02
1922            	3.35487004e+02
1923            	3.35487003e+02
1924            	3.35486985e+02
1925            	3.35487008e+02
1926            	3.35487009e+02
1927            	3.35486980e+02
1928            	3.35486992e+02
1929            	3.35486978e+02
1930            	3.35486947e+02
1931            	3.35486960e+02
1932            	3.35486964e+02
1933            	3.35486948e+02
1934            	3.35486972e+02
1935            	3.35486970e+02
1936            	3.35486951e+02
1937            	3.35486973e+02
1938            	3.35486974e+02
1939            	3.35486943e+02
1940            	3.35486953e+02
1941            	3.35486936e+02
1942            	3.35486902e+02
1943            	3.35486913e+02
1944            	3.35486915e+02
1945            	3.35486897e+02
1946            	3.35486919e+02
1947            	3.35486917e+02
1948            	3.35486898e+02
1949            	3.35486919e+02
1950            	3.35486921e+02
1951            	3.35486892e+02
1952            	3.35486904e+02
1953            	3.35486890e+02
1954            	3.35486858e+02
1955            	3.35486871e+02
1956            	3.35486876e+02
1957            	3.35486860e+02
1958            	3.35486884e+02
1959            	3.35486884e+02
1960            	3.35486866e+02
1961            	3.35486889e+02
1962            	3.35486892e+02
1963            	3.35486864e+02
1964            	3.35486877e+02
1965            	3.35486864e+02
1966            	3.35486834e+02
1967            	3.35486849e+02
1968            	3.35486855e+02
1969            	3.35486840e+02
1970            	3.35486864e+02
1971            	3.35486862e+02
1972            	3.35486842e+02
1973            	3.35486863e+02
1974            	3.35486863e+02
1975            	3.35486832e+02
1976            	3.35486841e+02
1977            	3.35486824e+02
1978            	3.35486791e+02
1979            	3.35486802e+02
1980            	3.35486805e+02
1981            	3.35486789e+02
1982            	3.35486811e+02
1983            	3.35486809e+02
1984            	3.35486790e+02
1985            	3.35486811e+02
1986            	3.35486811e+02
1987            	3.35486780e+02
1988            	3.35486791e+02
1989            	3.35486775e+02
1990            	3.35486744e+02
1991            	3.35486757e+02
1992            	3.35486762e+02
1993            	3.35486748e+02
1994            	3.35486773e+02
1995            	3.35486773e+02
1996            	3.35486757e+02
1997            	3.35486781e+02
1998            	3.35486785e+02
1999            	3.35486756e+02
2000            	3.35486770e+02
