# Region        : cellZone fluid
# Cells         : 9776
# Volume        : 1.84307116e+01
# Time          	volAverage(T)
1               	3.00000073e+02
2               	3.00000150e+02
3               	3.00000674e+02
4               	3.00001420e+02
5               	3.00002150e+02
6               	3.00002946e+02
7               	3.00003832e+02
8               	3.00004809e+02
9               	3.00005850e+02
10              	3.00007080e+02
11              	3.00008331e+02
12              	3.00009770e+02
13              	3.00011311e+02
14              	3.00012683e+02
15              	3.00014638e+02
16              	3.00016248e+02
17              	3.00017954e+02
18              	3.00019462e+02
19              	3.00021484e+02
20              	3.00023371e+02
21              	3.00025405e+02
22              	3.00027579e+02
23              	3.00030197e+02
24              	3.00032373e+02
25              	3.00034542e+02
26              	3.00037063e+02
27              	3.00040001e+02
28              	3.00042830e+02
29              	3.00045751e+02
30              	3.00049218e+02
31              	3.00052660e+02
32              	3.00055958e+02
33              	3.00059410e+02
34              	3.00063283e+02
35              	3.00066950e+02
36              	3.00070394e+02
37              	3.00074055e+02
38              	3.00077619e+02
39              	3.00080766e+02
40              	3.00083634e+02
41              	3.00086187e+02
42              	3.00088877e+02
43              	3.00091944e+02
44              	3.00096421e+02
45              	3.00099139e+02
46              	3.00103049e+02
47              	3.00107015e+02
48              	3.00111157e+02
49              	3.00115265e+02
50              	3.00119207e+02
51              	3.00122776e+02
52              	3.00126150e+02
53              	3.00130472e+02
54              	3.00134424e+02
55              	3.00137298e+02
56              	3.00141052e+02
57              	3.00145323e+02
58              	3.00149929e+02
59              	3.00153395e+02
60              	3.00157069e+02
61              	3.00160542e+02
62              	3.00164567e+02
63              	3.00168294e+02
64              	3.00171157e+02
65              	3.00173939e+02
66              	3.00177693e+02
67              	3.00180844e+02
68              	3.00184022e+02
69              	3.00187673e+02
70              	3.00190802e+02
71              	3.00194681e+02
72              	3.00198283e+02
73              	3.00201663e+02
74              	3.00205488e+02
75              	3.00209236e+02
76              	3.00212689e+02
77              	3.00216522e+02
78              	3.00220524e+02
79              	3.00222413e+02
80              	3.00225040e+02
81              	3.00228197e+02
82              	3.00230076e+02
83              	3.00232641e+02
84              	3.00234939e+02
85              	3.00237928e+02
86              	3.00241745e+02
87              	3.00244814e+02
88              	3.00248524e+02
89              	3.00252034e+02
90              	3.00254342e+02
91              	3.00256097e+02
92              	3.00258327e+02
93              	3.00261482e+02
94              	3.00263770e+02
95              	3.00266205e+02
96              	3.00269196e+02
97              	3.00272304e+02
98              	3.00274668e+02
99              	3.00278068e+02
100             	3.00280494e+02
101             	3.00283819e+02
102             	3.00286300e+02
103             	3.00288794e+02
104             	3.00289964e+02
105             	3.00292810e+02
106             	3.00295142e+02
107             	3.00297598e+02
108             	3.00300320e+02
109             	3.00302436e+02
110             	3.00304875e+02
111             	3.00306182e+02
112             	3.00307784e+02
113             	3.00308785e+02
114             	3.00309910e+02
115             	3.00311171e+02
116             	3.00312184e+02
117             	3.00313038e+02
118             	3.00314805e+02
119             	3.00317298e+02
120             	3.00320438e+02
121             	3.00321911e+02
122             	3.00323608e+02
123             	3.00325548e+02
124             	3.00327376e+02
125             	3.00328462e+02
126             	3.00329143e+02
127             	3.00330008e+02
128             	3.00331024e+02
129             	3.00332040e+02
130             	3.00332851e+02
131             	3.00333954e+02
132             	3.00335971e+02
133             	3.00338924e+02
134             	3.00340862e+02
135             	3.00343161e+02
136             	3.00344604e+02
137             	3.00345426e+02
138             	3.00345958e+02
139             	3.00346358e+02
140             	3.00348066e+02
141             	3.00348624e+02
142             	3.00349121e+02
143             	3.00350242e+02
144             	3.00352034e+02
145             	3.00352973e+02
146             	3.00353662e+02
147             	3.00354611e+02
148             	3.00355264e+02
149             	3.00355625e+02
150             	3.00355582e+02
151             	3.00355515e+02
152             	3.00355780e+02
153             	3.00355567e+02
154             	3.00355697e+02
155             	3.00356101e+02
156             	3.00357673e+02
157             	3.00357992e+02
158             	3.00358583e+02
159             	3.00359437e+02
160             	3.00359735e+02
161             	3.00360587e+02
162             	3.00360729e+02
163             	3.00360758e+02
164             	3.00360717e+02
165             	3.00361203e+02
166             	3.00361348e+02
167             	3.00361765e+02
168             	3.00362167e+02
169             	3.00362415e+02
170             	3.00362287e+02
171             	3.00362438e+02
172             	3.00362621e+02
173             	3.00362598e+02
174             	3.00362501e+02
175             	3.00362296e+02
176             	3.00362425e+02
177             	3.00362328e+02
178             	3.00362338e+02
179             	3.00362432e+02
180             	3.00362866e+02
181             	3.00362994e+02
182             	3.00363142e+02
183             	3.00363524e+02
184             	3.00363808e+02
185             	3.00363974e+02
186             	3.00363882e+02
187             	3.00363659e+02
188             	3.00363717e+02
189             	3.00363777e+02
190             	3.00363652e+02
191             	3.00363693e+02
192             	3.00363775e+02
193             	3.00363957e+02
194             	3.00363935e+02
195             	3.00364033e+02
196             	3.00364226e+02
197             	3.00364341e+02
198             	3.00364403e+02
199             	3.00364429e+02
200             	3.00364574e+02
201             	3.00364727e+02
202             	3.00364746e+02
203             	3.00364833e+02
204             	3.00364963e+02
205             	3.00365176e+02
206             	3.00365330e+02
207             	3.00365422e+02
208             	3.00365604e+02
209             	3.00365741e+02
210             	3.00365818e+02
211             	3.00365830e+02
212             	3.00365916e+02
213             	3.00366017e+02
214             	3.00366082e+02
215             	3.00366080e+02
216             	3.00366099e+02
217             	3.00366159e+02
218             	3.00366393e+02
219             	3.00366300e+02
220             	3.00366316e+02
221             	3.00366450e+02
222             	3.00366568e+02
223             	3.00366784e+02
224             	3.00366953e+02
225             	3.00367126e+02
226             	3.00367119e+02
227             	3.00367142e+02
228             	3.00367292e+02
229             	3.00367313e+02
230             	3.00367283e+02
231             	3.00367228e+02
232             	3.00367357e+02
233             	3.00367464e+02
234             	3.00367434e+02
235             	3.00367525e+02
236             	3.00367635e+02
237             	3.00367775e+02
238             	3.00367744e+02
239             	3.00367734e+02
240             	3.00367792e+02
241             	3.00367740e+02
242             	3.00367702e+02
243             	3.00367681e+02
244             	3.00367853e+02
245             	3.00367932e+02
246             	3.00368029e+02
247             	3.00368137e+02
248             	3.00368233e+02
249             	3.00368326e+02
250             	3.00368434e+02
251             	3.00368519e+02
252             	3.00368524e+02
253             	3.00368508e+02
254             	3.00368588e+02
255             	3.00368618e+02
256             	3.00368623e+02
257             	3.00368617e+02
258             	3.00368640e+02
259             	3.00368692e+02
260             	3.00368711e+02
261             	3.00368748e+02
262             	3.00368787e+02
263             	3.00368842e+02
264             	3.00368889e+02
265             	3.00368913e+02
266             	3.00368934e+02
267             	3.00369006e+02
268             	3.00369047e+02
269             	3.00369071e+02
270             	3.00369095e+02
271             	3.00369129e+02
272             	3.00369159e+02
273             	3.00369176e+02
274             	3.00369183e+02
275             	3.00369194e+02
276             	3.00369209e+02
277             	3.00369235e+02
278             	3.00369262e+02
279             	3.00369288e+02
280             	3.00369307e+02
281             	3.00369335e+02
282             	3.00369328e+02
283             	3.00369323e+02
284             	3.00369333e+02
285             	3.00369324e+02
286             	3.00369310e+02
287             	3.00369301e+02
288             	3.00369316e+02
289             	3.00369359e+02
290             	3.00369364e+02
291             	3.00369375e+02
292             	3.00369403e+02
293             	3.00369431e+02
294             	3.00369452e+02
295             	3.00369445e+02
296             	3.00369481e+02
297             	3.00369475e+02
298             	3.00369496e+02
299             	3.00369505e+02
300             	3.00369508e+02
301             	3.00369513e+02
302             	3.00369512e+02
303             	3.00369508e+02
304             	3.00369501e+02
305             	3.00369493e+02
306             	3.00369485e+02
307             	3.00369477e+02
308             	3.00369470e+02
309             	3.00369464e+02
310             	3.00369459e+02
311             	3.00369457e+02
312             	3.00369452e+02
313             	3.00369451e+02
314             	3.00369450e+02
315             	3.00369455e+02
316             	3.00369453e+02
317             	3.00369457e+02
318             	3.00369457e+02
319             	3.00369450e+02
320             	3.00369458e+02
321             	3.00369446e+02
322             	3.00369456e+02
323             	3.00369441e+02
324             	3.00369443e+02
325             	3.00369434e+02
326             	3.00369424e+02
327             	3.00369411e+02
328             	3.00369401e+02
329             	3.00369382e+02
330             	3.00369380e+02
331             	3.00369354e+02
332             	3.00369358e+02
333             	3.00369339e+02
334             	3.00369332e+02
335             	3.00369324e+02
336             	3.00369320e+02
337             	3.00369314e+02
338             	3.00369307e+02
339             	3.00369295e+02
340             	3.00369284e+02
341             	3.00369282e+02
342             	3.00369269e+02
343             	3.00369253e+02
344             	3.00369234e+02
345             	3.00369227e+02
346             	3.00369215e+02
347             	3.00369195e+02
348             	3.00369186e+02
349             	3.00369176e+02
350             	3.00369165e+02
351             	3.00369155e+02
352             	3.00369146e+02
353             	3.00369138e+02
354             	3.00369121e+02
355             	3.00369122e+02
356             	3.00369113e+02
357             	3.00369104e+02
358             	3.00369091e+02
359             	3.00369082e+02
360             	3.00369070e+02
361             	3.00369057e+02
362             	3.00369042e+02
363             	3.00369027e+02
364             	3.00369011e+02
365             	3.00369000e+02
366             	3.00368988e+02
367             	3.00368971e+02
368             	3.00368964e+02
369             	3.00368950e+02
370             	3.00368941e+02
371             	3.00368933e+02
372             	3.00368926e+02
373             	3.00368920e+02
374             	3.00368908e+02
375             	3.00368897e+02
376             	3.00368892e+02
377             	3.00368881e+02
378             	3.00368869e+02
379             	3.00368856e+02
380             	3.00368844e+02
381             	3.00368830e+02
382             	3.00368817e+02
383             	3.00368804e+02
384             	3.00368791e+02
385             	3.00368778e+02
386             	3.00368767e+02
387             	3.00368754e+02
388             	3.00368746e+02
389             	3.00368734e+02
390             	3.00368724e+02
391             	3.00368715e+02
392             	3.00368706e+02
393             	3.00368699e+02
394             	3.00368690e+02
395             	3.00368682e+02
396             	3.00368675e+02
397             	3.00368667e+02
398             	3.00368660e+02
399             	3.00368652e+02
400             	3.00368642e+02
401             	3.00368636e+02
402             	3.00368628e+02
403             	3.00368619e+02
404             	3.00368610e+02
405             	3.00368601e+02
406             	3.00368592e+02
407             	3.00368582e+02
408             	3.00368573e+02
409             	3.00368563e+02
410             	3.00368554e+02
411             	3.00368545e+02
412             	3.00368536e+02
413             	3.00368532e+02
414             	3.00368526e+02
415             	3.00368517e+02
416             	3.00368511e+02
417             	3.00368506e+02
418             	3.00368501e+02
419             	3.00368496e+02
420             	3.00368489e+02
421             	3.00368480e+02
422             	3.00368476e+02
423             	3.00368470e+02
424             	3.00368463e+02
425             	3.00368455e+02
426             	3.00368447e+02
427             	3.00368439e+02
428             	3.00368433e+02
429             	3.00368427e+02
430             	3.00368423e+02
431             	3.00368415e+02
432             	3.00368409e+02
433             	3.00368405e+02
434             	3.00368401e+02
435             	3.00368397e+02
436             	3.00368394e+02
437             	3.00368389e+02
438             	3.00368382e+02
439             	3.00368375e+02
440             	3.00368373e+02
441             	3.00368367e+02
442             	3.00368360e+02
443             	3.00368355e+02
444             	3.00368350e+02
445             	3.00368344e+02
446             	3.00368339e+02
447             	3.00368334e+02
448             	3.00368332e+02
449             	3.00368327e+02
450             	3.00368322e+02
451             	3.00368318e+02
452             	3.00368315e+02
453             	3.00368312e+02
454             	3.00368308e+02
455             	3.00368305e+02
456             	3.00368302e+02
457             	3.00368299e+02
458             	3.00368296e+02
459             	3.00368292e+02
460             	3.00368289e+02
461             	3.00368287e+02
462             	3.00368284e+02
463             	3.00368280e+02
464             	3.00368279e+02
465             	3.00368276e+02
466             	3.00368274e+02
467             	3.00368271e+02
468             	3.00368268e+02
469             	3.00368265e+02
470             	3.00368262e+02
471             	3.00368259e+02
472             	3.00368255e+02
473             	3.00368252e+02
474             	3.00368249e+02
475             	3.00368248e+02
476             	3.00368244e+02
477             	3.00368242e+02
478             	3.00368240e+02
479             	3.00368239e+02
480             	3.00368237e+02
481             	3.00368235e+02
482             	3.00368233e+02
483             	3.00368233e+02
484             	3.00368232e+02
485             	3.00368230e+02
486             	3.00368229e+02
487             	3.00368229e+02
488             	3.00368228e+02
489             	3.00368227e+02
490             	3.00368227e+02
491             	3.00368226e+02
492             	3.00368225e+02
493             	3.00368222e+02
494             	3.00368222e+02
495             	3.00368221e+02
496             	3.00368219e+02
497             	3.00368217e+02
498             	3.00368216e+02
499             	3.00368214e+02
500             	3.00368213e+02
501             	3.00368212e+02
502             	3.00368211e+02
503             	3.00368210e+02
504             	3.00368209e+02
505             	3.00368209e+02
506             	3.00368209e+02
507             	3.00368208e+02
508             	3.00368208e+02
509             	3.00368208e+02
510             	3.00368208e+02
511             	3.00368208e+02
512             	3.00368210e+02
513             	3.00368209e+02
514             	3.00368210e+02
515             	3.00368210e+02
516             	3.00368211e+02
517             	3.00368212e+02
518             	3.00368213e+02
519             	3.00368214e+02
520             	3.00368213e+02
521             	3.00368215e+02
522             	3.00368215e+02
523             	3.00368215e+02
524             	3.00368215e+02
525             	3.00368215e+02
526             	3.00368215e+02
527             	3.00368214e+02
528             	3.00368214e+02
529             	3.00368214e+02
530             	3.00368214e+02
531             	3.00368214e+02
532             	3.00368215e+02
533             	3.00368215e+02
534             	3.00368216e+02
535             	3.00368217e+02
536             	3.00368219e+02
537             	3.00368220e+02
538             	3.00368221e+02
539             	3.00368223e+02
540             	3.00368224e+02
541             	3.00368225e+02
542             	3.00368227e+02
543             	3.00368228e+02
544             	3.00368229e+02
545             	3.00368230e+02
546             	3.00368231e+02
547             	3.00368232e+02
548             	3.00368233e+02
549             	3.00368235e+02
550             	3.00368236e+02
551             	3.00368237e+02
552             	3.00368239e+02
553             	3.00368240e+02
554             	3.00368242e+02
555             	3.00368244e+02
556             	3.00368246e+02
557             	3.00368248e+02
558             	3.00368249e+02
559             	3.00368251e+02
560             	3.00368253e+02
561             	3.00368255e+02
562             	3.00368256e+02
563             	3.00368258e+02
564             	3.00368260e+02
565             	3.00368261e+02
566             	3.00368263e+02
567             	3.00368265e+02
568             	3.00368267e+02
569             	3.00368269e+02
570             	3.00368270e+02
571             	3.00368272e+02
572             	3.00368274e+02
573             	3.00368276e+02
574             	3.00368278e+02
575             	3.00368280e+02
576             	3.00368282e+02
577             	3.00368284e+02
578             	3.00368286e+02
579             	3.00368288e+02
580             	3.00368290e+02
581             	3.00368292e+02
582             	3.00368294e+02
583             	3.00368297e+02
584             	3.00368299e+02
585             	3.00368301e+02
586             	3.00368304e+02
587             	3.00368306e+02
588             	3.00368308e+02
589             	3.00368311e+02
590             	3.00368313e+02
591             	3.00368315e+02
592             	3.00368318e+02
593             	3.00368320e+02
594             	3.00368322e+02
595             	3.00368325e+02
596             	3.00368327e+02
597             	3.00368330e+02
598             	3.00368332e+02
599             	3.00368335e+02
600             	3.00368337e+02
601             	3.00368340e+02
602             	3.00368343e+02
603             	3.00368345e+02
604             	3.00368348e+02
605             	3.00368350e+02
606             	3.00368353e+02
607             	3.00368356e+02
608             	3.00368358e+02
609             	3.00368361e+02
610             	3.00368363e+02
611             	3.00368365e+02
612             	3.00368368e+02
613             	3.00368370e+02
614             	3.00368373e+02
615             	3.00368376e+02
616             	3.00368378e+02
617             	3.00368381e+02
618             	3.00368383e+02
619             	3.00368386e+02
620             	3.00368389e+02
621             	3.00368391e+02
622             	3.00368394e+02
623             	3.00368397e+02
624             	3.00368400e+02
625             	3.00368402e+02
626             	3.00368405e+02
627             	3.00368408e+02
628             	3.00368410e+02
629             	3.00368413e+02
630             	3.00368416e+02
631             	3.00368419e+02
632             	3.00368421e+02
633             	3.00368424e+02
634             	3.00368427e+02
635             	3.00368430e+02
636             	3.00368433e+02
637             	3.00368436e+02
638             	3.00368438e+02
639             	3.00368441e+02
640             	3.00368445e+02
641             	3.00368448e+02
642             	3.00368451e+02
643             	3.00368454e+02
644             	3.00368457e+02
645             	3.00368460e+02
646             	3.00368463e+02
647             	3.00368466e+02
648             	3.00368470e+02
649             	3.00368473e+02
650             	3.00368476e+02
651             	3.00368479e+02
652             	3.00368483e+02
653             	3.00368486e+02
654             	3.00368489e+02
655             	3.00368492e+02
656             	3.00368495e+02
657             	3.00368498e+02
658             	3.00368501e+02
659             	3.00368504e+02
660             	3.00368508e+02
661             	3.00368511e+02
662             	3.00368514e+02
663             	3.00368517e+02
664             	3.00368520e+02
665             	3.00368523e+02
666             	3.00368526e+02
667             	3.00368529e+02
668             	3.00368532e+02
669             	3.00368535e+02
670             	3.00368538e+02
671             	3.00368541e+02
672             	3.00368544e+02
673             	3.00368547e+02
674             	3.00368550e+02
675             	3.00368553e+02
676             	3.00368556e+02
677             	3.00368559e+02
678             	3.00368562e+02
679             	3.00368565e+02
680             	3.00368568e+02
681             	3.00368571e+02
682             	3.00368574e+02
683             	3.00368578e+02
684             	3.00368581e+02
685             	3.00368584e+02
686             	3.00368587e+02
687             	3.00368591e+02
688             	3.00368594e+02
689             	3.00368597e+02
690             	3.00368601e+02
691             	3.00368604e+02
692             	3.00368607e+02
693             	3.00368611e+02
694             	3.00368614e+02
695             	3.00368617e+02
696             	3.00368620e+02
697             	3.00368624e+02
698             	3.00368627e+02
699             	3.00368630e+02
700             	3.00368633e+02
701             	3.00368637e+02
702             	3.00368640e+02
703             	3.00368643e+02
704             	3.00368646e+02
705             	3.00368650e+02
706             	3.00368653e+02
707             	3.00368656e+02
708             	3.00368659e+02
709             	3.00368663e+02
710             	3.00368666e+02
711             	3.00368669e+02
712             	3.00368673e+02
713             	3.00368676e+02
714             	3.00368679e+02
715             	3.00368683e+02
716             	3.00368686e+02
717             	3.00368689e+02
718             	3.00368692e+02
719             	3.00368696e+02
720             	3.00368699e+02
721             	3.00368702e+02
722             	3.00368705e+02
723             	3.00368709e+02
724             	3.00368712e+02
725             	3.00368715e+02
726             	3.00368718e+02
727             	3.00368721e+02
728             	3.00368724e+02
729             	3.00368728e+02
730             	3.00368731e+02
731             	3.00368734e+02
732             	3.00368737e+02
733             	3.00368740e+02
734             	3.00368743e+02
735             	3.00368746e+02
736             	3.00368749e+02
737             	3.00368752e+02
738             	3.00368755e+02
739             	3.00368758e+02
740             	3.00368761e+02
741             	3.00368764e+02
742             	3.00368767e+02
743             	3.00368770e+02
744             	3.00368773e+02
745             	3.00368776e+02
746             	3.00368779e+02
747             	3.00368783e+02
748             	3.00368786e+02
749             	3.00368789e+02
750             	3.00368792e+02
751             	3.00368795e+02
752             	3.00368799e+02
753             	3.00368802e+02
754             	3.00368805e+02
755             	3.00368809e+02
756             	3.00368812e+02
757             	3.00368815e+02
758             	3.00368819e+02
759             	3.00368822e+02
760             	3.00368825e+02
761             	3.00368829e+02
762             	3.00368832e+02
763             	3.00368835e+02
764             	3.00368839e+02
765             	3.00368842e+02
766             	3.00368845e+02
767             	3.00368849e+02
768             	3.00368852e+02
769             	3.00368855e+02
770             	3.00368859e+02
771             	3.00368862e+02
772             	3.00368865e+02
773             	3.00368869e+02
774             	3.00368872e+02
775             	3.00368875e+02
776             	3.00368878e+02
777             	3.00368882e+02
778             	3.00368885e+02
779             	3.00368888e+02
780             	3.00368891e+02
781             	3.00368895e+02
782             	3.00368898e+02
783             	3.00368901e+02
784             	3.00368904e+02
785             	3.00368907e+02
786             	3.00368910e+02
787             	3.00368914e+02
788             	3.00368917e+02
789             	3.00368920e+02
790             	3.00368923e+02
791             	3.00368926e+02
792             	3.00368929e+02
793             	3.00368932e+02
794             	3.00368935e+02
795             	3.00368939e+02
796             	3.00368942e+02
797             	3.00368945e+02
798             	3.00368948e+02
799             	3.00368951e+02
800             	3.00368954e+02
801             	3.00368957e+02
802             	3.00368961e+02
803             	3.00368964e+02
804             	3.00368967e+02
805             	3.00368970e+02
806             	3.00368973e+02
807             	3.00368976e+02
808             	3.00368979e+02
809             	3.00368983e+02
810             	3.00368986e+02
811             	3.00368989e+02
812             	3.00368992e+02
813             	3.00368995e+02
814             	3.00368998e+02
815             	3.00369001e+02
816             	3.00369004e+02
817             	3.00369007e+02
818             	3.00369011e+02
819             	3.00369014e+02
820             	3.00369017e+02
821             	3.00369020e+02
822             	3.00369023e+02
823             	3.00369026e+02
824             	3.00369029e+02
825             	3.00369032e+02
826             	3.00369035e+02
827             	3.00369038e+02
828             	3.00369041e+02
829             	3.00369044e+02
830             	3.00369047e+02
831             	3.00369050e+02
832             	3.00369053e+02
833             	3.00369056e+02
834             	3.00369060e+02
835             	3.00369063e+02
836             	3.00369066e+02
837             	3.00369069e+02
838             	3.00369072e+02
839             	3.00369075e+02
840             	3.00369078e+02
841             	3.00369081e+02
842             	3.00369084e+02
843             	3.00369087e+02
844             	3.00369090e+02
845             	3.00369093e+02
846             	3.00369096e+02
847             	3.00369099e+02
848             	3.00369102e+02
849             	3.00369105e+02
850             	3.00369108e+02
851             	3.00369111e+02
852             	3.00369114e+02
853             	3.00369117e+02
854             	3.00369119e+02
855             	3.00369122e+02
856             	3.00369125e+02
857             	3.00369128e+02
858             	3.00369131e+02
859             	3.00369134e+02
860             	3.00369136e+02
861             	3.00369139e+02
862             	3.00369142e+02
863             	3.00369145e+02
864             	3.00369148e+02
865             	3.00369151e+02
866             	3.00369154e+02
867             	3.00369157e+02
868             	3.00369160e+02
869             	3.00369163e+02
870             	3.00369166e+02
871             	3.00369169e+02
872             	3.00369172e+02
873             	3.00369175e+02
874             	3.00369178e+02
875             	3.00369181e+02
876             	3.00369184e+02
877             	3.00369187e+02
878             	3.00369190e+02
879             	3.00369193e+02
880             	3.00369196e+02
881             	3.00369198e+02
882             	3.00369201e+02
883             	3.00369204e+02
884             	3.00369207e+02
885             	3.00369210e+02
886             	3.00369212e+02
887             	3.00369215e+02
888             	3.00369218e+02
889             	3.00369221e+02
890             	3.00369223e+02
891             	3.00369226e+02
892             	3.00369229e+02
893             	3.00369232e+02
894             	3.00369234e+02
895             	3.00369237e+02
896             	3.00369240e+02
897             	3.00369243e+02
898             	3.00369246e+02
899             	3.00369248e+02
900             	3.00369251e+02
901             	3.00369254e+02
902             	3.00369257e+02
903             	3.00369260e+02
904             	3.00369262e+02
905             	3.00369265e+02
906             	3.00369268e+02
907             	3.00369271e+02
908             	3.00369273e+02
909             	3.00369276e+02
910             	3.00369279e+02
911             	3.00369282e+02
912             	3.00369284e+02
913             	3.00369287e+02
914             	3.00369290e+02
915             	3.00369292e+02
916             	3.00369295e+02
917             	3.00369298e+02
918             	3.00369301e+02
919             	3.00369303e+02
920             	3.00369306e+02
921             	3.00369309e+02
922             	3.00369311e+02
923             	3.00369314e+02
924             	3.00369317e+02
925             	3.00369320e+02
926             	3.00369322e+02
927             	3.00369325e+02
928             	3.00369328e+02
929             	3.00369330e+02
930             	3.00369333e+02
931             	3.00369336e+02
932             	3.00369338e+02
933             	3.00369341e+02
934             	3.00369343e+02
935             	3.00369346e+02
936             	3.00369349e+02
937             	3.00369351e+02
938             	3.00369354e+02
939             	3.00369356e+02
940             	3.00369359e+02
941             	3.00369361e+02
942             	3.00369364e+02
943             	3.00369366e+02
944             	3.00369369e+02
945             	3.00369371e+02
946             	3.00369374e+02
947             	3.00369376e+02
948             	3.00369379e+02
949             	3.00369381e+02
950             	3.00369384e+02
951             	3.00369386e+02
952             	3.00369389e+02
953             	3.00369391e+02
954             	3.00369394e+02
955             	3.00369396e+02
956             	3.00369399e+02
957             	3.00369401e+02
958             	3.00369404e+02
959             	3.00369407e+02
960             	3.00369409e+02
961             	3.00369412e+02
962             	3.00369414e+02
963             	3.00369417e+02
964             	3.00369420e+02
965             	3.00369422e+02
966             	3.00369425e+02
967             	3.00369427e+02
968             	3.00369430e+02
969             	3.00369432e+02
970             	3.00369435e+02
971             	3.00369438e+02
972             	3.00369440e+02
973             	3.00369443e+02
974             	3.00369445e+02
975             	3.00369448e+02
976             	3.00369450e+02
977             	3.00369453e+02
978             	3.00369455e+02
979             	3.00369458e+02
980             	3.00369460e+02
981             	3.00369463e+02
982             	3.00369465e+02
983             	3.00369468e+02
984             	3.00369470e+02
985             	3.00369472e+02
986             	3.00369475e+02
987             	3.00369477e+02
988             	3.00369480e+02
989             	3.00369482e+02
990             	3.00369485e+02
991             	3.00369487e+02
992             	3.00369490e+02
993             	3.00369492e+02
994             	3.00369495e+02
995             	3.00369497e+02
996             	3.00369499e+02
997             	3.00369502e+02
998             	3.00369504e+02
999             	3.00369507e+02
1000            	3.00369509e+02
1001            	3.00369511e+02
1002            	3.00369514e+02
1003            	3.00369516e+02
1004            	3.00369519e+02
1005            	3.00369521e+02
1006            	3.00369523e+02
1007            	3.00369526e+02
1008            	3.00369528e+02
1009            	3.00369530e+02
1010            	3.00369532e+02
1011            	3.00369535e+02
1012            	3.00369537e+02
1013            	3.00369539e+02
1014            	3.00369542e+02
1015            	3.00369544e+02
1016            	3.00369546e+02
1017            	3.00369548e+02
1018            	3.00369551e+02
1019            	3.00369553e+02
1020            	3.00369555e+02
1021            	3.00369558e+02
1022            	3.00369560e+02
1023            	3.00369562e+02
1024            	3.00369564e+02
1025            	3.00369567e+02
1026            	3.00369569e+02
1027            	3.00369571e+02
1028            	3.00369573e+02
1029            	3.00369576e+02
1030            	3.00369578e+02
1031            	3.00369580e+02
1032            	3.00369582e+02
1033            	3.00369584e+02
1034            	3.00369586e+02
1035            	3.00369589e+02
1036            	3.00369591e+02
1037            	3.00369593e+02
1038            	3.00369595e+02
1039            	3.00369597e+02
1040            	3.00369599e+02
1041            	3.00369602e+02
1042            	3.00369604e+02
1043            	3.00369606e+02
1044            	3.00369608e+02
1045            	3.00369610e+02
1046            	3.00369612e+02
1047            	3.00369614e+02
1048            	3.00369616e+02
1049            	3.00369618e+02
1050            	3.00369620e+02
1051            	3.00369623e+02
1052            	3.00369625e+02
1053            	3.00369627e+02
1054            	3.00369629e+02
1055            	3.00369631e+02
1056            	3.00369633e+02
1057            	3.00369635e+02
1058            	3.00369637e+02
1059            	3.00369639e+02
1060            	3.00369641e+02
1061            	3.00369644e+02
1062            	3.00369646e+02
1063            	3.00369648e+02
1064            	3.00369650e+02
1065            	3.00369652e+02
1066            	3.00369654e+02
1067            	3.00369656e+02
1068            	3.00369658e+02
1069            	3.00369660e+02
1070            	3.00369662e+02
1071            	3.00369664e+02
1072            	3.00369667e+02
1073            	3.00369669e+02
1074            	3.00369671e+02
1075            	3.00369673e+02
1076            	3.00369675e+02
1077            	3.00369677e+02
1078            	3.00369679e+02
1079            	3.00369681e+02
1080            	3.00369683e+02
1081            	3.00369685e+02
1082            	3.00369687e+02
1083            	3.00369689e+02
1084            	3.00369691e+02
1085            	3.00369693e+02
1086            	3.00369695e+02
1087            	3.00369697e+02
1088            	3.00369699e+02
1089            	3.00369701e+02
1090            	3.00369703e+02
1091            	3.00369705e+02
1092            	3.00369707e+02
1093            	3.00369709e+02
1094            	3.00369711e+02
1095            	3.00369713e+02
1096            	3.00369715e+02
1097            	3.00369717e+02
1098            	3.00369719e+02
1099            	3.00369721e+02
1100            	3.00369723e+02
1101            	3.00369724e+02
1102            	3.00369726e+02
1103            	3.00369728e+02
1104            	3.00369730e+02
1105            	3.00369732e+02
1106            	3.00369734e+02
1107            	3.00369736e+02
1108            	3.00369738e+02
1109            	3.00369739e+02
1110            	3.00369741e+02
1111            	3.00369743e+02
1112            	3.00369745e+02
1113            	3.00369747e+02
1114            	3.00369748e+02
1115            	3.00369750e+02
1116            	3.00369752e+02
1117            	3.00369754e+02
1118            	3.00369756e+02
1119            	3.00369757e+02
1120            	3.00369759e+02
1121            	3.00369761e+02
1122            	3.00369763e+02
1123            	3.00369764e+02
1124            	3.00369766e+02
1125            	3.00369768e+02
1126            	3.00369770e+02
1127            	3.00369772e+02
1128            	3.00369773e+02
1129            	3.00369775e+02
1130            	3.00369777e+02
1131            	3.00369779e+02
1132            	3.00369780e+02
1133            	3.00369782e+02
1134            	3.00369784e+02
1135            	3.00369786e+02
1136            	3.00369787e+02
1137            	3.00369789e+02
1138            	3.00369791e+02
1139            	3.00369793e+02
1140            	3.00369794e+02
1141            	3.00369796e+02
1142            	3.00369798e+02
1143            	3.00369800e+02
1144            	3.00369801e+02
1145            	3.00369803e+02
1146            	3.00369805e+02
1147            	3.00369807e+02
1148            	3.00369808e+02
1149            	3.00369810e+02
1150            	3.00369812e+02
1151            	3.00369814e+02
1152            	3.00369815e+02
1153            	3.00369817e+02
1154            	3.00369819e+02
1155            	3.00369820e+02
1156            	3.00369822e+02
1157            	3.00369824e+02
1158            	3.00369825e+02
1159            	3.00369827e+02
1160            	3.00369829e+02
1161            	3.00369830e+02
1162            	3.00369832e+02
1163            	3.00369834e+02
1164            	3.00369835e+02
1165            	3.00369837e+02
1166            	3.00369839e+02
1167            	3.00369840e+02
1168            	3.00369842e+02
1169            	3.00369844e+02
1170            	3.00369845e+02
1171            	3.00369847e+02
1172            	3.00369849e+02
1173            	3.00369850e+02
1174            	3.00369852e+02
1175            	3.00369853e+02
1176            	3.00369855e+02
1177            	3.00369856e+02
1178            	3.00369858e+02
1179            	3.00369860e+02
1180            	3.00369861e+02
1181            	3.00369863e+02
1182            	3.00369864e+02
1183            	3.00369866e+02
1184            	3.00369867e+02
1185            	3.00369869e+02
1186            	3.00369870e+02
1187            	3.00369872e+02
1188            	3.00369873e+02
1189            	3.00369875e+02
1190            	3.00369876e+02
1191            	3.00369878e+02
1192            	3.00369879e+02
1193            	3.00369881e+02
1194            	3.00369882e+02
1195            	3.00369884e+02
1196            	3.00369885e+02
1197            	3.00369886e+02
1198            	3.00369888e+02
1199            	3.00369889e+02
1200            	3.00369891e+02
1201            	3.00369892e+02
1202            	3.00369894e+02
1203            	3.00369895e+02
1204            	3.00369897e+02
1205            	3.00369898e+02
1206            	3.00369900e+02
1207            	3.00369901e+02
1208            	3.00369903e+02
1209            	3.00369904e+02
1210            	3.00369906e+02
1211            	3.00369907e+02
1212            	3.00369909e+02
1213            	3.00369910e+02
1214            	3.00369912e+02
1215            	3.00369913e+02
1216            	3.00369915e+02
1217            	3.00369916e+02
1218            	3.00369918e+02
1219            	3.00369919e+02
1220            	3.00369920e+02
1221            	3.00369922e+02
1222            	3.00369923e+02
1223            	3.00369925e+02
1224            	3.00369926e+02
1225            	3.00369927e+02
1226            	3.00369929e+02
1227            	3.00369930e+02
1228            	3.00369932e+02
1229            	3.00369933e+02
1230            	3.00369934e+02
1231            	3.00369936e+02
1232            	3.00369937e+02
1233            	3.00369938e+02
1234            	3.00369940e+02
1235            	3.00369941e+02
1236            	3.00369943e+02
1237            	3.00369944e+02
1238            	3.00369945e+02
1239            	3.00369947e+02
1240            	3.00369948e+02
1241            	3.00369950e+02
1242            	3.00369951e+02
1243            	3.00369952e+02
1244            	3.00369954e+02
1245            	3.00369955e+02
1246            	3.00369957e+02
1247            	3.00369958e+02
1248            	3.00369959e+02
1249            	3.00369961e+02
1250            	3.00369962e+02
1251            	3.00369963e+02
1252            	3.00369965e+02
1253            	3.00369966e+02
1254            	3.00369967e+02
1255            	3.00369969e+02
1256            	3.00369970e+02
1257            	3.00369971e+02
1258            	3.00369973e+02
1259            	3.00369974e+02
1260            	3.00369975e+02
1261            	3.00369977e+02
1262            	3.00369978e+02
1263            	3.00369979e+02
1264            	3.00369981e+02
1265            	3.00369982e+02
1266            	3.00369983e+02
1267            	3.00369985e+02
1268            	3.00369986e+02
1269            	3.00369987e+02
1270            	3.00369989e+02
1271            	3.00369990e+02
1272            	3.00369991e+02
1273            	3.00369993e+02
1274            	3.00369994e+02
1275            	3.00369995e+02
1276            	3.00369997e+02
1277            	3.00369998e+02
1278            	3.00369999e+02
1279            	3.00370000e+02
1280            	3.00370002e+02
1281            	3.00370003e+02
1282            	3.00370004e+02
1283            	3.00370005e+02
1284            	3.00370007e+02
1285            	3.00370008e+02
1286            	3.00370009e+02
1287            	3.00370010e+02
1288            	3.00370012e+02
1289            	3.00370013e+02
1290            	3.00370014e+02
1291            	3.00370015e+02
1292            	3.00370017e+02
1293            	3.00370018e+02
1294            	3.00370019e+02
1295            	3.00370020e+02
1296            	3.00370022e+02
1297            	3.00370023e+02
1298            	3.00370024e+02
1299            	3.00370025e+02
1300            	3.00370027e+02
1301            	3.00370028e+02
1302            	3.00370029e+02
1303            	3.00370030e+02
1304            	3.00370032e+02
1305            	3.00370033e+02
1306            	3.00370034e+02
1307            	3.00370035e+02
1308            	3.00370036e+02
1309            	3.00370037e+02
1310            	3.00370039e+02
1311            	3.00370040e+02
1312            	3.00370041e+02
1313            	3.00370042e+02
1314            	3.00370043e+02
1315            	3.00370044e+02
1316            	3.00370045e+02
1317            	3.00370046e+02
1318            	3.00370048e+02
1319            	3.00370049e+02
1320            	3.00370050e+02
1321            	3.00370051e+02
1322            	3.00370053e+02
1323            	3.00370054e+02
1324            	3.00370055e+02
1325            	3.00370056e+02
1326            	3.00370057e+02
1327            	3.00370058e+02
1328            	3.00370060e+02
1329            	3.00370061e+02
1330            	3.00370062e+02
1331            	3.00370063e+02
1332            	3.00370064e+02
1333            	3.00370065e+02
1334            	3.00370067e+02
1335            	3.00370068e+02
1336            	3.00370069e+02
1337            	3.00370070e+02
1338            	3.00370071e+02
1339            	3.00370072e+02
1340            	3.00370073e+02
1341            	3.00370074e+02
1342            	3.00370075e+02
1343            	3.00370076e+02
1344            	3.00370078e+02
1345            	3.00370079e+02
1346            	3.00370080e+02
1347            	3.00370081e+02
1348            	3.00370082e+02
1349            	3.00370083e+02
1350            	3.00370085e+02
1351            	3.00370086e+02
1352            	3.00370087e+02
1353            	3.00370088e+02
1354            	3.00370089e+02
1355            	3.00370090e+02
1356            	3.00370091e+02
1357            	3.00370092e+02
1358            	3.00370093e+02
1359            	3.00370094e+02
1360            	3.00370095e+02
1361            	3.00370096e+02
1362            	3.00370097e+02
1363            	3.00370098e+02
1364            	3.00370099e+02
1365            	3.00370100e+02
1366            	3.00370101e+02
1367            	3.00370102e+02
1368            	3.00370103e+02
1369            	3.00370104e+02
1370            	3.00370105e+02
1371            	3.00370106e+02
1372            	3.00370107e+02
1373            	3.00370108e+02
1374            	3.00370109e+02
1375            	3.00370110e+02
1376            	3.00370111e+02
1377            	3.00370112e+02
1378            	3.00370113e+02
1379            	3.00370114e+02
1380            	3.00370115e+02
1381            	3.00370116e+02
1382            	3.00370117e+02
1383            	3.00370118e+02
1384            	3.00370119e+02
1385            	3.00370120e+02
1386            	3.00370121e+02
1387            	3.00370122e+02
1388            	3.00370123e+02
1389            	3.00370124e+02
1390            	3.00370125e+02
1391            	3.00370126e+02
1392            	3.00370127e+02
1393            	3.00370128e+02
1394            	3.00370129e+02
1395            	3.00370130e+02
1396            	3.00370131e+02
1397            	3.00370132e+02
1398            	3.00370133e+02
1399            	3.00370134e+02
1400            	3.00370135e+02
1401            	3.00370136e+02
1402            	3.00370137e+02
1403            	3.00370138e+02
1404            	3.00370138e+02
1405            	3.00370139e+02
1406            	3.00370140e+02
1407            	3.00370141e+02
1408            	3.00370142e+02
1409            	3.00370143e+02
1410            	3.00370144e+02
1411            	3.00370145e+02
1412            	3.00370146e+02
1413            	3.00370147e+02
1414            	3.00370148e+02
1415            	3.00370149e+02
1416            	3.00370150e+02
1417            	3.00370151e+02
1418            	3.00370152e+02
1419            	3.00370153e+02
1420            	3.00370154e+02
1421            	3.00370154e+02
1422            	3.00370155e+02
1423            	3.00370156e+02
1424            	3.00370157e+02
1425            	3.00370158e+02
1426            	3.00370159e+02
1427            	3.00370160e+02
1428            	3.00370161e+02
1429            	3.00370161e+02
1430            	3.00370162e+02
1431            	3.00370163e+02
1432            	3.00370164e+02
1433            	3.00370165e+02
1434            	3.00370166e+02
1435            	3.00370167e+02
1436            	3.00370168e+02
1437            	3.00370168e+02
1438            	3.00370169e+02
1439            	3.00370170e+02
1440            	3.00370171e+02
1441            	3.00370172e+02
1442            	3.00370173e+02
1443            	3.00370174e+02
1444            	3.00370175e+02
1445            	3.00370175e+02
1446            	3.00370176e+02
1447            	3.00370177e+02
1448            	3.00370178e+02
1449            	3.00370179e+02
1450            	3.00370180e+02
1451            	3.00370181e+02
1452            	3.00370181e+02
1453            	3.00370182e+02
1454            	3.00370183e+02
1455            	3.00370184e+02
1456            	3.00370185e+02
1457            	3.00370186e+02
1458            	3.00370187e+02
1459            	3.00370187e+02
1460            	3.00370188e+02
1461            	3.00370189e+02
1462            	3.00370190e+02
1463            	3.00370191e+02
1464            	3.00370192e+02
1465            	3.00370193e+02
1466            	3.00370194e+02
1467            	3.00370194e+02
1468            	3.00370195e+02
1469            	3.00370196e+02
1470            	3.00370197e+02
1471            	3.00370198e+02
1472            	3.00370199e+02
1473            	3.00370200e+02
1474            	3.00370200e+02
1475            	3.00370201e+02
1476            	3.00370202e+02
1477            	3.00370203e+02
1478            	3.00370204e+02
1479            	3.00370205e+02
1480            	3.00370206e+02
1481            	3.00370206e+02
1482            	3.00370207e+02
1483            	3.00370208e+02
1484            	3.00370209e+02
1485            	3.00370210e+02
1486            	3.00370210e+02
1487            	3.00370211e+02
1488            	3.00370212e+02
1489            	3.00370213e+02
1490            	3.00370214e+02
1491            	3.00370214e+02
1492            	3.00370215e+02
1493            	3.00370216e+02
1494            	3.00370217e+02
1495            	3.00370217e+02
1496            	3.00370218e+02
1497            	3.00370219e+02
1498            	3.00370220e+02
1499            	3.00370221e+02
1500            	3.00370221e+02
1501            	3.00370222e+02
1502            	3.00370223e+02
1503            	3.00370224e+02
1504            	3.00370224e+02
1505            	3.00370225e+02
1506            	3.00370226e+02
1507            	3.00370226e+02
1508            	3.00370227e+02
1509            	3.00370228e+02
1510            	3.00370229e+02
1511            	3.00370230e+02
1512            	3.00370231e+02
1513            	3.00370231e+02
1514            	3.00370232e+02
1515            	3.00370233e+02
1516            	3.00370234e+02
1517            	3.00370234e+02
1518            	3.00370235e+02
1519            	3.00370236e+02
1520            	3.00370237e+02
1521            	3.00370237e+02
1522            	3.00370238e+02
1523            	3.00370239e+02
1524            	3.00370239e+02
1525            	3.00370240e+02
1526            	3.00370241e+02
1527            	3.00370241e+02
1528            	3.00370242e+02
1529            	3.00370243e+02
1530            	3.00370244e+02
1531            	3.00370244e+02
1532            	3.00370245e+02
1533            	3.00370246e+02
1534            	3.00370246e+02
1535            	3.00370247e+02
1536            	3.00370248e+02
1537            	3.00370248e+02
1538            	3.00370249e+02
1539            	3.00370250e+02
1540            	3.00370251e+02
1541            	3.00370251e+02
1542            	3.00370252e+02
1543            	3.00370253e+02
1544            	3.00370254e+02
1545            	3.00370255e+02
1546            	3.00370255e+02
1547            	3.00370256e+02
1548            	3.00370257e+02
1549            	3.00370257e+02
1550            	3.00370258e+02
1551            	3.00370259e+02
1552            	3.00370259e+02
1553            	3.00370260e+02
1554            	3.00370261e+02
1555            	3.00370261e+02
1556            	3.00370262e+02
1557            	3.00370263e+02
1558            	3.00370263e+02
1559            	3.00370264e+02
1560            	3.00370265e+02
1561            	3.00370265e+02
1562            	3.00370266e+02
1563            	3.00370267e+02
1564            	3.00370267e+02
1565            	3.00370268e+02
1566            	3.00370268e+02
1567            	3.00370269e+02
1568            	3.00370270e+02
1569            	3.00370270e+02
1570            	3.00370271e+02
1571            	3.00370271e+02
1572            	3.00370272e+02
1573            	3.00370273e+02
1574            	3.00370273e+02
1575            	3.00370274e+02
1576            	3.00370274e+02
1577            	3.00370275e+02
1578            	3.00370275e+02
1579            	3.00370276e+02
1580            	3.00370277e+02
1581            	3.00370277e+02
1582            	3.00370278e+02
1583            	3.00370279e+02
1584            	3.00370279e+02
1585            	3.00370280e+02
1586            	3.00370281e+02
1587            	3.00370281e+02
1588            	3.00370282e+02
1589            	3.00370283e+02
1590            	3.00370283e+02
1591            	3.00370284e+02
1592            	3.00370285e+02
1593            	3.00370285e+02
1594            	3.00370286e+02
1595            	3.00370287e+02
1596            	3.00370287e+02
1597            	3.00370288e+02
1598            	3.00370289e+02
1599            	3.00370289e+02
1600            	3.00370290e+02
1601            	3.00370291e+02
1602            	3.00370291e+02
1603            	3.00370292e+02
1604            	3.00370292e+02
1605            	3.00370293e+02
1606            	3.00370294e+02
1607            	3.00370294e+02
1608            	3.00370295e+02
1609            	3.00370295e+02
1610            	3.00370296e+02
1611            	3.00370296e+02
1612            	3.00370297e+02
1613            	3.00370297e+02
1614            	3.00370298e+02
1615            	3.00370298e+02
1616            	3.00370299e+02
1617            	3.00370299e+02
1618            	3.00370300e+02
1619            	3.00370300e+02
1620            	3.00370301e+02
1621            	3.00370302e+02
1622            	3.00370302e+02
1623            	3.00370303e+02
1624            	3.00370304e+02
1625            	3.00370304e+02
1626            	3.00370305e+02
1627            	3.00370305e+02
1628            	3.00370306e+02
1629            	3.00370307e+02
1630            	3.00370307e+02
1631            	3.00370308e+02
1632            	3.00370309e+02
1633            	3.00370309e+02
1634            	3.00370310e+02
1635            	3.00370311e+02
1636            	3.00370311e+02
1637            	3.00370312e+02
1638            	3.00370313e+02
1639            	3.00370313e+02
1640            	3.00370313e+02
1641            	3.00370314e+02
1642            	3.00370314e+02
1643            	3.00370315e+02
1644            	3.00370315e+02
1645            	3.00370316e+02
1646            	3.00370317e+02
1647            	3.00370317e+02
1648            	3.00370318e+02
1649            	3.00370319e+02
1650            	3.00370319e+02
1651            	3.00370320e+02
1652            	3.00370320e+02
1653            	3.00370321e+02
1654            	3.00370321e+02
1655            	3.00370322e+02
1656            	3.00370322e+02
1657            	3.00370323e+02
1658            	3.00370323e+02
1659            	3.00370324e+02
1660            	3.00370324e+02
1661            	3.00370325e+02
1662            	3.00370325e+02
1663            	3.00370326e+02
1664            	3.00370327e+02
1665            	3.00370327e+02
1666            	3.00370328e+02
1667            	3.00370328e+02
1668            	3.00370329e+02
1669            	3.00370329e+02
1670            	3.00370330e+02
1671            	3.00370330e+02
1672            	3.00370331e+02
1673            	3.00370331e+02
1674            	3.00370332e+02
1675            	3.00370333e+02
1676            	3.00370333e+02
1677            	3.00370334e+02
1678            	3.00370335e+02
1679            	3.00370335e+02
1680            	3.00370336e+02
1681            	3.00370336e+02
1682            	3.00370337e+02
1683            	3.00370337e+02
1684            	3.00370338e+02
1685            	3.00370338e+02
1686            	3.00370338e+02
1687            	3.00370339e+02
1688            	3.00370339e+02
1689            	3.00370340e+02
1690            	3.00370340e+02
1691            	3.00370341e+02
1692            	3.00370341e+02
1693            	3.00370342e+02
1694            	3.00370342e+02
1695            	3.00370343e+02
1696            	3.00370343e+02
1697            	3.00370344e+02
1698            	3.00370344e+02
1699            	3.00370345e+02
1700            	3.00370346e+02
1701            	3.00370346e+02
1702            	3.00370347e+02
1703            	3.00370347e+02
1704            	3.00370348e+02
1705            	3.00370348e+02
1706            	3.00370349e+02
1707            	3.00370350e+02
1708            	3.00370350e+02
1709            	3.00370351e+02
1710            	3.00370351e+02
1711            	3.00370352e+02
1712            	3.00370352e+02
1713            	3.00370352e+02
1714            	3.00370352e+02
1715            	3.00370353e+02
1716            	3.00370353e+02
1717            	3.00370354e+02
1718            	3.00370354e+02
1719            	3.00370354e+02
1720            	3.00370354e+02
1721            	3.00370354e+02
1722            	3.00370354e+02
1723            	3.00370355e+02
1724            	3.00370355e+02
1725            	3.00370355e+02
1726            	3.00370356e+02
1727            	3.00370356e+02
1728            	3.00370357e+02
1729            	3.00370357e+02
1730            	3.00370358e+02
1731            	3.00370358e+02
1732            	3.00370358e+02
1733            	3.00370359e+02
1734            	3.00370359e+02
1735            	3.00370359e+02
1736            	3.00370360e+02
1737            	3.00370360e+02
1738            	3.00370361e+02
1739            	3.00370361e+02
1740            	3.00370362e+02
1741            	3.00370362e+02
1742            	3.00370363e+02
1743            	3.00370363e+02
1744            	3.00370364e+02
1745            	3.00370364e+02
1746            	3.00370365e+02
1747            	3.00370365e+02
1748            	3.00370366e+02
1749            	3.00370367e+02
1750            	3.00370367e+02
1751            	3.00370368e+02
1752            	3.00370369e+02
1753            	3.00370369e+02
1754            	3.00370369e+02
1755            	3.00370370e+02
1756            	3.00370370e+02
1757            	3.00370370e+02
1758            	3.00370370e+02
1759            	3.00370370e+02
1760            	3.00370371e+02
1761            	3.00370371e+02
1762            	3.00370371e+02
1763            	3.00370372e+02
1764            	3.00370373e+02
1765            	3.00370373e+02
1766            	3.00370373e+02
1767            	3.00370373e+02
1768            	3.00370374e+02
1769            	3.00370374e+02
1770            	3.00370374e+02
1771            	3.00370375e+02
1772            	3.00370375e+02
1773            	3.00370375e+02
1774            	3.00370376e+02
1775            	3.00370376e+02
1776            	3.00370377e+02
1777            	3.00370377e+02
1778            	3.00370377e+02
1779            	3.00370378e+02
1780            	3.00370378e+02
1781            	3.00370378e+02
1782            	3.00370379e+02
1783            	3.00370379e+02
1784            	3.00370379e+02
1785            	3.00370380e+02
1786            	3.00370380e+02
1787            	3.00370380e+02
1788            	3.00370381e+02
1789            	3.00370381e+02
1790            	3.00370381e+02
1791            	3.00370381e+02
1792            	3.00370382e+02
1793            	3.00370382e+02
1794            	3.00370382e+02
1795            	3.00370382e+02
1796            	3.00370382e+02
1797            	3.00370382e+02
1798            	3.00370383e+02
1799            	3.00370383e+02
1800            	3.00370383e+02
1801            	3.00370384e+02
1802            	3.00370384e+02
1803            	3.00370384e+02
1804            	3.00370385e+02
1805            	3.00370385e+02
1806            	3.00370386e+02
1807            	3.00370386e+02
1808            	3.00370386e+02
1809            	3.00370386e+02
1810            	3.00370386e+02
1811            	3.00370387e+02
1812            	3.00370387e+02
1813            	3.00370388e+02
1814            	3.00370388e+02
1815            	3.00370388e+02
1816            	3.00370389e+02
1817            	3.00370389e+02
1818            	3.00370390e+02
1819            	3.00370390e+02
1820            	3.00370391e+02
1821            	3.00370391e+02
1822            	3.00370392e+02
1823            	3.00370392e+02
1824            	3.00370392e+02
1825            	3.00370393e+02
1826            	3.00370393e+02
1827            	3.00370393e+02
1828            	3.00370393e+02
1829            	3.00370393e+02
1830            	3.00370393e+02
1831            	3.00370394e+02
1832            	3.00370395e+02
1833            	3.00370395e+02
1834            	3.00370396e+02
1835            	3.00370396e+02
1836            	3.00370396e+02
1837            	3.00370397e+02
1838            	3.00370397e+02
1839            	3.00370397e+02
1840            	3.00370397e+02
1841            	3.00370397e+02
1842            	3.00370398e+02
1843            	3.00370398e+02
1844            	3.00370398e+02
1845            	3.00370399e+02
1846            	3.00370399e+02
1847            	3.00370399e+02
1848            	3.00370399e+02
1849            	3.00370400e+02
1850            	3.00370400e+02
1851            	3.00370401e+02
1852            	3.00370401e+02
1853            	3.00370402e+02
1854            	3.00370402e+02
1855            	3.00370403e+02
1856            	3.00370403e+02
1857            	3.00370403e+02
1858            	3.00370403e+02
1859            	3.00370403e+02
1860            	3.00370403e+02
1861            	3.00370403e+02
1862            	3.00370403e+02
1863            	3.00370404e+02
1864            	3.00370404e+02
1865            	3.00370404e+02
1866            	3.00370405e+02
1867            	3.00370405e+02
1868            	3.00370405e+02
1869            	3.00370406e+02
1870            	3.00370406e+02
1871            	3.00370407e+02
1872            	3.00370407e+02
1873            	3.00370407e+02
1874            	3.00370407e+02
1875            	3.00370407e+02
1876            	3.00370407e+02
1877            	3.00370407e+02
1878            	3.00370408e+02
1879            	3.00370408e+02
1880            	3.00370408e+02
1881            	3.00370409e+02
1882            	3.00370409e+02
1883            	3.00370410e+02
1884            	3.00370410e+02
1885            	3.00370411e+02
1886            	3.00370411e+02
1887            	3.00370411e+02
1888            	3.00370412e+02
1889            	3.00370412e+02
1890            	3.00370412e+02
1891            	3.00370412e+02
1892            	3.00370412e+02
1893            	3.00370412e+02
1894            	3.00370412e+02
1895            	3.00370412e+02
1896            	3.00370413e+02
1897            	3.00370413e+02
1898            	3.00370414e+02
1899            	3.00370414e+02
1900            	3.00370414e+02
1901            	3.00370414e+02
1902            	3.00370415e+02
1903            	3.00370415e+02
1904            	3.00370415e+02
1905            	3.00370415e+02
1906            	3.00370415e+02
1907            	3.00370415e+02
1908            	3.00370416e+02
1909            	3.00370416e+02
1910            	3.00370416e+02
1911            	3.00370416e+02
1912            	3.00370417e+02
1913            	3.00370417e+02
1914            	3.00370417e+02
1915            	3.00370418e+02
1916            	3.00370418e+02
1917            	3.00370418e+02
1918            	3.00370419e+02
1919            	3.00370419e+02
1920            	3.00370419e+02
1921            	3.00370419e+02
1922            	3.00370419e+02
1923            	3.00370420e+02
1924            	3.00370420e+02
1925            	3.00370420e+02
1926            	3.00370420e+02
1927            	3.00370420e+02
1928            	3.00370421e+02
1929            	3.00370421e+02
1930            	3.00370422e+02
1931            	3.00370422e+02
1932            	3.00370422e+02
1933            	3.00370423e+02
1934            	3.00370423e+02
1935            	3.00370423e+02
1936            	3.00370423e+02
1937            	3.00370423e+02
1938            	3.00370423e+02
1939            	3.00370423e+02
1940            	3.00370424e+02
1941            	3.00370424e+02
1942            	3.00370425e+02
1943            	3.00370425e+02
1944            	3.00370425e+02
1945            	3.00370426e+02
1946            	3.00370426e+02
1947            	3.00370427e+02
1948            	3.00370427e+02
1949            	3.00370427e+02
1950            	3.00370427e+02
1951            	3.00370427e+02
1952            	3.00370427e+02
1953            	3.00370427e+02
1954            	3.00370427e+02
1955            	3.00370427e+02
1956            	3.00370427e+02
1957            	3.00370428e+02
1958            	3.00370428e+02
1959            	3.00370428e+02
1960            	3.00370429e+02
1961            	3.00370429e+02
1962            	3.00370430e+02
1963            	3.00370430e+02
1964            	3.00370430e+02
1965            	3.00370430e+02
1966            	3.00370430e+02
1967            	3.00370430e+02
1968            	3.00370430e+02
1969            	3.00370430e+02
1970            	3.00370431e+02
1971            	3.00370431e+02
1972            	3.00370431e+02
1973            	3.00370432e+02
1974            	3.00370432e+02
1975            	3.00370433e+02
1976            	3.00370433e+02
1977            	3.00370434e+02
1978            	3.00370434e+02
1979            	3.00370434e+02
1980            	3.00370434e+02
1981            	3.00370434e+02
1982            	3.00370434e+02
1983            	3.00370434e+02
1984            	3.00370434e+02
1985            	3.00370434e+02
1986            	3.00370435e+02
1987            	3.00370435e+02
1988            	3.00370435e+02
1989            	3.00370436e+02
1990            	3.00370436e+02
1991            	3.00370436e+02
1992            	3.00370437e+02
1993            	3.00370437e+02
1994            	3.00370437e+02
1995            	3.00370437e+02
1996            	3.00370437e+02
1997            	3.00370437e+02
1998            	3.00370437e+02
1999            	3.00370437e+02
2000            	3.00370437e+02
