# Region        : cellZone component_0
# Cells         : 84
# Volume        : 1.41050148e-01
# Time          	volAverage(T)
1               	3.01578820e+02
2               	3.03109803e+02
3               	3.04234150e+02
4               	3.05154918e+02
5               	3.06131993e+02
6               	3.07185914e+02
7               	3.08219893e+02
8               	3.09204209e+02
9               	3.10184212e+02
10              	3.11145620e+02
11              	3.12055199e+02
12              	3.12914055e+02
13              	3.13734496e+02
14              	3.14520175e+02
15              	3.15298663e+02
16              	3.16084433e+02
17              	3.16848809e+02
18              	3.17575509e+02
19              	3.18302052e+02
20              	3.19009326e+02
21              	3.19684506e+02
22              	3.20315649e+02
23              	3.20931341e+02
24              	3.21532788e+02
25              	3.22137645e+02
26              	3.22701684e+02
27              	3.23244491e+02
28              	3.23776071e+02
29              	3.24300929e+02
30              	3.24817130e+02
31              	3.25336460e+02
32              	3.25841332e+02
33              	3.26317941e+02
34              	3.26808032e+02
35              	3.27291373e+02
36              	3.27751709e+02
37              	3.28201384e+02
38              	3.28596856e+02
39              	3.28946126e+02
40              	3.29265055e+02
41              	3.29532001e+02
42              	3.29797580e+02
43              	3.30087891e+02
44              	3.30345387e+02
45              	3.30574329e+02
46              	3.30792435e+02
47              	3.31022622e+02
48              	3.31300874e+02
49              	3.31594246e+02
50              	3.31833361e+02
51              	3.31993858e+02
52              	3.32089071e+02
53              	3.32172938e+02
54              	3.32237249e+02
55              	3.32326638e+02
56              	3.32413085e+02
57              	3.32474506e+02
58              	3.32523754e+02
59              	3.32596145e+02
60              	3.32664657e+02
61              	3.32720929e+02
62              	3.32781467e+02
63              	3.32834334e+02
64              	3.32865384e+02
65              	3.32882490e+02
66              	3.32903364e+02
67              	3.32922430e+02
68              	3.32947094e+02
69              	3.32972963e+02
70              	3.32974667e+02
71              	3.32970953e+02
72              	3.32963586e+02
73              	3.32935298e+02
74              	3.32904160e+02
75              	3.32870384e+02
76              	3.32824128e+02
77              	3.32768202e+02
78              	3.32709783e+02
79              	3.32651894e+02
80              	3.32592118e+02
81              	3.32535082e+02
82              	3.32480435e+02
83              	3.32431175e+02
84              	3.32380597e+02
85              	3.32326141e+02
86              	3.32265212e+02
87              	3.32198747e+02
88              	3.32129449e+02
89              	3.32061966e+02
90              	3.31996842e+02
91              	3.31929930e+02
92              	3.31863102e+02
93              	3.31799147e+02
94              	3.31741162e+02
95              	3.31686886e+02
96              	3.31631562e+02
97              	3.31579695e+02
98              	3.31528566e+02
99              	3.31476929e+02
100             	3.31425416e+02
101             	3.31373146e+02
102             	3.31317936e+02
103             	3.31260736e+02
104             	3.31202579e+02
105             	3.31146726e+02
106             	3.31092022e+02
107             	3.31037114e+02
108             	3.30982257e+02
109             	3.30927784e+02
110             	3.30874663e+02
111             	3.30822327e+02
112             	3.30772046e+02
113             	3.30722739e+02
114             	3.30673293e+02
115             	3.30624531e+02
116             	3.30577091e+02
117             	3.30531338e+02
118             	3.30487676e+02
119             	3.30445791e+02
120             	3.30405811e+02
121             	3.30365062e+02
122             	3.30323639e+02
123             	3.30283339e+02
124             	3.30242958e+02
125             	3.30202046e+02
126             	3.30159672e+02
127             	3.30118821e+02
128             	3.30080156e+02
129             	3.30042499e+02
130             	3.30005139e+02
131             	3.29969346e+02
132             	3.29935553e+02
133             	3.29903274e+02
134             	3.29871840e+02
135             	3.29840822e+02
136             	3.29810519e+02
137             	3.29780610e+02
138             	3.29750334e+02
139             	3.29719058e+02
140             	3.29686877e+02
141             	3.29654287e+02
142             	3.29621462e+02
143             	3.29588264e+02
144             	3.29554662e+02
145             	3.29523475e+02
146             	3.29493449e+02
147             	3.29463698e+02
148             	3.29434806e+02
149             	3.29406725e+02
150             	3.29379412e+02
151             	3.29351976e+02
152             	3.29324334e+02
153             	3.29296602e+02
154             	3.29268759e+02
155             	3.29239508e+02
156             	3.29209930e+02
157             	3.29181339e+02
158             	3.29155466e+02
159             	3.29131880e+02
160             	3.29110511e+02
161             	3.29088096e+02
162             	3.29066358e+02
163             	3.29045233e+02
164             	3.29024029e+02
165             	3.29000328e+02
166             	3.28976825e+02
167             	3.28953376e+02
168             	3.28928672e+02
169             	3.28902962e+02
170             	3.28877348e+02
171             	3.28853036e+02
172             	3.28830698e+02
173             	3.28810317e+02
174             	3.28791003e+02
175             	3.28772260e+02
176             	3.28755086e+02
177             	3.28738828e+02
178             	3.28721770e+02
179             	3.28704775e+02
180             	3.28687874e+02
181             	3.28669624e+02
182             	3.28649967e+02
183             	3.28629629e+02
184             	3.28609784e+02
185             	3.28589874e+02
186             	3.28569796e+02
187             	3.28550540e+02
188             	3.28532410e+02
189             	3.28515529e+02
190             	3.28500222e+02
191             	3.28485998e+02
192             	3.28472919e+02
193             	3.28459975e+02
194             	3.28446608e+02
195             	3.28432289e+02
196             	3.28416527e+02
197             	3.28399916e+02
198             	3.28383272e+02
199             	3.28366621e+02
200             	3.28350146e+02
201             	3.28334313e+02
202             	3.28319571e+02
203             	3.28305999e+02
204             	3.28293281e+02
205             	3.28281318e+02
206             	3.28269925e+02
207             	3.28258305e+02
208             	3.28246609e+02
209             	3.28234562e+02
210             	3.28222049e+02
211             	3.28209858e+02
212             	3.28198164e+02
213             	3.28186685e+02
214             	3.28175908e+02
215             	3.28165451e+02
216             	3.28154735e+02
217             	3.28143903e+02
218             	3.28133316e+02
219             	3.28122912e+02
220             	3.28112533e+02
221             	3.28102031e+02
222             	3.28091139e+02
223             	3.28079727e+02
224             	3.28068285e+02
225             	3.28057135e+02
226             	3.28046039e+02
227             	3.28035094e+02
228             	3.28024269e+02
229             	3.28013896e+02
230             	3.28004395e+02
231             	3.27995082e+02
232             	3.27985520e+02
233             	3.27975810e+02
234             	3.27966084e+02
235             	3.27956294e+02
236             	3.27946418e+02
237             	3.27936593e+02
238             	3.27927086e+02
239             	3.27917836e+02
240             	3.27908910e+02
241             	3.27900278e+02
242             	3.27891998e+02
243             	3.27883788e+02
244             	3.27875727e+02
245             	3.27867994e+02
246             	3.27860444e+02
247             	3.27852856e+02
248             	3.27844891e+02
249             	3.27837054e+02
250             	3.27829295e+02
251             	3.27821604e+02
252             	3.27813962e+02
253             	3.27806582e+02
254             	3.27799458e+02
255             	3.27792533e+02
256             	3.27785613e+02
257             	3.27778769e+02
258             	3.27771919e+02
259             	3.27765017e+02
260             	3.27758073e+02
261             	3.27750802e+02
262             	3.27743471e+02
263             	3.27736323e+02
264             	3.27729305e+02
265             	3.27722432e+02
266             	3.27715941e+02
267             	3.27709791e+02
268             	3.27703779e+02
269             	3.27697830e+02
270             	3.27691864e+02
271             	3.27686201e+02
272             	3.27680577e+02
273             	3.27675016e+02
274             	3.27669536e+02
275             	3.27664034e+02
276             	3.27658336e+02
277             	3.27652777e+02
278             	3.27647430e+02
279             	3.27642157e+02
280             	3.27636915e+02
281             	3.27631673e+02
282             	3.27626669e+02
283             	3.27621841e+02
284             	3.27617042e+02
285             	3.27612338e+02
286             	3.27607781e+02
287             	3.27603307e+02
288             	3.27598823e+02
289             	3.27594434e+02
290             	3.27590120e+02
291             	3.27585901e+02
292             	3.27581729e+02
293             	3.27577620e+02
294             	3.27573515e+02
295             	3.27569423e+02
296             	3.27565326e+02
297             	3.27561239e+02
298             	3.27557150e+02
299             	3.27553061e+02
300             	3.27548956e+02
301             	3.27544835e+02
302             	3.27540690e+02
303             	3.27536609e+02
304             	3.27532574e+02
305             	3.27528545e+02
306             	3.27524500e+02
307             	3.27520481e+02
308             	3.27516474e+02
309             	3.27512504e+02
310             	3.27508546e+02
311             	3.27504615e+02
312             	3.27500696e+02
313             	3.27496788e+02
314             	3.27492981e+02
315             	3.27489182e+02
316             	3.27485390e+02
317             	3.27481623e+02
318             	3.27477937e+02
319             	3.27474351e+02
320             	3.27470814e+02
321             	3.27467315e+02
322             	3.27463857e+02
323             	3.27460443e+02
324             	3.27457070e+02
325             	3.27453730e+02
326             	3.27450476e+02
327             	3.27447281e+02
328             	3.27444141e+02
329             	3.27441055e+02
330             	3.27438027e+02
331             	3.27435070e+02
332             	3.27432182e+02
333             	3.27429370e+02
334             	3.27426563e+02
335             	3.27423805e+02
336             	3.27421098e+02
337             	3.27418405e+02
338             	3.27415734e+02
339             	3.27413102e+02
340             	3.27410431e+02
341             	3.27407754e+02
342             	3.27405098e+02
343             	3.27402463e+02
344             	3.27399847e+02
345             	3.27397232e+02
346             	3.27394628e+02
347             	3.27392025e+02
348             	3.27389463e+02
349             	3.27386972e+02
350             	3.27384512e+02
351             	3.27382080e+02
352             	3.27379729e+02
353             	3.27377426e+02
354             	3.27375152e+02
355             	3.27372877e+02
356             	3.27370612e+02
357             	3.27368313e+02
358             	3.27366089e+02
359             	3.27363909e+02
360             	3.27361658e+02
361             	3.27359399e+02
362             	3.27357180e+02
363             	3.27354972e+02
364             	3.27352814e+02
365             	3.27350694e+02
366             	3.27348628e+02
367             	3.27346577e+02
368             	3.27344537e+02
369             	3.27342519e+02
370             	3.27340558e+02
371             	3.27338581e+02
372             	3.27336605e+02
373             	3.27334659e+02
374             	3.27332771e+02
375             	3.27330902e+02
376             	3.27329073e+02
377             	3.27327238e+02
378             	3.27325423e+02
379             	3.27323648e+02
380             	3.27321920e+02
381             	3.27320196e+02
382             	3.27318518e+02
383             	3.27316880e+02
384             	3.27315305e+02
385             	3.27313734e+02
386             	3.27312181e+02
387             	3.27310612e+02
388             	3.27309055e+02
389             	3.27307495e+02
390             	3.27305945e+02
391             	3.27304419e+02
392             	3.27302933e+02
393             	3.27301453e+02
394             	3.27299997e+02
395             	3.27298534e+02
396             	3.27297090e+02
397             	3.27295663e+02
398             	3.27294253e+02
399             	3.27292844e+02
400             	3.27291464e+02
401             	3.27290096e+02
402             	3.27288764e+02
403             	3.27287445e+02
404             	3.27286144e+02
405             	3.27284838e+02
406             	3.27283548e+02
407             	3.27282248e+02
408             	3.27280975e+02
409             	3.27279701e+02
410             	3.27278443e+02
411             	3.27277193e+02
412             	3.27275997e+02
413             	3.27274795e+02
414             	3.27273611e+02
415             	3.27272449e+02
416             	3.27271334e+02
417             	3.27270235e+02
418             	3.27269135e+02
419             	3.27268006e+02
420             	3.27266886e+02
421             	3.27265781e+02
422             	3.27264706e+02
423             	3.27263641e+02
424             	3.27262583e+02
425             	3.27261531e+02
426             	3.27260509e+02
427             	3.27259502e+02
428             	3.27258513e+02
429             	3.27257528e+02
430             	3.27256551e+02
431             	3.27255561e+02
432             	3.27254588e+02
433             	3.27253620e+02
434             	3.27252665e+02
435             	3.27251712e+02
436             	3.27250789e+02
437             	3.27249888e+02
438             	3.27249011e+02
439             	3.27248133e+02
440             	3.27247263e+02
441             	3.27246393e+02
442             	3.27245538e+02
443             	3.27244679e+02
444             	3.27243830e+02
445             	3.27242983e+02
446             	3.27242162e+02
447             	3.27241354e+02
448             	3.27240547e+02
449             	3.27239745e+02
450             	3.27238971e+02
451             	3.27238211e+02
452             	3.27237451e+02
453             	3.27236685e+02
454             	3.27235948e+02
455             	3.27235219e+02
456             	3.27234500e+02
457             	3.27233784e+02
458             	3.27233088e+02
459             	3.27232406e+02
460             	3.27231747e+02
461             	3.27231098e+02
462             	3.27230443e+02
463             	3.27229810e+02
464             	3.27229198e+02
465             	3.27228590e+02
466             	3.27228004e+02
467             	3.27227412e+02
468             	3.27226823e+02
469             	3.27226234e+02
470             	3.27225656e+02
471             	3.27225093e+02
472             	3.27224551e+02
473             	3.27224013e+02
474             	3.27223481e+02
475             	3.27222946e+02
476             	3.27222419e+02
477             	3.27221897e+02
478             	3.27221381e+02
479             	3.27220867e+02
480             	3.27220364e+02
481             	3.27219875e+02
482             	3.27219386e+02
483             	3.27218894e+02
484             	3.27218410e+02
485             	3.27217927e+02
486             	3.27217454e+02
487             	3.27216968e+02
488             	3.27216474e+02
489             	3.27215974e+02
490             	3.27215482e+02
491             	3.27214996e+02
492             	3.27214522e+02
493             	3.27214058e+02
494             	3.27213609e+02
495             	3.27213160e+02
496             	3.27212720e+02
497             	3.27212288e+02
498             	3.27211865e+02
499             	3.27211441e+02
500             	3.27211026e+02
501             	3.27210616e+02
502             	3.27210215e+02
503             	3.27209820e+02
504             	3.27209436e+02
505             	3.27209050e+02
506             	3.27208676e+02
507             	3.27208314e+02
508             	3.27207964e+02
509             	3.27207624e+02
510             	3.27207295e+02
511             	3.27206972e+02
512             	3.27206651e+02
513             	3.27206325e+02
514             	3.27206002e+02
515             	3.27205688e+02
516             	3.27205383e+02
517             	3.27205081e+02
518             	3.27204786e+02
519             	3.27204505e+02
520             	3.27204229e+02
521             	3.27203948e+02
522             	3.27203669e+02
523             	3.27203394e+02
524             	3.27203125e+02
525             	3.27202854e+02
526             	3.27202590e+02
527             	3.27202338e+02
528             	3.27202098e+02
529             	3.27201867e+02
530             	3.27201642e+02
531             	3.27201410e+02
532             	3.27201187e+02
533             	3.27200971e+02
534             	3.27200765e+02
535             	3.27200569e+02
536             	3.27200367e+02
537             	3.27200164e+02
538             	3.27199964e+02
539             	3.27199768e+02
540             	3.27199574e+02
541             	3.27199380e+02
542             	3.27199186e+02
543             	3.27198992e+02
544             	3.27198797e+02
545             	3.27198602e+02
546             	3.27198409e+02
547             	3.27198221e+02
548             	3.27198037e+02
549             	3.27197857e+02
550             	3.27197685e+02
551             	3.27197526e+02
552             	3.27197370e+02
553             	3.27197220e+02
554             	3.27197073e+02
555             	3.27196930e+02
556             	3.27196790e+02
557             	3.27196654e+02
558             	3.27196523e+02
559             	3.27196403e+02
560             	3.27196282e+02
561             	3.27196155e+02
562             	3.27196031e+02
563             	3.27195912e+02
564             	3.27195788e+02
565             	3.27195673e+02
566             	3.27195568e+02
567             	3.27195472e+02
568             	3.27195380e+02
569             	3.27195291e+02
570             	3.27195204e+02
571             	3.27195119e+02
572             	3.27195034e+02
573             	3.27194947e+02
574             	3.27194871e+02
575             	3.27194792e+02
576             	3.27194709e+02
577             	3.27194627e+02
578             	3.27194540e+02
579             	3.27194441e+02
580             	3.27194337e+02
581             	3.27194235e+02
582             	3.27194138e+02
583             	3.27194049e+02
584             	3.27193965e+02
585             	3.27193884e+02
586             	3.27193808e+02
587             	3.27193738e+02
588             	3.27193677e+02
589             	3.27193619e+02
590             	3.27193562e+02
591             	3.27193508e+02
592             	3.27193452e+02
593             	3.27193392e+02
594             	3.27193324e+02
595             	3.27193253e+02
596             	3.27193185e+02
597             	3.27193116e+02
598             	3.27193046e+02
599             	3.27192979e+02
600             	3.27192936e+02
601             	3.27192897e+02
602             	3.27192857e+02
603             	3.27192817e+02
604             	3.27192786e+02
605             	3.27192764e+02
606             	3.27192736e+02
607             	3.27192709e+02
608             	3.27192686e+02
609             	3.27192663e+02
610             	3.27192651e+02
611             	3.27192640e+02
612             	3.27192637e+02
613             	3.27192639e+02
614             	3.27192641e+02
615             	3.27192647e+02
616             	3.27192652e+02
617             	3.27192655e+02
618             	3.27192652e+02
619             	3.27192640e+02
620             	3.27192629e+02
621             	3.27192619e+02
622             	3.27192609e+02
623             	3.27192597e+02
624             	3.27192589e+02
625             	3.27192593e+02
626             	3.27192600e+02
627             	3.27192610e+02
628             	3.27192625e+02
629             	3.27192644e+02
630             	3.27192662e+02
631             	3.27192685e+02
632             	3.27192706e+02
633             	3.27192723e+02
634             	3.27192738e+02
635             	3.27192754e+02
636             	3.27192774e+02
637             	3.27192794e+02
638             	3.27192812e+02
639             	3.27192826e+02
640             	3.27192840e+02
641             	3.27192855e+02
642             	3.27192871e+02
643             	3.27192888e+02
644             	3.27192909e+02
645             	3.27192939e+02
646             	3.27192967e+02
647             	3.27192993e+02
648             	3.27193026e+02
649             	3.27193062e+02
650             	3.27193094e+02
651             	3.27193119e+02
652             	3.27193141e+02
653             	3.27193164e+02
654             	3.27193187e+02
655             	3.27193214e+02
656             	3.27193239e+02
657             	3.27193259e+02
658             	3.27193281e+02
659             	3.27193304e+02
660             	3.27193324e+02
661             	3.27193346e+02
662             	3.27193372e+02
663             	3.27193403e+02
664             	3.27193439e+02
665             	3.27193469e+02
666             	3.27193496e+02
667             	3.27193522e+02
668             	3.27193551e+02
669             	3.27193579e+02
670             	3.27193609e+02
671             	3.27193638e+02
672             	3.27193665e+02
673             	3.27193694e+02
674             	3.27193724e+02
675             	3.27193751e+02
676             	3.27193779e+02
677             	3.27193808e+02
678             	3.27193837e+02
679             	3.27193864e+02
680             	3.27193891e+02
681             	3.27193919e+02
682             	3.27193950e+02
683             	3.27193982e+02
684             	3.27194017e+02
685             	3.27194057e+02
686             	3.27194101e+02
687             	3.27194151e+02
688             	3.27194202e+02
689             	3.27194255e+02
690             	3.27194312e+02
691             	3.27194370e+02
692             	3.27194430e+02
693             	3.27194486e+02
694             	3.27194538e+02
695             	3.27194586e+02
696             	3.27194628e+02
697             	3.27194671e+02
698             	3.27194712e+02
699             	3.27194750e+02
700             	3.27194780e+02
701             	3.27194813e+02
702             	3.27194847e+02
703             	3.27194881e+02
704             	3.27194914e+02
705             	3.27194946e+02
706             	3.27194978e+02
707             	3.27195011e+02
708             	3.27195040e+02
709             	3.27195072e+02
710             	3.27195106e+02
711             	3.27195155e+02
712             	3.27195194e+02
713             	3.27195227e+02
714             	3.27195264e+02
715             	3.27195302e+02
716             	3.27195342e+02
717             	3.27195380e+02
718             	3.27195421e+02
719             	3.27195460e+02
720             	3.27195496e+02
721             	3.27195520e+02
722             	3.27195550e+02
723             	3.27195586e+02
724             	3.27195621e+02
725             	3.27195650e+02
726             	3.27195673e+02
727             	3.27195711e+02
728             	3.27195746e+02
729             	3.27195776e+02
730             	3.27195814e+02
731             	3.27195858e+02
732             	3.27195905e+02
733             	3.27195952e+02
734             	3.27196003e+02
735             	3.27196056e+02
736             	3.27196101e+02
737             	3.27196139e+02
738             	3.27196169e+02
739             	3.27196206e+02
740             	3.27196243e+02
741             	3.27196287e+02
742             	3.27196328e+02
743             	3.27196367e+02
744             	3.27196419e+02
745             	3.27196473e+02
746             	3.27196523e+02
747             	3.27196570e+02
748             	3.27196625e+02
749             	3.27196685e+02
750             	3.27196744e+02
751             	3.27196796e+02
752             	3.27196848e+02
753             	3.27196903e+02
754             	3.27196959e+02
755             	3.27197015e+02
756             	3.27197070e+02
757             	3.27197126e+02
758             	3.27197182e+02
759             	3.27197237e+02
760             	3.27197291e+02
761             	3.27197343e+02
762             	3.27197393e+02
763             	3.27197441e+02
764             	3.27197487e+02
765             	3.27197530e+02
766             	3.27197570e+02
767             	3.27197609e+02
768             	3.27197645e+02
769             	3.27197679e+02
770             	3.27197711e+02
771             	3.27197741e+02
772             	3.27197770e+02
773             	3.27197798e+02
774             	3.27197825e+02
775             	3.27197852e+02
776             	3.27197877e+02
777             	3.27197904e+02
778             	3.27197930e+02
779             	3.27197956e+02
780             	3.27197985e+02
781             	3.27198014e+02
782             	3.27198045e+02
783             	3.27198078e+02
784             	3.27198114e+02
785             	3.27198153e+02
786             	3.27198193e+02
787             	3.27198239e+02
788             	3.27198286e+02
789             	3.27198334e+02
790             	3.27198380e+02
791             	3.27198429e+02
792             	3.27198479e+02
793             	3.27198528e+02
794             	3.27198578e+02
795             	3.27198629e+02
796             	3.27198679e+02
797             	3.27198730e+02
798             	3.27198780e+02
799             	3.27198831e+02
800             	3.27198884e+02
801             	3.27198936e+02
802             	3.27198991e+02
803             	3.27199046e+02
804             	3.27199101e+02
805             	3.27199157e+02
806             	3.27199215e+02
807             	3.27199274e+02
808             	3.27199334e+02
809             	3.27199395e+02
810             	3.27199459e+02
811             	3.27199524e+02
812             	3.27199592e+02
813             	3.27199661e+02
814             	3.27199733e+02
815             	3.27199807e+02
816             	3.27199883e+02
817             	3.27199961e+02
818             	3.27200041e+02
819             	3.27200124e+02
820             	3.27200207e+02
821             	3.27200292e+02
822             	3.27200379e+02
823             	3.27200466e+02
824             	3.27200554e+02
825             	3.27200644e+02
826             	3.27200733e+02
827             	3.27200823e+02
828             	3.27200914e+02
829             	3.27201003e+02
830             	3.27201090e+02
831             	3.27201176e+02
832             	3.27201259e+02
833             	3.27201340e+02
834             	3.27201419e+02
835             	3.27201496e+02
836             	3.27201570e+02
837             	3.27201641e+02
838             	3.27201712e+02
839             	3.27201782e+02
840             	3.27201855e+02
841             	3.27201936e+02
842             	3.27202016e+02
843             	3.27202097e+02
844             	3.27202180e+02
845             	3.27202269e+02
846             	3.27202352e+02
847             	3.27202440e+02
848             	3.27202532e+02
849             	3.27202623e+02
850             	3.27202714e+02
851             	3.27202804e+02
852             	3.27202899e+02
853             	3.27203004e+02
854             	3.27203106e+02
855             	3.27203206e+02
856             	3.27203307e+02
857             	3.27203411e+02
858             	3.27203517e+02
859             	3.27203619e+02
860             	3.27203724e+02
861             	3.27203831e+02
862             	3.27203937e+02
863             	3.27204041e+02
864             	3.27204145e+02
865             	3.27204257e+02
866             	3.27204367e+02
867             	3.27204475e+02
868             	3.27204586e+02
869             	3.27204699e+02
870             	3.27204812e+02
871             	3.27204922e+02
872             	3.27205035e+02
873             	3.27205149e+02
874             	3.27205263e+02
875             	3.27205377e+02
876             	3.27205495e+02
877             	3.27205612e+02
878             	3.27205730e+02
879             	3.27205850e+02
880             	3.27205969e+02
881             	3.27206090e+02
882             	3.27206208e+02
883             	3.27206326e+02
884             	3.27206445e+02
885             	3.27206563e+02
886             	3.27206680e+02
887             	3.27206797e+02
888             	3.27206914e+02
889             	3.27207034e+02
890             	3.27207154e+02
891             	3.27207274e+02
892             	3.27207395e+02
893             	3.27207517e+02
894             	3.27207640e+02
895             	3.27207764e+02
896             	3.27207888e+02
897             	3.27208014e+02
898             	3.27208139e+02
899             	3.27208263e+02
900             	3.27208387e+02
901             	3.27208510e+02
902             	3.27208634e+02
903             	3.27208758e+02
904             	3.27208884e+02
905             	3.27209008e+02
906             	3.27209131e+02
907             	3.27209254e+02
908             	3.27209379e+02
909             	3.27209506e+02
910             	3.27209634e+02
911             	3.27209764e+02
912             	3.27209897e+02
913             	3.27210029e+02
914             	3.27210164e+02
915             	3.27210301e+02
916             	3.27210440e+02
917             	3.27210580e+02
918             	3.27210722e+02
919             	3.27210864e+02
920             	3.27211007e+02
921             	3.27211150e+02
922             	3.27211293e+02
923             	3.27211437e+02
924             	3.27211581e+02
925             	3.27211725e+02
926             	3.27211869e+02
927             	3.27212014e+02
928             	3.27212159e+02
929             	3.27212305e+02
930             	3.27212453e+02
931             	3.27212603e+02
932             	3.27212753e+02
933             	3.27212905e+02
934             	3.27213059e+02
935             	3.27213216e+02
936             	3.27213375e+02
937             	3.27213538e+02
938             	3.27213703e+02
939             	3.27213868e+02
940             	3.27214034e+02
941             	3.27214202e+02
942             	3.27214372e+02
943             	3.27214541e+02
944             	3.27214711e+02
945             	3.27214881e+02
946             	3.27215051e+02
947             	3.27215219e+02
948             	3.27215388e+02
949             	3.27215556e+02
950             	3.27215723e+02
951             	3.27215891e+02
952             	3.27216059e+02
953             	3.27216226e+02
954             	3.27216394e+02
955             	3.27216559e+02
956             	3.27216724e+02
957             	3.27216888e+02
958             	3.27217049e+02
959             	3.27217210e+02
960             	3.27217370e+02
961             	3.27217536e+02
962             	3.27217699e+02
963             	3.27217861e+02
964             	3.27218023e+02
965             	3.27218188e+02
966             	3.27218354e+02
967             	3.27218508e+02
968             	3.27218667e+02
969             	3.27218828e+02
970             	3.27218987e+02
971             	3.27219142e+02
972             	3.27219294e+02
973             	3.27219458e+02
974             	3.27219619e+02
975             	3.27219779e+02
976             	3.27219941e+02
977             	3.27220107e+02
978             	3.27220276e+02
979             	3.27220445e+02
980             	3.27220615e+02
981             	3.27220785e+02
982             	3.27220954e+02
983             	3.27221124e+02
984             	3.27221294e+02
985             	3.27221464e+02
986             	3.27221634e+02
987             	3.27221804e+02
988             	3.27221975e+02
989             	3.27222145e+02
990             	3.27222316e+02
991             	3.27222492e+02
992             	3.27222668e+02
993             	3.27222844e+02
994             	3.27223024e+02
995             	3.27223205e+02
996             	3.27223390e+02
997             	3.27223575e+02
998             	3.27223763e+02
999             	3.27223954e+02
1000            	3.27224139e+02
1001            	3.27224327e+02
1002            	3.27224519e+02
1003            	3.27224708e+02
1004            	3.27224897e+02
1005            	3.27225085e+02
1006            	3.27225273e+02
1007            	3.27225462e+02
1008            	3.27225651e+02
1009            	3.27225838e+02
1010            	3.27226024e+02
1011            	3.27226211e+02
1012            	3.27226400e+02
1013            	3.27226589e+02
1014            	3.27226780e+02
1015            	3.27226972e+02
1016            	3.27227168e+02
1017            	3.27227367e+02
1018            	3.27227563e+02
1019            	3.27227760e+02
1020            	3.27227958e+02
1021            	3.27228153e+02
1022            	3.27228348e+02
1023            	3.27228544e+02
1024            	3.27228737e+02
1025            	3.27228929e+02
1026            	3.27229121e+02
1027            	3.27229310e+02
1028            	3.27229499e+02
1029            	3.27229688e+02
1030            	3.27229877e+02
1031            	3.27230065e+02
1032            	3.27230252e+02
1033            	3.27230436e+02
1034            	3.27230620e+02
1035            	3.27230806e+02
1036            	3.27230994e+02
1037            	3.27231181e+02
1038            	3.27231369e+02
1039            	3.27231559e+02
1040            	3.27231750e+02
1041            	3.27231942e+02
1042            	3.27232134e+02
1043            	3.27232327e+02
1044            	3.27232520e+02
1045            	3.27232708e+02
1046            	3.27232898e+02
1047            	3.27233089e+02
1048            	3.27233276e+02
1049            	3.27233464e+02
1050            	3.27233653e+02
1051            	3.27233841e+02
1052            	3.27234028e+02
1053            	3.27234218e+02
1054            	3.27234406e+02
1055            	3.27234594e+02
1056            	3.27234783e+02
1057            	3.27234972e+02
1058            	3.27235161e+02
1059            	3.27235350e+02
1060            	3.27235534e+02
1061            	3.27235721e+02
1062            	3.27235910e+02
1063            	3.27236101e+02
1064            	3.27236292e+02
1065            	3.27236483e+02
1066            	3.27236675e+02
1067            	3.27236870e+02
1068            	3.27237068e+02
1069            	3.27237268e+02
1070            	3.27237469e+02
1071            	3.27237672e+02
1072            	3.27237874e+02
1073            	3.27238077e+02
1074            	3.27238279e+02
1075            	3.27238482e+02
1076            	3.27238685e+02
1077            	3.27238889e+02
1078            	3.27239090e+02
1079            	3.27239290e+02
1080            	3.27239489e+02
1081            	3.27239686e+02
1082            	3.27239883e+02
1083            	3.27240081e+02
1084            	3.27240282e+02
1085            	3.27240482e+02
1086            	3.27240681e+02
1087            	3.27240880e+02
1088            	3.27241082e+02
1089            	3.27241284e+02
1090            	3.27241486e+02
1091            	3.27241690e+02
1092            	3.27241897e+02
1093            	3.27242101e+02
1094            	3.27242307e+02
1095            	3.27242516e+02
1096            	3.27242725e+02
1097            	3.27242935e+02
1098            	3.27243145e+02
1099            	3.27243355e+02
1100            	3.27243565e+02
1101            	3.27243777e+02
1102            	3.27243989e+02
1103            	3.27244202e+02
1104            	3.27244416e+02
1105            	3.27244624e+02
1106            	3.27244834e+02
1107            	3.27245045e+02
1108            	3.27245253e+02
1109            	3.27245459e+02
1110            	3.27245670e+02
1111            	3.27245880e+02
1112            	3.27246089e+02
1113            	3.27246300e+02
1114            	3.27246511e+02
1115            	3.27246723e+02
1116            	3.27246934e+02
1117            	3.27247143e+02
1118            	3.27247351e+02
1119            	3.27247553e+02
1120            	3.27247753e+02
1121            	3.27247947e+02
1122            	3.27248146e+02
1123            	3.27248348e+02
1124            	3.27248548e+02
1125            	3.27248748e+02
1126            	3.27248951e+02
1127            	3.27249154e+02
1128            	3.27249351e+02
1129            	3.27249544e+02
1130            	3.27249742e+02
1131            	3.27249942e+02
1132            	3.27250140e+02
1133            	3.27250332e+02
1134            	3.27250522e+02
1135            	3.27250714e+02
1136            	3.27250912e+02
1137            	3.27251114e+02
1138            	3.27251321e+02
1139            	3.27251532e+02
1140            	3.27251753e+02
1141            	3.27251974e+02
1142            	3.27252194e+02
1143            	3.27252414e+02
1144            	3.27252633e+02
1145            	3.27252853e+02
1146            	3.27253073e+02
1147            	3.27253278e+02
1148            	3.27253480e+02
1149            	3.27253682e+02
1150            	3.27253879e+02
1151            	3.27254071e+02
1152            	3.27254264e+02
1153            	3.27254460e+02
1154            	3.27254660e+02
1155            	3.27254858e+02
1156            	3.27255063e+02
1157            	3.27255266e+02
1158            	3.27255470e+02
1159            	3.27255681e+02
1160            	3.27255895e+02
1161            	3.27256109e+02
1162            	3.27256321e+02
1163            	3.27256533e+02
1164            	3.27256746e+02
1165            	3.27256963e+02
1166            	3.27257182e+02
1167            	3.27257407e+02
1168            	3.27257628e+02
1169            	3.27257847e+02
1170            	3.27258061e+02
1171            	3.27258272e+02
1172            	3.27258484e+02
1173            	3.27258696e+02
1174            	3.27258906e+02
1175            	3.27259112e+02
1176            	3.27259319e+02
1177            	3.27259526e+02
1178            	3.27259730e+02
1179            	3.27259932e+02
1180            	3.27260133e+02
1181            	3.27260336e+02
1182            	3.27260540e+02
1183            	3.27260746e+02
1184            	3.27260954e+02
1185            	3.27261166e+02
1186            	3.27261375e+02
1187            	3.27261581e+02
1188            	3.27261784e+02
1189            	3.27261987e+02
1190            	3.27262188e+02
1191            	3.27262384e+02
1192            	3.27262579e+02
1193            	3.27262779e+02
1194            	3.27262983e+02
1195            	3.27263188e+02
1196            	3.27263396e+02
1197            	3.27263606e+02
1198            	3.27263816e+02
1199            	3.27264030e+02
1200            	3.27264245e+02
1201            	3.27264462e+02
1202            	3.27264679e+02
1203            	3.27264899e+02
1204            	3.27265119e+02
1205            	3.27265338e+02
1206            	3.27265555e+02
1207            	3.27265770e+02
1208            	3.27265984e+02
1209            	3.27266199e+02
1210            	3.27266409e+02
1211            	3.27266618e+02
1212            	3.27266830e+02
1213            	3.27267046e+02
1214            	3.27267262e+02
1215            	3.27267476e+02
1216            	3.27267689e+02
1217            	3.27267904e+02
1218            	3.27268113e+02
1219            	3.27268323e+02
1220            	3.27268534e+02
1221            	3.27268742e+02
1222            	3.27268950e+02
1223            	3.27269153e+02
1224            	3.27269359e+02
1225            	3.27269562e+02
1226            	3.27269761e+02
1227            	3.27269960e+02
1228            	3.27270161e+02
1229            	3.27270361e+02
1230            	3.27270562e+02
1231            	3.27270765e+02
1232            	3.27270968e+02
1233            	3.27271171e+02
1234            	3.27271375e+02
1235            	3.27271583e+02
1236            	3.27271803e+02
1237            	3.27272021e+02
1238            	3.27272238e+02
1239            	3.27272456e+02
1240            	3.27272674e+02
1241            	3.27272894e+02
1242            	3.27273114e+02
1243            	3.27273332e+02
1244            	3.27273547e+02
1245            	3.27273763e+02
1246            	3.27273979e+02
1247            	3.27274193e+02
1248            	3.27274405e+02
1249            	3.27274614e+02
1250            	3.27274822e+02
1251            	3.27275030e+02
1252            	3.27275237e+02
1253            	3.27275443e+02
1254            	3.27275648e+02
1255            	3.27275851e+02
1256            	3.27276054e+02
1257            	3.27276257e+02
1258            	3.27276461e+02
1259            	3.27276666e+02
1260            	3.27276879e+02
1261            	3.27277092e+02
1262            	3.27277306e+02
1263            	3.27277522e+02
1264            	3.27277739e+02
1265            	3.27277958e+02
1266            	3.27278177e+02
1267            	3.27278395e+02
1268            	3.27278614e+02
1269            	3.27278835e+02
1270            	3.27279054e+02
1271            	3.27279273e+02
1272            	3.27279492e+02
1273            	3.27279710e+02
1274            	3.27279929e+02
1275            	3.27280148e+02
1276            	3.27280366e+02
1277            	3.27280584e+02
1278            	3.27280801e+02
1279            	3.27281017e+02
1280            	3.27281231e+02
1281            	3.27281444e+02
1282            	3.27281655e+02
1283            	3.27281865e+02
1284            	3.27282074e+02
1285            	3.27282279e+02
1286            	3.27282484e+02
1287            	3.27282689e+02
1288            	3.27282893e+02
1289            	3.27283096e+02
1290            	3.27283300e+02
1291            	3.27283502e+02
1292            	3.27283705e+02
1293            	3.27283907e+02
1294            	3.27284110e+02
1295            	3.27284312e+02
1296            	3.27284516e+02
1297            	3.27284720e+02
1298            	3.27284924e+02
1299            	3.27285128e+02
1300            	3.27285332e+02
1301            	3.27285536e+02
1302            	3.27285741e+02
1303            	3.27285945e+02
1304            	3.27286149e+02
1305            	3.27286354e+02
1306            	3.27286558e+02
1307            	3.27286762e+02
1308            	3.27286966e+02
1309            	3.27287170e+02
1310            	3.27287374e+02
1311            	3.27287579e+02
1312            	3.27287782e+02
1313            	3.27287986e+02
1314            	3.27288191e+02
1315            	3.27288393e+02
1316            	3.27288597e+02
1317            	3.27288803e+02
1318            	3.27289008e+02
1319            	3.27289214e+02
1320            	3.27289421e+02
1321            	3.27289627e+02
1322            	3.27289834e+02
1323            	3.27290043e+02
1324            	3.27290252e+02
1325            	3.27290462e+02
1326            	3.27290673e+02
1327            	3.27290884e+02
1328            	3.27291097e+02
1329            	3.27291310e+02
1330            	3.27291524e+02
1331            	3.27291738e+02
1332            	3.27291953e+02
1333            	3.27292165e+02
1334            	3.27292379e+02
1335            	3.27292593e+02
1336            	3.27292808e+02
1337            	3.27293022e+02
1338            	3.27293236e+02
1339            	3.27293448e+02
1340            	3.27293661e+02
1341            	3.27293875e+02
1342            	3.27294089e+02
1343            	3.27294304e+02
1344            	3.27294520e+02
1345            	3.27294737e+02
1346            	3.27294954e+02
1347            	3.27295172e+02
1348            	3.27295389e+02
1349            	3.27295607e+02
1350            	3.27295826e+02
1351            	3.27296044e+02
1352            	3.27296262e+02
1353            	3.27296480e+02
1354            	3.27296696e+02
1355            	3.27296912e+02
1356            	3.27297128e+02
1357            	3.27297343e+02
1358            	3.27297557e+02
1359            	3.27297771e+02
1360            	3.27297984e+02
1361            	3.27298197e+02
1362            	3.27298410e+02
1363            	3.27298622e+02
1364            	3.27298834e+02
1365            	3.27299047e+02
1366            	3.27299259e+02
1367            	3.27299472e+02
1368            	3.27299686e+02
1369            	3.27299899e+02
1370            	3.27300112e+02
1371            	3.27300327e+02
1372            	3.27300541e+02
1373            	3.27300755e+02
1374            	3.27300970e+02
1375            	3.27301184e+02
1376            	3.27301398e+02
1377            	3.27301613e+02
1378            	3.27301827e+02
1379            	3.27302041e+02
1380            	3.27302256e+02
1381            	3.27302468e+02
1382            	3.27302681e+02
1383            	3.27302894e+02
1384            	3.27303106e+02
1385            	3.27303318e+02
1386            	3.27303530e+02
1387            	3.27303739e+02
1388            	3.27303949e+02
1389            	3.27304160e+02
1390            	3.27304370e+02
1391            	3.27304580e+02
1392            	3.27304791e+02
1393            	3.27305002e+02
1394            	3.27305214e+02
1395            	3.27305427e+02
1396            	3.27305637e+02
1397            	3.27305848e+02
1398            	3.27306061e+02
1399            	3.27306273e+02
1400            	3.27306484e+02
1401            	3.27306693e+02
1402            	3.27306900e+02
1403            	3.27307105e+02
1404            	3.27307310e+02
1405            	3.27307518e+02
1406            	3.27307722e+02
1407            	3.27307923e+02
1408            	3.27308116e+02
1409            	3.27308311e+02
1410            	3.27308508e+02
1411            	3.27308697e+02
1412            	3.27308877e+02
1413            	3.27309064e+02
1414            	3.27309266e+02
1415            	3.27309464e+02
1416            	3.27309658e+02
1417            	3.27309855e+02
1418            	3.27310055e+02
1419            	3.27310259e+02
1420            	3.27310465e+02
1421            	3.27310652e+02
1422            	3.27310851e+02
1423            	3.27311061e+02
1424            	3.27311275e+02
1425            	3.27311485e+02
1426            	3.27311690e+02
1427            	3.27311894e+02
1428            	3.27312103e+02
1429            	3.27312313e+02
1430            	3.27312524e+02
1431            	3.27312735e+02
1432            	3.27312945e+02
1433            	3.27313154e+02
1434            	3.27313372e+02
1435            	3.27313588e+02
1436            	3.27313801e+02
1437            	3.27314014e+02
1438            	3.27314227e+02
1439            	3.27314439e+02
1440            	3.27314647e+02
1441            	3.27314846e+02
1442            	3.27315046e+02
1443            	3.27315246e+02
1444            	3.27315444e+02
1445            	3.27315637e+02
1446            	3.27315829e+02
1447            	3.27316024e+02
1448            	3.27316218e+02
1449            	3.27316412e+02
1450            	3.27316606e+02
1451            	3.27316803e+02
1452            	3.27316999e+02
1453            	3.27317193e+02
1454            	3.27317388e+02
1455            	3.27317584e+02
1456            	3.27317784e+02
1457            	3.27317982e+02
1458            	3.27318179e+02
1459            	3.27318375e+02
1460            	3.27318574e+02
1461            	3.27318774e+02
1462            	3.27318971e+02
1463            	3.27319165e+02
1464            	3.27319360e+02
1465            	3.27319554e+02
1466            	3.27319746e+02
1467            	3.27319942e+02
1468            	3.27320143e+02
1469            	3.27320352e+02
1470            	3.27320568e+02
1471            	3.27320780e+02
1472            	3.27320992e+02
1473            	3.27321206e+02
1474            	3.27321418e+02
1475            	3.27321629e+02
1476            	3.27321837e+02
1477            	3.27322042e+02
1478            	3.27322246e+02
1479            	3.27322449e+02
1480            	3.27322651e+02
1481            	3.27322855e+02
1482            	3.27323057e+02
1483            	3.27323257e+02
1484            	3.27323461e+02
1485            	3.27323664e+02
1486            	3.27323866e+02
1487            	3.27324067e+02
1488            	3.27324266e+02
1489            	3.27324463e+02
1490            	3.27324657e+02
1491            	3.27324849e+02
1492            	3.27325042e+02
1493            	3.27325236e+02
1494            	3.27325431e+02
1495            	3.27325625e+02
1496            	3.27325821e+02
1497            	3.27326019e+02
1498            	3.27326216e+02
1499            	3.27326413e+02
1500            	3.27326606e+02
1501            	3.27326797e+02
1502            	3.27326986e+02
1503            	3.27327171e+02
1504            	3.27327351e+02
1505            	3.27327530e+02
1506            	3.27327714e+02
1507            	3.27327900e+02
1508            	3.27328084e+02
1509            	3.27328266e+02
1510            	3.27328451e+02
1511            	3.27328638e+02
1512            	3.27328828e+02
1513            	3.27329015e+02
1514            	3.27329199e+02
1515            	3.27329388e+02
1516            	3.27329576e+02
1517            	3.27329762e+02
1518            	3.27329948e+02
1519            	3.27330131e+02
1520            	3.27330315e+02
1521            	3.27330499e+02
1522            	3.27330688e+02
1523            	3.27330874e+02
1524            	3.27331059e+02
1525            	3.27331249e+02
1526            	3.27331439e+02
1527            	3.27331629e+02
1528            	3.27331822e+02
1529            	3.27332017e+02
1530            	3.27332212e+02
1531            	3.27332397e+02
1532            	3.27332577e+02
1533            	3.27332763e+02
1534            	3.27332953e+02
1535            	3.27333143e+02
1536            	3.27333338e+02
1537            	3.27333533e+02
1538            	3.27333727e+02
1539            	3.27333924e+02
1540            	3.27334123e+02
1541            	3.27334324e+02
1542            	3.27334531e+02
1543            	3.27334734e+02
1544            	3.27334935e+02
1545            	3.27335135e+02
1546            	3.27335334e+02
1547            	3.27335536e+02
1548            	3.27335738e+02
1549            	3.27335937e+02
1550            	3.27336136e+02
1551            	3.27336333e+02
1552            	3.27336529e+02
1553            	3.27336723e+02
1554            	3.27336918e+02
1555            	3.27337109e+02
1556            	3.27337299e+02
1557            	3.27337489e+02
1558            	3.27337683e+02
1559            	3.27337874e+02
1560            	3.27338063e+02
1561            	3.27338252e+02
1562            	3.27338441e+02
1563            	3.27338631e+02
1564            	3.27338819e+02
1565            	3.27339006e+02
1566            	3.27339195e+02
1567            	3.27339383e+02
1568            	3.27339571e+02
1569            	3.27339760e+02
1570            	3.27339949e+02
1571            	3.27340138e+02
1572            	3.27340327e+02
1573            	3.27340516e+02
1574            	3.27340704e+02
1575            	3.27340893e+02
1576            	3.27341082e+02
1577            	3.27341269e+02
1578            	3.27341457e+02
1579            	3.27341644e+02
1580            	3.27341831e+02
1581            	3.27342018e+02
1582            	3.27342206e+02
1583            	3.27342393e+02
1584            	3.27342579e+02
1585            	3.27342764e+02
1586            	3.27342948e+02
1587            	3.27343132e+02
1588            	3.27343312e+02
1589            	3.27343489e+02
1590            	3.27343666e+02
1591            	3.27343841e+02
1592            	3.27344013e+02
1593            	3.27344184e+02
1594            	3.27344355e+02
1595            	3.27344523e+02
1596            	3.27344693e+02
1597            	3.27344868e+02
1598            	3.27345042e+02
1599            	3.27345215e+02
1600            	3.27345390e+02
1601            	3.27345568e+02
1602            	3.27345749e+02
1603            	3.27345926e+02
1604            	3.27346106e+02
1605            	3.27346289e+02
1606            	3.27346465e+02
1607            	3.27346643e+02
1608            	3.27346824e+02
1609            	3.27347002e+02
1610            	3.27347178e+02
1611            	3.27347354e+02
1612            	3.27347531e+02
1613            	3.27347708e+02
1614            	3.27347884e+02
1615            	3.27348060e+02
1616            	3.27348236e+02
1617            	3.27348412e+02
1618            	3.27348589e+02
1619            	3.27348768e+02
1620            	3.27348948e+02
1621            	3.27349130e+02
1622            	3.27349312e+02
1623            	3.27349495e+02
1624            	3.27349678e+02
1625            	3.27349864e+02
1626            	3.27350051e+02
1627            	3.27350240e+02
1628            	3.27350430e+02
1629            	3.27350621e+02
1630            	3.27350814e+02
1631            	3.27351008e+02
1632            	3.27351203e+02
1633            	3.27351399e+02
1634            	3.27351595e+02
1635            	3.27351792e+02
1636            	3.27351987e+02
1637            	3.27352183e+02
1638            	3.27352379e+02
1639            	3.27352573e+02
1640            	3.27352766e+02
1641            	3.27352958e+02
1642            	3.27353149e+02
1643            	3.27353338e+02
1644            	3.27353527e+02
1645            	3.27353714e+02
1646            	3.27353900e+02
1647            	3.27354086e+02
1648            	3.27354269e+02
1649            	3.27354453e+02
1650            	3.27354636e+02
1651            	3.27354818e+02
1652            	3.27355000e+02
1653            	3.27355183e+02
1654            	3.27355365e+02
1655            	3.27355548e+02
1656            	3.27355731e+02
1657            	3.27355914e+02
1658            	3.27356097e+02
1659            	3.27356280e+02
1660            	3.27356462e+02
1661            	3.27356643e+02
1662            	3.27356825e+02
1663            	3.27357008e+02
1664            	3.27357189e+02
1665            	3.27357371e+02
1666            	3.27357551e+02
1667            	3.27357732e+02
1668            	3.27357914e+02
1669            	3.27358095e+02
1670            	3.27358276e+02
1671            	3.27358458e+02
1672            	3.27358640e+02
1673            	3.27358822e+02
1674            	3.27359006e+02
1675            	3.27359189e+02
1676            	3.27359373e+02
1677            	3.27359558e+02
1678            	3.27359742e+02
1679            	3.27359926e+02
1680            	3.27360110e+02
1681            	3.27360293e+02
1682            	3.27360475e+02
1683            	3.27360658e+02
1684            	3.27360838e+02
1685            	3.27361018e+02
1686            	3.27361197e+02
1687            	3.27361374e+02
1688            	3.27361551e+02
1689            	3.27361727e+02
1690            	3.27361901e+02
1691            	3.27362075e+02
1692            	3.27362249e+02
1693            	3.27362422e+02
1694            	3.27362595e+02
1695            	3.27362770e+02
1696            	3.27362944e+02
1697            	3.27363119e+02
1698            	3.27363296e+02
1699            	3.27363473e+02
1700            	3.27363652e+02
1701            	3.27363832e+02
1702            	3.27364013e+02
1703            	3.27364195e+02
1704            	3.27364379e+02
1705            	3.27364563e+02
1706            	3.27364749e+02
1707            	3.27364935e+02
1708            	3.27365121e+02
1709            	3.27365307e+02
1710            	3.27365494e+02
1711            	3.27365679e+02
1712            	3.27365865e+02
1713            	3.27366050e+02
1714            	3.27366234e+02
1715            	3.27366417e+02
1716            	3.27366599e+02
1717            	3.27366779e+02
1718            	3.27366958e+02
1719            	3.27367136e+02
1720            	3.27367312e+02
1721            	3.27367486e+02
1722            	3.27367659e+02
1723            	3.27367828e+02
1724            	3.27367997e+02
1725            	3.27368165e+02
1726            	3.27368332e+02
1727            	3.27368497e+02
1728            	3.27368661e+02
1729            	3.27368824e+02
1730            	3.27368987e+02
1731            	3.27369150e+02
1732            	3.27369312e+02
1733            	3.27369475e+02
1734            	3.27369639e+02
1735            	3.27369803e+02
1736            	3.27369968e+02
1737            	3.27370135e+02
1738            	3.27370302e+02
1739            	3.27370471e+02
1740            	3.27370640e+02
1741            	3.27370810e+02
1742            	3.27370981e+02
1743            	3.27371153e+02
1744            	3.27371325e+02
1745            	3.27371498e+02
1746            	3.27371672e+02
1747            	3.27371846e+02
1748            	3.27372020e+02
1749            	3.27372194e+02
1750            	3.27372368e+02
1751            	3.27372543e+02
1752            	3.27372718e+02
1753            	3.27372892e+02
1754            	3.27373066e+02
1755            	3.27373241e+02
1756            	3.27373414e+02
1757            	3.27373588e+02
1758            	3.27373762e+02
1759            	3.27373935e+02
1760            	3.27374109e+02
1761            	3.27374282e+02
1762            	3.27374454e+02
1763            	3.27374627e+02
1764            	3.27374800e+02
1765            	3.27374970e+02
1766            	3.27375141e+02
1767            	3.27375313e+02
1768            	3.27375484e+02
1769            	3.27375655e+02
1770            	3.27375826e+02
1771            	3.27375996e+02
1772            	3.27376167e+02
1773            	3.27376338e+02
1774            	3.27376510e+02
1775            	3.27376682e+02
1776            	3.27376855e+02
1777            	3.27377027e+02
1778            	3.27377200e+02
1779            	3.27377374e+02
1780            	3.27377548e+02
1781            	3.27377723e+02
1782            	3.27377898e+02
1783            	3.27378071e+02
1784            	3.27378245e+02
1785            	3.27378420e+02
1786            	3.27378594e+02
1787            	3.27378768e+02
1788            	3.27378941e+02
1789            	3.27379114e+02
1790            	3.27379286e+02
1791            	3.27379460e+02
1792            	3.27379632e+02
1793            	3.27379804e+02
1794            	3.27379978e+02
1795            	3.27380150e+02
1796            	3.27380322e+02
1797            	3.27380496e+02
1798            	3.27380668e+02
1799            	3.27380841e+02
1800            	3.27381014e+02
1801            	3.27381184e+02
1802            	3.27381355e+02
1803            	3.27381527e+02
1804            	3.27381698e+02
1805            	3.27381867e+02
1806            	3.27382037e+02
1807            	3.27382205e+02
1808            	3.27382374e+02
1809            	3.27382542e+02
1810            	3.27382710e+02
1811            	3.27382879e+02
1812            	3.27383048e+02
1813            	3.27383215e+02
1814            	3.27383384e+02
1815            	3.27383553e+02
1816            	3.27383723e+02
1817            	3.27383893e+02
1818            	3.27384063e+02
1819            	3.27384231e+02
1820            	3.27384400e+02
1821            	3.27384570e+02
1822            	3.27384739e+02
1823            	3.27384908e+02
1824            	3.27385077e+02
1825            	3.27385245e+02
1826            	3.27385413e+02
1827            	3.27385583e+02
1828            	3.27385752e+02
1829            	3.27385921e+02
1830            	3.27386091e+02
1831            	3.27386259e+02
1832            	3.27386428e+02
1833            	3.27386598e+02
1834            	3.27386767e+02
1835            	3.27386936e+02
1836            	3.27387105e+02
1837            	3.27387272e+02
1838            	3.27387440e+02
1839            	3.27387608e+02
1840            	3.27387776e+02
1841            	3.27387943e+02
1842            	3.27388110e+02
1843            	3.27388275e+02
1844            	3.27388441e+02
1845            	3.27388608e+02
1846            	3.27388773e+02
1847            	3.27388938e+02
1848            	3.27389104e+02
1849            	3.27389267e+02
1850            	3.27389431e+02
1851            	3.27389595e+02
1852            	3.27389759e+02
1853            	3.27389921e+02
1854            	3.27390084e+02
1855            	3.27390245e+02
1856            	3.27390407e+02
1857            	3.27390569e+02
1858            	3.27390730e+02
1859            	3.27390892e+02
1860            	3.27391053e+02
1861            	3.27391212e+02
1862            	3.27391372e+02
1863            	3.27391533e+02
1864            	3.27391694e+02
1865            	3.27391855e+02
1866            	3.27392016e+02
1867            	3.27392176e+02
1868            	3.27392337e+02
1869            	3.27392498e+02
1870            	3.27392659e+02
1871            	3.27392820e+02
1872            	3.27392982e+02
1873            	3.27393144e+02
1874            	3.27393306e+02
1875            	3.27393469e+02
1876            	3.27393631e+02
1877            	3.27393793e+02
1878            	3.27393956e+02
1879            	3.27394119e+02
1880            	3.27394281e+02
1881            	3.27394443e+02
1882            	3.27394604e+02
1883            	3.27394765e+02
1884            	3.27394926e+02
1885            	3.27395085e+02
1886            	3.27395245e+02
1887            	3.27395404e+02
1888            	3.27395563e+02
1889            	3.27395721e+02
1890            	3.27395878e+02
1891            	3.27396034e+02
1892            	3.27396190e+02
1893            	3.27396347e+02
1894            	3.27396503e+02
1895            	3.27396659e+02
1896            	3.27396814e+02
1897            	3.27396969e+02
1898            	3.27397125e+02
1899            	3.27397281e+02
1900            	3.27397437e+02
1901            	3.27397593e+02
1902            	3.27397751e+02
1903            	3.27397908e+02
1904            	3.27398066e+02
1905            	3.27398224e+02
1906            	3.27398383e+02
1907            	3.27398541e+02
1908            	3.27398701e+02
1909            	3.27398860e+02
1910            	3.27399019e+02
1911            	3.27399179e+02
1912            	3.27399338e+02
1913            	3.27399498e+02
1914            	3.27399657e+02
1915            	3.27399816e+02
1916            	3.27399974e+02
1917            	3.27400133e+02
1918            	3.27400290e+02
1919            	3.27400447e+02
1920            	3.27400604e+02
1921            	3.27400760e+02
1922            	3.27400916e+02
1923            	3.27401071e+02
1924            	3.27401225e+02
1925            	3.27401379e+02
1926            	3.27401533e+02
1927            	3.27401684e+02
1928            	3.27401836e+02
1929            	3.27401987e+02
1930            	3.27402137e+02
1931            	3.27402287e+02
1932            	3.27402437e+02
1933            	3.27402585e+02
1934            	3.27402734e+02
1935            	3.27402882e+02
1936            	3.27403030e+02
1937            	3.27403178e+02
1938            	3.27403327e+02
1939            	3.27403474e+02
1940            	3.27403622e+02
1941            	3.27403771e+02
1942            	3.27403919e+02
1943            	3.27404068e+02
1944            	3.27404217e+02
1945            	3.27404366e+02
1946            	3.27404515e+02
1947            	3.27404665e+02
1948            	3.27404814e+02
1949            	3.27404963e+02
1950            	3.27405113e+02
1951            	3.27405262e+02
1952            	3.27405411e+02
1953            	3.27405561e+02
1954            	3.27405710e+02
1955            	3.27405859e+02
1956            	3.27406008e+02
1957            	3.27406157e+02
1958            	3.27406305e+02
1959            	3.27406454e+02
1960            	3.27406602e+02
1961            	3.27406750e+02
1962            	3.27406898e+02
1963            	3.27407045e+02
1964            	3.27407192e+02
1965            	3.27407340e+02
1966            	3.27407487e+02
1967            	3.27407634e+02
1968            	3.27407781e+02
1969            	3.27407927e+02
1970            	3.27408073e+02
1971            	3.27408219e+02
1972            	3.27408365e+02
1973            	3.27408510e+02
1974            	3.27408656e+02
1975            	3.27408801e+02
1976            	3.27408946e+02
1977            	3.27409092e+02
1978            	3.27409237e+02
1979            	3.27409383e+02
1980            	3.27409529e+02
1981            	3.27409673e+02
1982            	3.27409819e+02
1983            	3.27409964e+02
1984            	3.27410110e+02
1985            	3.27410255e+02
1986            	3.27410401e+02
1987            	3.27410546e+02
1988            	3.27410691e+02
1989            	3.27410837e+02
1990            	3.27410983e+02
1991            	3.27411128e+02
1992            	3.27411274e+02
1993            	3.27411419e+02
1994            	3.27411564e+02
1995            	3.27411710e+02
1996            	3.27411855e+02
1997            	3.27412000e+02
1998            	3.27412146e+02
1999            	3.27412290e+02
2000            	3.27412434e+02
