# Region        : cellZone component_0
# Cells         : 145
# Volume        : 2.80434777e-01
# Time          	volAverage(T)
1               	3.00257564e+02
2               	3.00511910e+02
3               	3.00750958e+02
4               	3.00979132e+02
5               	3.01200541e+02
6               	3.01416516e+02
7               	3.01627604e+02
8               	3.01835712e+02
9               	3.02041789e+02
10              	3.02245526e+02
11              	3.02446182e+02
12              	3.02643917e+02
13              	3.02838016e+02
14              	3.03029669e+02
15              	3.03219025e+02
16              	3.03406262e+02
17              	3.03591068e+02
18              	3.03773274e+02
19              	3.03953233e+02
20              	3.04131872e+02
21              	3.04309304e+02
22              	3.04483981e+02
23              	3.04654881e+02
24              	3.04824522e+02
25              	3.04991239e+02
26              	3.05155888e+02
27              	3.05318228e+02
28              	3.05477799e+02
29              	3.05632826e+02
30              	3.05784540e+02
31              	3.05935727e+02
32              	3.06083531e+02
33              	3.06222916e+02
34              	3.06355443e+02
35              	3.06486785e+02
36              	3.06617756e+02
37              	3.06748139e+02
38              	3.06877223e+02
39              	3.07005368e+02
40              	3.07133356e+02
41              	3.07261213e+02
42              	3.07387653e+02
43              	3.07512681e+02
44              	3.07636592e+02
45              	3.07760292e+02
46              	3.07882959e+02
47              	3.08002880e+02
48              	3.08122093e+02
49              	3.08240373e+02
50              	3.08357471e+02
51              	3.08472289e+02
52              	3.08584177e+02
53              	3.08695902e+02
54              	3.08805351e+02
55              	3.08917808e+02
56              	3.09026026e+02
57              	3.09131952e+02
58              	3.09237903e+02
59              	3.09341868e+02
60              	3.09444845e+02
61              	3.09547244e+02
62              	3.09647726e+02
63              	3.09747690e+02
64              	3.09846181e+02
65              	3.09942164e+02
66              	3.10035375e+02
67              	3.10127384e+02
68              	3.10215653e+02
69              	3.10307412e+02
70              	3.10395602e+02
71              	3.10480657e+02
72              	3.10564038e+02
73              	3.10646603e+02
74              	3.10728438e+02
75              	3.10809507e+02
76              	3.10887935e+02
77              	3.10966156e+02
78              	3.11043518e+02
79              	3.11121102e+02
80              	3.11198679e+02
81              	3.11277153e+02
82              	3.11354844e+02
83              	3.11429063e+02
84              	3.11502786e+02
85              	3.11575141e+02
86              	3.11646427e+02
87              	3.11716337e+02
88              	3.11784987e+02
89              	3.11852119e+02
90              	3.11915968e+02
91              	3.11981924e+02
92              	3.12047081e+02
93              	3.12108601e+02
94              	3.12170719e+02
95              	3.12233584e+02
96              	3.12296318e+02
97              	3.12352907e+02
98              	3.12410029e+02
99              	3.12468260e+02
100             	3.12525978e+02
101             	3.12582825e+02
102             	3.12635170e+02
103             	3.12686730e+02
104             	3.12739312e+02
105             	3.12790725e+02
106             	3.12839664e+02
107             	3.12889017e+02
108             	3.12938567e+02
109             	3.12989469e+02
110             	3.13040327e+02
111             	3.13088702e+02
112             	3.13136429e+02
113             	3.13181836e+02
114             	3.13227018e+02
115             	3.13270797e+02
116             	3.13312727e+02
117             	3.13355563e+02
118             	3.13397124e+02
119             	3.13436048e+02
120             	3.13477305e+02
121             	3.13520324e+02
122             	3.13561503e+02
123             	3.13601549e+02
124             	3.13642786e+02
125             	3.13681483e+02
126             	3.13721146e+02
127             	3.13760488e+02
128             	3.13800232e+02
129             	3.13835179e+02
130             	3.13871483e+02
131             	3.13902851e+02
132             	3.13938288e+02
133             	3.13973222e+02
134             	3.14004056e+02
135             	3.14033635e+02
136             	3.14060913e+02
137             	3.14090699e+02
138             	3.14121849e+02
139             	3.14153953e+02
140             	3.14186123e+02
141             	3.14218456e+02
142             	3.14248821e+02
143             	3.14275629e+02
144             	3.14306108e+02
145             	3.14336652e+02
146             	3.14365578e+02
147             	3.14393460e+02
148             	3.14420783e+02
149             	3.14448270e+02
150             	3.14473107e+02
151             	3.14498293e+02
152             	3.14523991e+02
153             	3.14547673e+02
154             	3.14575238e+02
155             	3.14603124e+02
156             	3.14631115e+02
157             	3.14656560e+02
158             	3.14683336e+02
159             	3.14710909e+02
160             	3.14734814e+02
161             	3.14758639e+02
162             	3.14781942e+02
163             	3.14804798e+02
164             	3.14825393e+02
165             	3.14848687e+02
166             	3.14869663e+02
167             	3.14891700e+02
168             	3.14914800e+02
169             	3.14938372e+02
170             	3.14958260e+02
171             	3.14978426e+02
172             	3.14997326e+02
173             	3.15018433e+02
174             	3.15040550e+02
175             	3.15059243e+02
176             	3.15079140e+02
177             	3.15098409e+02
178             	3.15116538e+02
179             	3.15132484e+02
180             	3.15149532e+02
181             	3.15162956e+02
182             	3.15174993e+02
183             	3.15186127e+02
184             	3.15197893e+02
185             	3.15210863e+02
186             	3.15225776e+02
187             	3.15240648e+02
188             	3.15258364e+02
189             	3.15277412e+02
190             	3.15295889e+02
191             	3.15314303e+02
192             	3.15332192e+02
193             	3.15349310e+02
194             	3.15365240e+02
195             	3.15383892e+02
196             	3.15401120e+02
197             	3.15416829e+02
198             	3.15431837e+02
199             	3.15446475e+02
200             	3.15461194e+02
201             	3.15475259e+02
202             	3.15489385e+02
203             	3.15503468e+02
204             	3.15517709e+02
205             	3.15528705e+02
206             	3.15539854e+02
207             	3.15553192e+02
208             	3.15567079e+02
209             	3.15580904e+02
210             	3.15593985e+02
211             	3.15608209e+02
212             	3.15621043e+02
213             	3.15630007e+02
214             	3.15640353e+02
215             	3.15650422e+02
216             	3.15660155e+02
217             	3.15667086e+02
218             	3.15678292e+02
219             	3.15686503e+02
220             	3.15695291e+02
221             	3.15704786e+02
222             	3.15714063e+02
223             	3.15720188e+02
224             	3.15727340e+02
225             	3.15735381e+02
226             	3.15744443e+02
227             	3.15753707e+02
228             	3.15764265e+02
229             	3.15771816e+02
230             	3.15781524e+02
231             	3.15792364e+02
232             	3.15804070e+02
233             	3.15812917e+02
234             	3.15823337e+02
235             	3.15834179e+02
236             	3.15845045e+02
237             	3.15852722e+02
238             	3.15861336e+02
239             	3.15870136e+02
240             	3.15878569e+02
241             	3.15886350e+02
242             	3.15894318e+02
243             	3.15899648e+02
244             	3.15906326e+02
245             	3.15913344e+02
246             	3.15920887e+02
247             	3.15924942e+02
248             	3.15930387e+02
249             	3.15936229e+02
250             	3.15942550e+02
251             	3.15948825e+02
252             	3.15955582e+02
253             	3.15962974e+02
254             	3.15971280e+02
255             	3.15976606e+02
256             	3.15983847e+02
257             	3.15991329e+02
258             	3.15999633e+02
259             	3.16008389e+02
260             	3.16017959e+02
261             	3.16023681e+02
262             	3.16030760e+02
263             	3.16038362e+02
264             	3.16046525e+02
265             	3.16051225e+02
266             	3.16057485e+02
267             	3.16064386e+02
268             	3.16071758e+02
269             	3.16075867e+02
270             	3.16081644e+02
271             	3.16088147e+02
272             	3.16095351e+02
273             	3.16101891e+02
274             	3.16109090e+02
275             	3.16116549e+02
276             	3.16123919e+02
277             	3.16131699e+02
278             	3.16135515e+02
279             	3.16140878e+02
280             	3.16146834e+02
281             	3.16153399e+02
282             	3.16156838e+02
283             	3.16161859e+02
284             	3.16167114e+02
285             	3.16172405e+02
286             	3.16177273e+02
287             	3.16181721e+02
288             	3.16185701e+02
289             	3.16189410e+02
290             	3.16193190e+02
291             	3.16196879e+02
292             	3.16200739e+02
293             	3.16204515e+02
294             	3.16208227e+02
295             	3.16212446e+02
296             	3.16216271e+02
297             	3.16219701e+02
298             	3.16222881e+02
299             	3.16225942e+02
300             	3.16228954e+02
301             	3.16232058e+02
302             	3.16235412e+02
303             	3.16238351e+02
304             	3.16241743e+02
305             	3.16245709e+02
306             	3.16250241e+02
307             	3.16255602e+02
308             	3.16259976e+02
309             	3.16264107e+02
310             	3.16268705e+02
311             	3.16273047e+02
312             	3.16276981e+02
313             	3.16280683e+02
314             	3.16284131e+02
315             	3.16287471e+02
316             	3.16290100e+02
317             	3.16293472e+02
318             	3.16295884e+02
319             	3.16297927e+02
320             	3.16299846e+02
321             	3.16299979e+02
322             	3.16301455e+02
323             	3.16303385e+02
324             	3.16305860e+02
325             	3.16307477e+02
326             	3.16309021e+02
327             	3.16310619e+02
328             	3.16312131e+02
329             	3.16313569e+02
330             	3.16315158e+02
331             	3.16317149e+02
332             	3.16319401e+02
333             	3.16321751e+02
334             	3.16324333e+02
335             	3.16327393e+02
336             	3.16330926e+02
337             	3.16334671e+02
338             	3.16337856e+02
339             	3.16341644e+02
340             	3.16344955e+02
341             	3.16348581e+02
342             	3.16352382e+02
343             	3.16353230e+02
344             	3.16356171e+02
345             	3.16360511e+02
346             	3.16361061e+02
347             	3.16364463e+02
348             	3.16368192e+02
349             	3.16373021e+02
350             	3.16373030e+02
351             	3.16377432e+02
352             	3.16381962e+02
353             	3.16384782e+02
354             	3.16387033e+02
355             	3.16389407e+02
356             	3.16391884e+02
357             	3.16391061e+02
358             	3.16391736e+02
359             	3.16393163e+02
360             	3.16394836e+02
361             	3.16396303e+02
362             	3.16397443e+02
363             	3.16398485e+02
364             	3.16397814e+02
365             	3.16398478e+02
366             	3.16400029e+02
367             	3.16401660e+02
368             	3.16403123e+02
369             	3.16404166e+02
370             	3.16407412e+02
371             	3.16411298e+02
372             	3.16415260e+02
373             	3.16416112e+02
374             	3.16417730e+02
375             	3.16420682e+02
376             	3.16421104e+02
377             	3.16423310e+02
378             	3.16426288e+02
379             	3.16428553e+02
380             	3.16431386e+02
381             	3.16430708e+02
382             	3.16431800e+02
383             	3.16433398e+02
384             	3.16434371e+02
385             	3.16434874e+02
386             	3.16436575e+02
387             	3.16438092e+02
388             	3.16436129e+02
389             	3.16435755e+02
390             	3.16436981e+02
391             	3.16438590e+02
392             	3.16437608e+02
393             	3.16437066e+02
394             	3.16437232e+02
395             	3.16438211e+02
396             	3.16436326e+02
397             	3.16434966e+02
398             	3.16432307e+02
399             	3.16434298e+02
400             	3.16431004e+02
401             	3.16428135e+02
402             	3.16426848e+02
403             	3.16426412e+02
404             	3.16426580e+02
405             	3.16426865e+02
406             	3.16428613e+02
407             	3.16427533e+02
408             	3.16427544e+02
409             	3.16428587e+02
410             	3.16431911e+02
411             	3.16429035e+02
412             	3.16432112e+02
413             	3.16434782e+02
414             	3.16436010e+02
415             	3.16437962e+02
416             	3.16438580e+02
417             	3.16439286e+02
418             	3.16440307e+02
419             	3.16438095e+02
420             	3.16437526e+02
421             	3.16438203e+02
422             	3.16437753e+02
423             	3.16439963e+02
424             	3.16436695e+02
425             	3.16438018e+02
426             	3.16436519e+02
427             	3.16436111e+02
428             	3.16435607e+02
429             	3.16436648e+02
430             	3.16434157e+02
431             	3.16434559e+02
432             	3.16436480e+02
433             	3.16438439e+02
434             	3.16440668e+02
435             	3.16442865e+02
436             	3.16445587e+02
437             	3.16447847e+02
438             	3.16447703e+02
439             	3.16448847e+02
440             	3.16451147e+02
441             	3.16454015e+02
442             	3.16457933e+02
443             	3.16459558e+02
444             	3.16463728e+02
445             	3.16466087e+02
446             	3.16469475e+02
447             	3.16472518e+02
448             	3.16475027e+02
449             	3.16477819e+02
450             	3.16477034e+02
451             	3.16477953e+02
452             	3.16479382e+02
453             	3.16480931e+02
454             	3.16481223e+02
455             	3.16482453e+02
456             	3.16483449e+02
457             	3.16482528e+02
458             	3.16484853e+02
459             	3.16486612e+02
460             	3.16489059e+02
461             	3.16492071e+02
462             	3.16495498e+02
463             	3.16494269e+02
464             	3.16491356e+02
465             	3.16490918e+02
466             	3.16490578e+02
467             	3.16485689e+02
468             	3.16483634e+02
469             	3.16483181e+02
470             	3.16484140e+02
471             	3.16484267e+02
472             	3.16484408e+02
473             	3.16484413e+02
474             	3.16485505e+02
475             	3.16487632e+02
476             	3.16490485e+02
477             	3.16492961e+02
478             	3.16493658e+02
479             	3.16493584e+02
480             	3.16492417e+02
481             	3.16491113e+02
482             	3.16486324e+02
483             	3.16482885e+02
484             	3.16480827e+02
485             	3.16475378e+02
486             	3.16471972e+02
487             	3.16466536e+02
488             	3.16464903e+02
489             	3.16464468e+02
490             	3.16465409e+02
491             	3.16468506e+02
492             	3.16473917e+02
493             	3.16479127e+02
494             	3.16482213e+02
495             	3.16484823e+02
496             	3.16487917e+02
497             	3.16488916e+02
498             	3.16491816e+02
499             	3.16488881e+02
500             	3.16491576e+02
501             	3.16492328e+02
502             	3.16491582e+02
503             	3.16484916e+02
504             	3.16479135e+02
505             	3.16476212e+02
506             	3.16470290e+02
507             	3.16466440e+02
508             	3.16464839e+02
509             	3.16464811e+02
510             	3.16465985e+02
511             	3.16469119e+02
512             	3.16467961e+02
513             	3.16469471e+02
514             	3.16472668e+02
515             	3.16472596e+02
516             	3.16474365e+02
517             	3.16476402e+02
518             	3.16480051e+02
519             	3.16480041e+02
520             	3.16480889e+02
521             	3.16481947e+02
522             	3.16481610e+02
523             	3.16481754e+02
524             	3.16483059e+02
525             	3.16480288e+02
526             	3.16478651e+02
527             	3.16477838e+02
528             	3.16477489e+02
529             	3.16478593e+02
530             	3.16479130e+02
531             	3.16477559e+02
532             	3.16478504e+02
533             	3.16480423e+02
534             	3.16482109e+02
535             	3.16483428e+02
536             	3.16482927e+02
537             	3.16485454e+02
538             	3.16486265e+02
539             	3.16486619e+02
540             	3.16486790e+02
541             	3.16488510e+02
542             	3.16486788e+02
543             	3.16485796e+02
544             	3.16486617e+02
545             	3.16483016e+02
546             	3.16480703e+02
547             	3.16479835e+02
548             	3.16479490e+02
549             	3.16480879e+02
550             	3.16479032e+02
551             	3.16479883e+02
552             	3.16482171e+02
553             	3.16482584e+02
554             	3.16482294e+02
555             	3.16482866e+02
556             	3.16485666e+02
557             	3.16486690e+02
558             	3.16483485e+02
559             	3.16481285e+02
560             	3.16480322e+02
561             	3.16478924e+02
562             	3.16478130e+02
563             	3.16477963e+02
564             	3.16478093e+02
565             	3.16478731e+02
566             	3.16479273e+02
567             	3.16479107e+02
568             	3.16480096e+02
569             	3.16480240e+02
570             	3.16480562e+02
571             	3.16480892e+02
572             	3.16481496e+02
573             	3.16482471e+02
574             	3.16482618e+02
575             	3.16483521e+02
576             	3.16483747e+02
577             	3.16480839e+02
578             	3.16478894e+02
579             	3.16479287e+02
580             	3.16479410e+02
581             	3.16478345e+02
582             	3.16479020e+02
583             	3.16478407e+02
584             	3.16476886e+02
585             	3.16477760e+02
586             	3.16476764e+02
587             	3.16478053e+02
588             	3.16480781e+02
589             	3.16481386e+02
590             	3.16483018e+02
591             	3.16484384e+02
592             	3.16483382e+02
593             	3.16481827e+02
594             	3.16477784e+02
595             	3.16475763e+02
596             	3.16474729e+02
597             	3.16470987e+02
598             	3.16468922e+02
599             	3.16468016e+02
600             	3.16468003e+02
601             	3.16467652e+02
602             	3.16467812e+02
603             	3.16465717e+02
604             	3.16465104e+02
605             	3.16466540e+02
606             	3.16465529e+02
607             	3.16466081e+02
608             	3.16468387e+02
609             	3.16470987e+02
610             	3.16472109e+02
611             	3.16474046e+02
612             	3.16474479e+02
613             	3.16474196e+02
614             	3.16474518e+02
615             	3.16471895e+02
616             	3.16470533e+02
617             	3.16469993e+02
618             	3.16466524e+02
619             	3.16464830e+02
620             	3.16464698e+02
621             	3.16461266e+02
622             	3.16460520e+02
623             	3.16460827e+02
624             	3.16462002e+02
625             	3.16463052e+02
626             	3.16464812e+02
627             	3.16467584e+02
628             	3.16466868e+02
629             	3.16468716e+02
630             	3.16471850e+02
631             	3.16475960e+02
632             	3.16475670e+02
633             	3.16477261e+02
634             	3.16477043e+02
635             	3.16479002e+02
636             	3.16480130e+02
637             	3.16480146e+02
638             	3.16476400e+02
639             	3.16473554e+02
640             	3.16471687e+02
641             	3.16467355e+02
642             	3.16465902e+02
643             	3.16466462e+02
644             	3.16465898e+02
645             	3.16466101e+02
646             	3.16467588e+02
647             	3.16466855e+02
648             	3.16468286e+02
649             	3.16470705e+02
650             	3.16469989e+02
651             	3.16471304e+02
652             	3.16472938e+02
653             	3.16474239e+02
654             	3.16474805e+02
655             	3.16475462e+02
656             	3.16475403e+02
657             	3.16474843e+02
658             	3.16474447e+02
659             	3.16470700e+02
660             	3.16468067e+02
661             	3.16466833e+02
662             	3.16462350e+02
663             	3.16459520e+02
664             	3.16458225e+02
665             	3.16453688e+02
666             	3.16451177e+02
667             	3.16450052e+02
668             	3.16450100e+02
669             	3.16449837e+02
670             	3.16449557e+02
671             	3.16449813e+02
672             	3.16450496e+02
673             	3.16451750e+02
674             	3.16453676e+02
675             	3.16456347e+02
676             	3.16455551e+02
677             	3.16456483e+02
678             	3.16458299e+02
679             	3.16461011e+02
680             	3.16460643e+02
681             	3.16462008e+02
682             	3.16464222e+02
683             	3.16467626e+02
684             	3.16467503e+02
685             	3.16469211e+02
686             	3.16471874e+02
687             	3.16471940e+02
688             	3.16473150e+02
689             	3.16475325e+02
690             	3.16474814e+02
691             	3.16475846e+02
692             	3.16477478e+02
693             	3.16479436e+02
694             	3.16480430e+02
695             	3.16482330e+02
696             	3.16483916e+02
697             	3.16485316e+02
698             	3.16487621e+02
699             	3.16489743e+02
700             	3.16491642e+02
701             	3.16493260e+02
702             	3.16494836e+02
703             	3.16496586e+02
704             	3.16499024e+02
705             	3.16497778e+02
706             	3.16498360e+02
707             	3.16499902e+02
708             	3.16502929e+02
709             	3.16502253e+02
710             	3.16503418e+02
711             	3.16505508e+02
712             	3.16508298e+02
713             	3.16507852e+02
714             	3.16508975e+02
715             	3.16510766e+02
716             	3.16513568e+02
717             	3.16512455e+02
718             	3.16513251e+02
719             	3.16514197e+02
720             	3.16516191e+02
721             	3.16514590e+02
722             	3.16514520e+02
723             	3.16514749e+02
724             	3.16515291e+02
725             	3.16515798e+02
726             	3.16516024e+02
727             	3.16517115e+02
728             	3.16514514e+02
729             	3.16513207e+02
730             	3.16512665e+02
731             	3.16508798e+02
732             	3.16506445e+02
733             	3.16505939e+02
734             	3.16504914e+02
735             	3.16504459e+02
736             	3.16504790e+02
737             	3.16505811e+02
738             	3.16507068e+02
739             	3.16508230e+02
740             	3.16509996e+02
741             	3.16508312e+02
742             	3.16508355e+02
743             	3.16509189e+02
744             	3.16510499e+02
745             	3.16512111e+02
746             	3.16513896e+02
747             	3.16515786e+02
748             	3.16517678e+02
749             	3.16519438e+02
750             	3.16517999e+02
751             	3.16517680e+02
752             	3.16517778e+02
753             	3.16518119e+02
754             	3.16518521e+02
755             	3.16518878e+02
756             	3.16519089e+02
757             	3.16519101e+02
758             	3.16518978e+02
759             	3.16518794e+02
760             	3.16518632e+02
761             	3.16518513e+02
762             	3.16518470e+02
763             	3.16518453e+02
764             	3.16518618e+02
765             	3.16518846e+02
766             	3.16519096e+02
767             	3.16519335e+02
768             	3.16519545e+02
769             	3.16519731e+02
770             	3.16519874e+02
771             	3.16519954e+02
772             	3.16519964e+02
773             	3.16519900e+02
774             	3.16519758e+02
775             	3.16519537e+02
776             	3.16519242e+02
777             	3.16518882e+02
778             	3.16518491e+02
779             	3.16518108e+02
780             	3.16517765e+02
781             	3.16517447e+02
782             	3.16517139e+02
783             	3.16516846e+02
784             	3.16516596e+02
785             	3.16516410e+02
786             	3.16516288e+02
787             	3.16516297e+02
788             	3.16516421e+02
789             	3.16516759e+02
790             	3.16517217e+02
791             	3.16517885e+02
792             	3.16518821e+02
793             	3.16520070e+02
794             	3.16521638e+02
795             	3.16523597e+02
796             	3.16522225e+02
797             	3.16522512e+02
798             	3.16523509e+02
799             	3.16524994e+02
800             	3.16527071e+02
801             	3.16525733e+02
802             	3.16526016e+02
803             	3.16526949e+02
804             	3.16528568e+02
805             	3.16530956e+02
806             	3.16529495e+02
807             	3.16529671e+02
808             	3.16530453e+02
809             	3.16531497e+02
810             	3.16533022e+02
811             	3.16534760e+02
812             	3.16536570e+02
813             	3.16537748e+02
814             	3.16539150e+02
815             	3.16540548e+02
816             	3.16541807e+02
817             	3.16542948e+02
818             	3.16543982e+02
819             	3.16544929e+02
820             	3.16545810e+02
821             	3.16546644e+02
822             	3.16547440e+02
823             	3.16548483e+02
824             	3.16549479e+02
825             	3.16551078e+02
826             	3.16549131e+02
827             	3.16548586e+02
828             	3.16548683e+02
829             	3.16549286e+02
830             	3.16550452e+02
831             	3.16548374e+02
832             	3.16547911e+02
833             	3.16548012e+02
834             	3.16548416e+02
835             	3.16548796e+02
836             	3.16548871e+02
837             	3.16548868e+02
838             	3.16548742e+02
839             	3.16548445e+02
840             	3.16547938e+02
841             	3.16547753e+02
842             	3.16547748e+02
843             	3.16547758e+02
844             	3.16547977e+02
845             	3.16548385e+02
846             	3.16548609e+02
847             	3.16548789e+02
848             	3.16549000e+02
849             	3.16549210e+02
850             	3.16549325e+02
851             	3.16549251e+02
852             	3.16549037e+02
853             	3.16549168e+02
854             	3.16549098e+02
855             	3.16549294e+02
856             	3.16549713e+02
857             	3.16550438e+02
858             	3.16551242e+02
859             	3.16551953e+02
860             	3.16552880e+02
861             	3.16550165e+02
862             	3.16548965e+02
863             	3.16548364e+02
864             	3.16548194e+02
865             	3.16548314e+02
866             	3.16548613e+02
867             	3.16548791e+02
868             	3.16548873e+02
869             	3.16548823e+02
870             	3.16548605e+02
871             	3.16548142e+02
872             	3.16547457e+02
873             	3.16546742e+02
874             	3.16546079e+02
875             	3.16545433e+02
876             	3.16544854e+02
877             	3.16544419e+02
878             	3.16544118e+02
879             	3.16543791e+02
880             	3.16543440e+02
881             	3.16543070e+02
882             	3.16542633e+02
883             	3.16542100e+02
884             	3.16541457e+02
885             	3.16540671e+02
886             	3.16539749e+02
887             	3.16538721e+02
888             	3.16537659e+02
889             	3.16537403e+02
890             	3.16536710e+02
891             	3.16536437e+02
892             	3.16536752e+02
893             	3.16537830e+02
894             	3.16536189e+02
895             	3.16536655e+02
896             	3.16538330e+02
897             	3.16537225e+02
898             	3.16537672e+02
899             	3.16538707e+02
900             	3.16537173e+02
901             	3.16537409e+02
902             	3.16538160e+02
903             	3.16537990e+02
904             	3.16537907e+02
905             	3.16538109e+02
906             	3.16537853e+02
907             	3.16537378e+02
908             	3.16537046e+02
909             	3.16533243e+02
910             	3.16530777e+02
911             	3.16529044e+02
912             	3.16524629e+02
913             	3.16521902e+02
914             	3.16520133e+02
915             	3.16519665e+02
916             	3.16515520e+02
917             	3.16512737e+02
918             	3.16511118e+02
919             	3.16510246e+02
920             	3.16510160e+02
921             	3.16510294e+02
922             	3.16510779e+02
923             	3.16511541e+02
924             	3.16512558e+02
925             	3.16513857e+02
926             	3.16515433e+02
927             	3.16517404e+02
928             	3.16515847e+02
929             	3.16515895e+02
930             	3.16516772e+02
931             	3.16518580e+02
932             	3.16517182e+02
933             	3.16517553e+02
934             	3.16518964e+02
935             	3.16517938e+02
936             	3.16518633e+02
937             	3.16520304e+02
938             	3.16519444e+02
939             	3.16520474e+02
940             	3.16522519e+02
941             	3.16521829e+02
942             	3.16522942e+02
943             	3.16524955e+02
944             	3.16524188e+02
945             	3.16525124e+02
946             	3.16526836e+02
947             	3.16529737e+02
948             	3.16528694e+02
949             	3.16529027e+02
950             	3.16530083e+02
951             	3.16531584e+02
952             	3.16533399e+02
953             	3.16535086e+02
954             	3.16535988e+02
955             	3.16536446e+02
956             	3.16536748e+02
957             	3.16536805e+02
958             	3.16536831e+02
959             	3.16536734e+02
960             	3.16536606e+02
961             	3.16536589e+02
962             	3.16536723e+02
963             	3.16536932e+02
964             	3.16536884e+02
965             	3.16536911e+02
966             	3.16536937e+02
967             	3.16537014e+02
968             	3.16537201e+02
969             	3.16537377e+02
970             	3.16537531e+02
971             	3.16537853e+02
972             	3.16538427e+02
973             	3.16539288e+02
974             	3.16540494e+02
975             	3.16538262e+02
976             	3.16537720e+02
977             	3.16537904e+02
978             	3.16538353e+02
979             	3.16538960e+02
980             	3.16539798e+02
981             	3.16540667e+02
982             	3.16541504e+02
983             	3.16542366e+02
984             	3.16543271e+02
985             	3.16544076e+02
986             	3.16544562e+02
987             	3.16545135e+02
988             	3.16545633e+02
989             	3.16545973e+02
990             	3.16546120e+02
991             	3.16546045e+02
992             	3.16545809e+02
993             	3.16545398e+02
994             	3.16544876e+02
995             	3.16544232e+02
996             	3.16543476e+02
997             	3.16542644e+02
998             	3.16542211e+02
999             	3.16541605e+02
1000            	3.16541108e+02
1001            	3.16540805e+02
1002            	3.16540767e+02
1003            	3.16541054e+02
1004            	3.16541727e+02
1005            	3.16542827e+02
1006            	3.16544360e+02
1007            	3.16542733e+02
1008            	3.16542876e+02
1009            	3.16543871e+02
1010            	3.16545742e+02
1011            	3.16544345e+02
1012            	3.16544571e+02
1013            	3.16545462e+02
1014            	3.16546722e+02
1015            	3.16547784e+02
1016            	3.16548318e+02
1017            	3.16548366e+02
1018            	3.16548235e+02
1019            	3.16547997e+02
1020            	3.16547665e+02
1021            	3.16547382e+02
1022            	3.16547248e+02
1023            	3.16547305e+02
1024            	3.16547526e+02
1025            	3.16547847e+02
1026            	3.16548180e+02
1027            	3.16548336e+02
1028            	3.16548349e+02
1029            	3.16548365e+02
1030            	3.16548303e+02
1031            	3.16548951e+02
1032            	3.16548823e+02
1033            	3.16548792e+02
1034            	3.16548956e+02
1035            	3.16549337e+02
1036            	3.16550072e+02
1037            	3.16551356e+02
1038            	3.16549171e+02
1039            	3.16548550e+02
1040            	3.16548478e+02
1041            	3.16548827e+02
1042            	3.16549579e+02
1043            	3.16550842e+02
1044            	3.16548617e+02
1045            	3.16547924e+02
1046            	3.16547297e+02
1047            	3.16547365e+02
1048            	3.16547506e+02
1049            	3.16547426e+02
1050            	3.16547214e+02
1051            	3.16546935e+02
1052            	3.16546672e+02
1053            	3.16546487e+02
1054            	3.16546543e+02
1055            	3.16546913e+02
1056            	3.16547626e+02
1057            	3.16544400e+02
1058            	3.16542673e+02
1059            	3.16541691e+02
1060            	3.16541276e+02
1061            	3.16541096e+02
1062            	3.16540996e+02
1063            	3.16541397e+02
1064            	3.16540880e+02
1065            	3.16540400e+02
1066            	3.16540189e+02
1067            	3.16540287e+02
1068            	3.16540822e+02
1069            	3.16539011e+02
1070            	3.16538413e+02
1071            	3.16538683e+02
1072            	3.16539923e+02
1073            	3.16537941e+02
1074            	3.16537460e+02
1075            	3.16537435e+02
1076            	3.16537749e+02
1077            	3.16538350e+02
1078            	3.16537387e+02
1079            	3.16537270e+02
1080            	3.16536902e+02
1081            	3.16536330e+02
1082            	3.16536001e+02
1083            	3.16536378e+02
1084            	3.16532580e+02
1085            	3.16530530e+02
1086            	3.16529427e+02
1087            	3.16525787e+02
1088            	3.16523921e+02
1089            	3.16522871e+02
1090            	3.16522997e+02
1091            	3.16520135e+02
1092            	3.16518944e+02
1093            	3.16518545e+02
1094            	3.16518759e+02
1095            	3.16519247e+02
1096            	3.16519903e+02
1097            	3.16520682e+02
1098            	3.16521561e+02
1099            	3.16523704e+02
1100            	3.16521684e+02
1101            	3.16521624e+02
1102            	3.16522666e+02
1103            	3.16521162e+02
1104            	3.16521499e+02
1105            	3.16522726e+02
1106            	3.16523770e+02
1107            	3.16522825e+02
1108            	3.16523291e+02
1109            	3.16524267e+02
1110            	3.16525715e+02
1111            	3.16527378e+02
1112            	3.16528789e+02
1113            	3.16529831e+02
1114            	3.16529866e+02
1115            	3.16529984e+02
1116            	3.16529821e+02
1117            	3.16529325e+02
1118            	3.16528691e+02
1119            	3.16528239e+02
1120            	3.16524611e+02
1121            	3.16522485e+02
1122            	3.16521127e+02
1123            	3.16517138e+02
1124            	3.16514861e+02
1125            	3.16513594e+02
1126            	3.16509765e+02
1127            	3.16507758e+02
1128            	3.16506693e+02
1129            	3.16506361e+02
1130            	3.16505895e+02
1131            	3.16505743e+02
1132            	3.16506037e+02
1133            	3.16507004e+02
1134            	3.16508652e+02
1135            	3.16510129e+02
1136            	3.16512191e+02
1137            	3.16510535e+02
1138            	3.16510671e+02
1139            	3.16511557e+02
1140            	3.16513490e+02
1141            	3.16512095e+02
1142            	3.16512416e+02
1143            	3.16513807e+02
1144            	3.16516101e+02
1145            	3.16514871e+02
1146            	3.16515387e+02
1147            	3.16516762e+02
1148            	3.16519129e+02
1149            	3.16518008e+02
1150            	3.16518532e+02
1151            	3.16519656e+02
1152            	3.16521678e+02
1153            	3.16519918e+02
1154            	3.16519712e+02
1155            	3.16520008e+02
1156            	3.16520573e+02
1157            	3.16521167e+02
1158            	3.16521259e+02
1159            	3.16521272e+02
1160            	3.16521134e+02
1161            	3.16520890e+02
1162            	3.16520945e+02
1163            	3.16521868e+02
1164            	3.16518589e+02
1165            	3.16517020e+02
1166            	3.16516252e+02
1167            	3.16516394e+02
1168            	3.16512881e+02
1169            	3.16510996e+02
1170            	3.16510001e+02
1171            	3.16509761e+02
1172            	3.16510167e+02
1173            	3.16511098e+02
1174            	3.16511844e+02
1175            	3.16512681e+02
1176            	3.16513276e+02
1177            	3.16513862e+02
1178            	3.16514502e+02
1179            	3.16516189e+02
1180            	3.16517004e+02
1181            	3.16517842e+02
1182            	3.16519015e+02
1183            	3.16517256e+02
1184            	3.16517185e+02
1185            	3.16517939e+02
1186            	3.16516549e+02
1187            	3.16516508e+02
1188            	3.16517459e+02
1189            	3.16519954e+02
1190            	3.16522304e+02
1191            	3.16520894e+02
1192            	3.16520501e+02
1193            	3.16520048e+02
1194            	3.16520117e+02
1195            	3.16519914e+02
1196            	3.16516222e+02
1197            	3.16513781e+02
1198            	3.16512382e+02
1199            	3.16507717e+02
1200            	3.16505244e+02
1201            	3.16504280e+02
1202            	3.16504233e+02
1203            	3.16504376e+02
1204            	3.16504275e+02
1205            	3.16504698e+02
1206            	3.16505696e+02
1207            	3.16507503e+02
1208            	3.16506307e+02
1209            	3.16506971e+02
1210            	3.16508576e+02
1211            	3.16507778e+02
1212            	3.16508636e+02
1213            	3.16510342e+02
1214            	3.16513361e+02
1215            	3.16512472e+02
1216            	3.16513276e+02
1217            	3.16514793e+02
1218            	3.16517211e+02
1219            	3.16516013e+02
1220            	3.16516243e+02
1221            	3.16517217e+02
1222            	3.16518238e+02
1223            	3.16518974e+02
1224            	3.16519607e+02
1225            	3.16520148e+02
1226            	3.16520733e+02
1227            	3.16520822e+02
1228            	3.16520889e+02
1229            	3.16521022e+02
1230            	3.16521140e+02
1231            	3.16521188e+02
1232            	3.16521094e+02
1233            	3.16520752e+02
1234            	3.16520240e+02
1235            	3.16519711e+02
1236            	3.16519118e+02
1237            	3.16518613e+02
1238            	3.16518553e+02
1239            	3.16518640e+02
1240            	3.16518837e+02
1241            	3.16519213e+02
1242            	3.16519852e+02
1243            	3.16520556e+02
1244            	3.16521135e+02
1245            	3.16521569e+02
1246            	3.16521892e+02
1247            	3.16522145e+02
1248            	3.16522477e+02
1249            	3.16522904e+02
1250            	3.16523536e+02
1251            	3.16524343e+02
1252            	3.16525402e+02
1253            	3.16526791e+02
1254            	3.16528621e+02
1255            	3.16527880e+02
1256            	3.16527757e+02
1257            	3.16528571e+02
1258            	3.16530726e+02
1259            	3.16529207e+02
1260            	3.16529555e+02
1261            	3.16530784e+02
1262            	3.16533047e+02
1263            	3.16531491e+02
1264            	3.16531541e+02
1265            	3.16532207e+02
1266            	3.16533068e+02
1267            	3.16533768e+02
1268            	3.16533693e+02
1269            	3.16533748e+02
1270            	3.16533481e+02
1271            	3.16532853e+02
1272            	3.16532250e+02
1273            	3.16528253e+02
1274            	3.16525761e+02
1275            	3.16524464e+02
1276            	3.16520291e+02
1277            	3.16517805e+02
1278            	3.16516901e+02
1279            	3.16512754e+02
1280            	3.16511192e+02
1281            	3.16510178e+02
1282            	3.16510178e+02
1283            	3.16511335e+02
1284            	3.16509027e+02
1285            	3.16508422e+02
1286            	3.16508900e+02
1287            	3.16510098e+02
1288            	3.16508045e+02
1289            	3.16507878e+02
1290            	3.16508552e+02
1291            	3.16508461e+02
1292            	3.16509444e+02
1293            	3.16510260e+02
1294            	3.16510753e+02
1295            	3.16511156e+02
1296            	3.16512094e+02
1297            	3.16511974e+02
1298            	3.16511746e+02
1299            	3.16511669e+02
1300            	3.16511677e+02
1301            	3.16511708e+02
1302            	3.16511760e+02
1303            	3.16511774e+02
1304            	3.16511728e+02
1305            	3.16511575e+02
1306            	3.16511425e+02
1307            	3.16511396e+02
1308            	3.16511608e+02
1309            	3.16512359e+02
1310            	3.16509320e+02
1311            	3.16507893e+02
1312            	3.16507214e+02
1313            	3.16507073e+02
1314            	3.16507294e+02
1315            	3.16507682e+02
1316            	3.16508060e+02
1317            	3.16508400e+02
1318            	3.16508679e+02
1319            	3.16508840e+02
1320            	3.16508889e+02
1321            	3.16509043e+02
1322            	3.16509290e+02
1323            	3.16510869e+02
1324            	3.16512162e+02
1325            	3.16513995e+02
1326            	3.16512559e+02
1327            	3.16512958e+02
1328            	3.16514367e+02
1329            	3.16517046e+02
1330            	3.16516394e+02
1331            	3.16517465e+02
1332            	3.16519090e+02
1333            	3.16520757e+02
1334            	3.16519459e+02
1335            	3.16519695e+02
1336            	3.16520190e+02
1337            	3.16520097e+02
1338            	3.16519708e+02
1339            	3.16519574e+02
1340            	3.16519104e+02
1341            	3.16518583e+02
1342            	3.16518501e+02
1343            	3.16514682e+02
1344            	3.16512302e+02
1345            	3.16510688e+02
1346            	3.16510162e+02
1347            	3.16505961e+02
1348            	3.16503437e+02
1349            	3.16501819e+02
1350            	3.16501038e+02
1351            	3.16497311e+02
1352            	3.16495379e+02
1353            	3.16494486e+02
1354            	3.16494325e+02
1355            	3.16494872e+02
1356            	3.16495271e+02
1357            	3.16496053e+02
1358            	3.16497318e+02
1359            	3.16499253e+02
1360            	3.16498444e+02
1361            	3.16498938e+02
1362            	3.16500175e+02
1363            	3.16502278e+02
1364            	3.16501154e+02
1365            	3.16501773e+02
1366            	3.16503239e+02
1367            	3.16505742e+02
1368            	3.16504899e+02
1369            	3.16505790e+02
1370            	3.16507362e+02
1371            	3.16509598e+02
1372            	3.16508121e+02
1373            	3.16508285e+02
1374            	3.16507711e+02
1375            	3.16508843e+02
1376            	3.16509853e+02
1377            	3.16510739e+02
1378            	3.16508032e+02
1379            	3.16506710e+02
1380            	3.16506203e+02
1381            	3.16502511e+02
1382            	3.16500551e+02
1383            	3.16499540e+02
1384            	3.16499243e+02
1385            	3.16499473e+02
1386            	3.16500031e+02
1387            	3.16500979e+02
1388            	3.16502426e+02
1389            	3.16503881e+02
1390            	3.16505715e+02
1391            	3.16504965e+02
1392            	3.16505696e+02
1393            	3.16507192e+02
1394            	3.16509618e+02
1395            	3.16508778e+02
1396            	3.16509696e+02
1397            	3.16511479e+02
1398            	3.16514598e+02
1399            	3.16513823e+02
1400            	3.16514792e+02
1401            	3.16516580e+02
1402            	3.16515714e+02
1403            	3.16516411e+02
1404            	3.16517864e+02
1405            	3.16519621e+02
1406            	3.16517821e+02
1407            	3.16517427e+02
1408            	3.16516939e+02
1409            	3.16517324e+02
1410            	3.16517585e+02
1411            	3.16517743e+02
1412            	3.16518292e+02
1413            	3.16515270e+02
1414            	3.16513762e+02
1415            	3.16513079e+02
1416            	3.16509541e+02
1417            	3.16507936e+02
1418            	3.16507260e+02
1419            	3.16507482e+02
1420            	3.16504536e+02
1421            	3.16503651e+02
1422            	3.16503687e+02
1423            	3.16504984e+02
1424            	3.16505603e+02
1425            	3.16506679e+02
1426            	3.16505044e+02
1427            	3.16505070e+02
1428            	3.16505944e+02
1429            	3.16507886e+02
1430            	3.16506476e+02
1431            	3.16506896e+02
1432            	3.16507705e+02
1433            	3.16508969e+02
1434            	3.16510346e+02
1435            	3.16510303e+02
1436            	3.16510746e+02
1437            	3.16511459e+02
1438            	3.16512435e+02
1439            	3.16509064e+02
1440            	3.16506945e+02
1441            	3.16505858e+02
1442            	3.16502351e+02
1443            	3.16500985e+02
1444            	3.16500440e+02
1445            	3.16500670e+02
1446            	3.16501173e+02
1447            	3.16501714e+02
1448            	3.16502246e+02
1449            	3.16502853e+02
1450            	3.16503884e+02
1451            	3.16505248e+02
1452            	3.16506810e+02
1453            	3.16508531e+02
1454            	3.16510466e+02
1455            	3.16512919e+02
1456            	3.16515427e+02
1457            	3.16514755e+02
1458            	3.16515720e+02
1459            	3.16517598e+02
1460            	3.16516812e+02
1461            	3.16517796e+02
1462            	3.16519687e+02
1463            	3.16518709e+02
1464            	3.16519341e+02
1465            	3.16520724e+02
1466            	3.16519350e+02
1467            	3.16519600e+02
1468            	3.16520471e+02
1469            	3.16521918e+02
1470            	3.16519925e+02
1471            	3.16519336e+02
1472            	3.16519164e+02
1473            	3.16519134e+02
1474            	3.16519160e+02
1475            	3.16519209e+02
1476            	3.16519258e+02
1477            	3.16519444e+02
1478            	3.16519050e+02
1479            	3.16518704e+02
1480            	3.16518431e+02
1481            	3.16518052e+02
1482            	3.16517389e+02
1483            	3.16516513e+02
1484            	3.16515575e+02
1485            	3.16514618e+02
1486            	3.16513755e+02
1487            	3.16513210e+02
1488            	3.16509427e+02
1489            	3.16507275e+02
1490            	3.16505858e+02
1491            	3.16505035e+02
1492            	3.16504947e+02
1493            	3.16501375e+02
1494            	3.16499734e+02
1495            	3.16498999e+02
1496            	3.16498979e+02
1497            	3.16499397e+02
1498            	3.16500038e+02
1499            	3.16500841e+02
1500            	3.16501708e+02
1501            	3.16502609e+02
1502            	3.16503569e+02
1503            	3.16504591e+02
1504            	3.16503847e+02
1505            	3.16503709e+02
1506            	3.16504396e+02
1507            	3.16505970e+02
1508            	3.16504412e+02
1509            	3.16504571e+02
1510            	3.16505456e+02
1511            	3.16506962e+02
1512            	3.16505209e+02
1513            	3.16505082e+02
1514            	3.16505617e+02
1515            	3.16506535e+02
1516            	3.16506958e+02
1517            	3.16507345e+02
1518            	3.16507984e+02
1519            	3.16508536e+02
1520            	3.16509190e+02
1521            	3.16505841e+02
1522            	3.16504101e+02
1523            	3.16503319e+02
1524            	3.16503378e+02
1525            	3.16500184e+02
1526            	3.16498681e+02
1527            	3.16497922e+02
1528            	3.16497741e+02
1529            	3.16497913e+02
1530            	3.16498279e+02
1531            	3.16498739e+02
1532            	3.16499251e+02
1533            	3.16499843e+02
1534            	3.16500581e+02
1535            	3.16501614e+02
1536            	3.16503125e+02
1537            	3.16505506e+02
1538            	3.16504408e+02
1539            	3.16505164e+02
1540            	3.16506977e+02
1541            	3.16506468e+02
1542            	3.16507911e+02
1543            	3.16510427e+02
1544            	3.16510262e+02
1545            	3.16511960e+02
1546            	3.16514508e+02
1547            	3.16514210e+02
1548            	3.16515587e+02
1549            	3.16517618e+02
1550            	3.16516700e+02
1551            	3.16517466e+02
1552            	3.16518828e+02
1553            	3.16520672e+02
1554            	3.16522894e+02
1555            	3.16524752e+02
1556            	3.16525985e+02
1557            	3.16526753e+02
1558            	3.16527162e+02
1559            	3.16527318e+02
1560            	3.16527319e+02
1561            	3.16527294e+02
1562            	3.16527109e+02
1563            	3.16527062e+02
1564            	3.16527220e+02
1565            	3.16527576e+02
1566            	3.16528192e+02
1567            	3.16524854e+02
1568            	3.16523035e+02
1569            	3.16521866e+02
1570            	3.16521210e+02
1571            	3.16521052e+02
1572            	3.16517791e+02
1573            	3.16516359e+02
1574            	3.16515636e+02
1575            	3.16515381e+02
1576            	3.16515453e+02
1577            	3.16515714e+02
1578            	3.16516031e+02
1579            	3.16516333e+02
1580            	3.16516591e+02
1581            	3.16516777e+02
1582            	3.16517035e+02
1583            	3.16517371e+02
1584            	3.16517819e+02
1585            	3.16518460e+02
1586            	3.16519359e+02
1587            	3.16520277e+02
1588            	3.16521206e+02
1589            	3.16522296e+02
1590            	3.16523632e+02
1591            	3.16525329e+02
1592            	3.16523580e+02
1593            	3.16523461e+02
1594            	3.16523994e+02
1595            	3.16525021e+02
1596            	3.16526493e+02
1597            	3.16528510e+02
1598            	3.16526831e+02
1599            	3.16526708e+02
1600            	3.16527126e+02
1601            	3.16527708e+02
1602            	3.16528485e+02
1603            	3.16529220e+02
1604            	3.16529769e+02
1605            	3.16530176e+02
1606            	3.16530376e+02
1607            	3.16530686e+02
1608            	3.16530976e+02
1609            	3.16531232e+02
1610            	3.16531511e+02
1611            	3.16531841e+02
1612            	3.16532196e+02
1613            	3.16532599e+02
1614            	3.16533059e+02
1615            	3.16533540e+02
1616            	3.16534006e+02
1617            	3.16534428e+02
1618            	3.16534793e+02
1619            	3.16535172e+02
1620            	3.16535695e+02
1621            	3.16536025e+02
1622            	3.16536370e+02
1623            	3.16536750e+02
1624            	3.16537136e+02
1625            	3.16537495e+02
1626            	3.16537848e+02
1627            	3.16537949e+02
1628            	3.16537915e+02
1629            	3.16537771e+02
1630            	3.16537502e+02
1631            	3.16537163e+02
1632            	3.16536767e+02
1633            	3.16536343e+02
1634            	3.16535889e+02
1635            	3.16535531e+02
1636            	3.16535342e+02
1637            	3.16535114e+02
1638            	3.16534942e+02
1639            	3.16535176e+02
1640            	3.16531994e+02
1641            	3.16530671e+02
1642            	3.16530097e+02
1643            	3.16530153e+02
1644            	3.16530519e+02
1645            	3.16530847e+02
1646            	3.16530951e+02
1647            	3.16531068e+02
1648            	3.16531129e+02
1649            	3.16531128e+02
1650            	3.16531175e+02
1651            	3.16531328e+02
1652            	3.16531545e+02
1653            	3.16531779e+02
1654            	3.16532083e+02
1655            	3.16532538e+02
1656            	3.16533127e+02
1657            	3.16533756e+02
1658            	3.16534441e+02
1659            	3.16535203e+02
1660            	3.16535976e+02
1661            	3.16536668e+02
1662            	3.16537228e+02
1663            	3.16537011e+02
1664            	3.16536969e+02
1665            	3.16536757e+02
1666            	3.16536424e+02
1667            	3.16536044e+02
1668            	3.16535576e+02
1669            	3.16535164e+02
1670            	3.16534874e+02
1671            	3.16534666e+02
1672            	3.16534554e+02
1673            	3.16534574e+02
1674            	3.16534693e+02
1675            	3.16534863e+02
1676            	3.16535047e+02
1677            	3.16535183e+02
1678            	3.16535234e+02
1679            	3.16535129e+02
1680            	3.16534854e+02
1681            	3.16534885e+02
1682            	3.16534853e+02
1683            	3.16534724e+02
1684            	3.16534600e+02
1685            	3.16534491e+02
1686            	3.16534374e+02
1687            	3.16534251e+02
1688            	3.16534132e+02
1689            	3.16534579e+02
1690            	3.16535363e+02
1691            	3.16536715e+02
1692            	3.16534790e+02
1693            	3.16534567e+02
1694            	3.16535292e+02
1695            	3.16537062e+02
1696            	3.16535610e+02
1697            	3.16535999e+02
1698            	3.16537213e+02
1699            	3.16539214e+02
1700            	3.16537801e+02
1701            	3.16537843e+02
1702            	3.16538195e+02
1703            	3.16538697e+02
1704            	3.16539187e+02
1705            	3.16539674e+02
1706            	3.16539513e+02
1707            	3.16539792e+02
1708            	3.16540081e+02
1709            	3.16540421e+02
1710            	3.16541113e+02
1711            	3.16538121e+02
1712            	3.16536575e+02
1713            	3.16535724e+02
1714            	3.16535274e+02
1715            	3.16535237e+02
1716            	3.16535655e+02
1717            	3.16532058e+02
1718            	3.16530085e+02
1719            	3.16529100e+02
1720            	3.16528350e+02
1721            	3.16528038e+02
1722            	3.16528223e+02
1723            	3.16528792e+02
1724            	3.16529628e+02
1725            	3.16530640e+02
1726            	3.16531928e+02
1727            	3.16533814e+02
1728            	3.16532030e+02
1729            	3.16531867e+02
1730            	3.16532393e+02
1731            	3.16533516e+02
1732            	3.16535342e+02
1733            	3.16533723e+02
1734            	3.16533714e+02
1735            	3.16534284e+02
1736            	3.16535256e+02
1737            	3.16536460e+02
1738            	3.16537654e+02
1739            	3.16538357e+02
1740            	3.16538453e+02
1741            	3.16538276e+02
1742            	3.16537865e+02
1743            	3.16537301e+02
1744            	3.16536642e+02
1745            	3.16535977e+02
1746            	3.16535346e+02
1747            	3.16534794e+02
1748            	3.16534484e+02
1749            	3.16534688e+02
1750            	3.16534823e+02
1751            	3.16531243e+02
1752            	3.16529169e+02
1753            	3.16527772e+02
1754            	3.16526889e+02
1755            	3.16526393e+02
1756            	3.16526095e+02
1757            	3.16525873e+02
1758            	3.16525690e+02
1759            	3.16525572e+02
1760            	3.16525582e+02
1761            	3.16525803e+02
1762            	3.16526489e+02
1763            	3.16524526e+02
1764            	3.16524019e+02
1765            	3.16524365e+02
1766            	3.16525621e+02
1767            	3.16523782e+02
1768            	3.16523781e+02
1769            	3.16524699e+02
1770            	3.16526922e+02
1771            	3.16525241e+02
1772            	3.16525300e+02
1773            	3.16526121e+02
1774            	3.16527665e+02
1775            	3.16525879e+02
1776            	3.16525639e+02
1777            	3.16525755e+02
1778            	3.16526089e+02
1779            	3.16526463e+02
1780            	3.16526180e+02
1781            	3.16526285e+02
1782            	3.16526330e+02
1783            	3.16526198e+02
1784            	3.16525962e+02
1785            	3.16525695e+02
1786            	3.16525469e+02
1787            	3.16525656e+02
1788            	3.16525938e+02
1789            	3.16526170e+02
1790            	3.16526343e+02
1791            	3.16526391e+02
1792            	3.16526153e+02
1793            	3.16525840e+02
1794            	3.16525519e+02
1795            	3.16525319e+02
1796            	3.16525297e+02
1797            	3.16525544e+02
1798            	3.16526095e+02
1799            	3.16526992e+02
1800            	3.16528310e+02
1801            	3.16530298e+02
1802            	3.16528483e+02
1803            	3.16528294e+02
1804            	3.16528774e+02
1805            	3.16529818e+02
1806            	3.16531466e+02
1807            	3.16529804e+02
1808            	3.16529713e+02
1809            	3.16530301e+02
1810            	3.16531167e+02
1811            	3.16532035e+02
1812            	3.16532865e+02
1813            	3.16533576e+02
1814            	3.16534143e+02
1815            	3.16534115e+02
1816            	3.16534192e+02
1817            	3.16534250e+02
1818            	3.16534037e+02
1819            	3.16533875e+02
1820            	3.16533878e+02
1821            	3.16533770e+02
1822            	3.16533524e+02
1823            	3.16533198e+02
1824            	3.16532918e+02
1825            	3.16532763e+02
1826            	3.16532768e+02
1827            	3.16532951e+02
1828            	3.16533055e+02
1829            	3.16533359e+02
1830            	3.16534021e+02
1831            	3.16535080e+02
1832            	3.16536653e+02
1833            	3.16539179e+02
1834            	3.16537953e+02
1835            	3.16538508e+02
1836            	3.16539964e+02
1837            	3.16542783e+02
1838            	3.16541753e+02
1839            	3.16542528e+02
1840            	3.16544194e+02
1841            	3.16543169e+02
1842            	3.16543883e+02
1843            	3.16545400e+02
1844            	3.16546726e+02
1845            	3.16548903e+02
1846            	3.16551440e+02
1847            	3.16553051e+02
1848            	3.16554493e+02
1849            	3.16555797e+02
1850            	3.16556591e+02
1851            	3.16556995e+02
1852            	3.16557132e+02
1853            	3.16557122e+02
1854            	3.16557123e+02
1855            	3.16556992e+02
1856            	3.16556603e+02
1857            	3.16555981e+02
1858            	3.16555410e+02
1859            	3.16554625e+02
1860            	3.16553850e+02
1861            	3.16553204e+02
1862            	3.16552615e+02
1863            	3.16551985e+02
1864            	3.16551327e+02
1865            	3.16550717e+02
1866            	3.16550150e+02
1867            	3.16549640e+02
1868            	3.16549207e+02
1869            	3.16548875e+02
1870            	3.16548679e+02
1871            	3.16548673e+02
1872            	3.16548974e+02
1873            	3.16549867e+02
1874            	3.16547866e+02
1875            	3.16547168e+02
1876            	3.16547329e+02
1877            	3.16548450e+02
1878            	3.16546374e+02
1879            	3.16546089e+02
1880            	3.16546654e+02
1881            	3.16548342e+02
1882            	3.16546281e+02
1883            	3.16545890e+02
1884            	3.16546164e+02
1885            	3.16546939e+02
1886            	3.16548016e+02
1887            	3.16548632e+02
1888            	3.16549111e+02
1889            	3.16549078e+02
1890            	3.16548509e+02
1891            	3.16548415e+02
1892            	3.16548252e+02
1893            	3.16547924e+02
1894            	3.16547545e+02
1895            	3.16547344e+02
1896            	3.16547580e+02
1897            	3.16547681e+02
1898            	3.16547754e+02
1899            	3.16547564e+02
1900            	3.16547188e+02
1901            	3.16546752e+02
1902            	3.16546617e+02
1903            	3.16546258e+02
1904            	3.16546128e+02
1905            	3.16546264e+02
1906            	3.16546771e+02
1907            	3.16547794e+02
1908            	3.16545468e+02
1909            	3.16544795e+02
1910            	3.16544825e+02
1911            	3.16545403e+02
1912            	3.16546519e+02
1913            	3.16544475e+02
1914            	3.16544073e+02
1915            	3.16544105e+02
1916            	3.16544591e+02
1917            	3.16545152e+02
1918            	3.16545558e+02
1919            	3.16545763e+02
1920            	3.16545764e+02
1921            	3.16545710e+02
1922            	3.16545698e+02
1923            	3.16545646e+02
1924            	3.16545518e+02
1925            	3.16545408e+02
1926            	3.16545346e+02
1927            	3.16545338e+02
1928            	3.16545551e+02
1929            	3.16545796e+02
1930            	3.16545974e+02
1931            	3.16546055e+02
1932            	3.16546047e+02
1933            	3.16545357e+02
1934            	3.16544957e+02
1935            	3.16544690e+02
1936            	3.16544502e+02
1937            	3.16544611e+02
1938            	3.16545077e+02
1939            	3.16545826e+02
1940            	3.16546789e+02
1941            	3.16548095e+02
1942            	3.16549960e+02
1943            	3.16548885e+02
1944            	3.16549546e+02
1945            	3.16551016e+02
1946            	3.16553469e+02
1947            	3.16552525e+02
1948            	3.16553366e+02
1949            	3.16555088e+02
1950            	3.16554304e+02
1951            	3.16555315e+02
1952            	3.16557191e+02
1953            	3.16556433e+02
1954            	3.16557353e+02
1955            	3.16558982e+02
1956            	3.16561675e+02
1957            	3.16560353e+02
1958            	3.16560516e+02
1959            	3.16561195e+02
1960            	3.16562208e+02
1961            	3.16563368e+02
1962            	3.16564431e+02
1963            	3.16565203e+02
1964            	3.16565663e+02
1965            	3.16565844e+02
1966            	3.16565823e+02
1967            	3.16565653e+02
1968            	3.16565390e+02
1969            	3.16565052e+02
1970            	3.16564674e+02
1971            	3.16564276e+02
1972            	3.16563860e+02
1973            	3.16563411e+02
1974            	3.16562937e+02
1975            	3.16562459e+02
1976            	3.16561968e+02
1977            	3.16561456e+02
1978            	3.16560915e+02
1979            	3.16560343e+02
1980            	3.16559738e+02
1981            	3.16559105e+02
1982            	3.16558476e+02
1983            	3.16557905e+02
1984            	3.16557384e+02
1985            	3.16556836e+02
1986            	3.16556267e+02
1987            	3.16555718e+02
1988            	3.16555207e+02
1989            	3.16554727e+02
1990            	3.16554288e+02
1991            	3.16553884e+02
1992            	3.16553512e+02
1993            	3.16553170e+02
1994            	3.16552789e+02
1995            	3.16552391e+02
1996            	3.16551977e+02
1997            	3.16551536e+02
1998            	3.16551075e+02
1999            	3.16550591e+02
2000            	3.16550086e+02
