# Region        : cellZone component_0
# Cells         : 216
# Volume        : 4.42702848e-01
# Time          	volAverage(T)
1               	3.00534953e+02
2               	3.01066082e+02
3               	3.01576634e+02
4               	3.02074953e+02
5               	3.02565958e+02
6               	3.03051495e+02
7               	3.03532800e+02
8               	3.04011416e+02
9               	3.04489319e+02
10              	3.04966064e+02
11              	3.05440068e+02
12              	3.05911032e+02
13              	3.06378243e+02
14              	3.06843002e+02
15              	3.07305203e+02
16              	3.07765884e+02
17              	3.08226914e+02
18              	3.08688236e+02
19              	3.09146732e+02
20              	3.09602313e+02
21              	3.10059005e+02
22              	3.10513314e+02
23              	3.10963940e+02
24              	3.11411391e+02
25              	3.11855008e+02
26              	3.12294004e+02
27              	3.12728927e+02
28              	3.13161825e+02
29              	3.13588058e+02
30              	3.14007553e+02
31              	3.14426035e+02
32              	3.14840701e+02
33              	3.15239511e+02
34              	3.15627751e+02
35              	3.16006965e+02
36              	3.16384830e+02
37              	3.16762103e+02
38              	3.17146292e+02
39              	3.17527866e+02
40              	3.17912248e+02
41              	3.18296302e+02
42              	3.18678192e+02
43              	3.19058840e+02
44              	3.19437591e+02
45              	3.19814411e+02
46              	3.20189514e+02
47              	3.20564302e+02
48              	3.20935995e+02
49              	3.21297186e+02
50              	3.21654767e+02
51              	3.22011207e+02
52              	3.22360783e+02
53              	3.22711724e+02
54              	3.23064474e+02
55              	3.23417137e+02
56              	3.23766111e+02
57              	3.24107696e+02
58              	3.24446113e+02
59              	3.24779617e+02
60              	3.25108715e+02
61              	3.25433445e+02
62              	3.25755598e+02
63              	3.26075487e+02
64              	3.26392895e+02
65              	3.26707006e+02
66              	3.27018118e+02
67              	3.27327126e+02
68              	3.27634768e+02
69              	3.27940734e+02
70              	3.28240773e+02
71              	3.28538994e+02
72              	3.28839654e+02
73              	3.29138526e+02
74              	3.29438969e+02
75              	3.29738771e+02
76              	3.30035552e+02
77              	3.30328036e+02
78              	3.30616226e+02
79              	3.30901091e+02
80              	3.31182208e+02
81              	3.31459695e+02
82              	3.31733609e+02
83              	3.32003359e+02
84              	3.32269314e+02
85              	3.32530514e+02
86              	3.32787968e+02
87              	3.33042356e+02
88              	3.33291894e+02
89              	3.33536213e+02
90              	3.33774979e+02
91              	3.34010461e+02
92              	3.34240528e+02
93              	3.34464120e+02
94              	3.34684699e+02
95              	3.34900509e+02
96              	3.35111856e+02
97              	3.35321621e+02
98              	3.35529883e+02
99              	3.35736542e+02
100             	3.35941649e+02
101             	3.36144936e+02
102             	3.36346749e+02
103             	3.36546706e+02
104             	3.36745625e+02
105             	3.36943066e+02
106             	3.37139078e+02
107             	3.37333488e+02
108             	3.37526072e+02
109             	3.37717237e+02
110             	3.37906878e+02
111             	3.38095079e+02
112             	3.38281948e+02
113             	3.38467661e+02
114             	3.38652268e+02
115             	3.38835870e+02
116             	3.39018401e+02
117             	3.39200070e+02
118             	3.39380533e+02
119             	3.39559722e+02
120             	3.39743488e+02
121             	3.39925525e+02
122             	3.40105399e+02
123             	3.40283073e+02
124             	3.40455108e+02
125             	3.40624131e+02
126             	3.40791500e+02
127             	3.40957888e+02
128             	3.41123817e+02
129             	3.41290617e+02
130             	3.41456048e+02
131             	3.41618463e+02
132             	3.41776802e+02
133             	3.41932079e+02
134             	3.42085901e+02
135             	3.42237389e+02
136             	3.42386139e+02
137             	3.42532802e+02
138             	3.42678332e+02
139             	3.42823316e+02
140             	3.42967266e+02
141             	3.43111606e+02
142             	3.43256029e+02
143             	3.43398966e+02
144             	3.43540198e+02
145             	3.43679733e+02
146             	3.43816909e+02
147             	3.43951667e+02
148             	3.44083352e+02
149             	3.44212718e+02
150             	3.44340736e+02
151             	3.44467916e+02
152             	3.44594000e+02
153             	3.44720015e+02
154             	3.44845382e+02
155             	3.44969433e+02
156             	3.45092150e+02
157             	3.45213945e+02
158             	3.45333955e+02
159             	3.45452968e+02
160             	3.45570847e+02
161             	3.45685615e+02
162             	3.45799109e+02
163             	3.45910716e+02
164             	3.46020486e+02
165             	3.46128834e+02
166             	3.46234734e+02
167             	3.46338794e+02
168             	3.46441037e+02
169             	3.46541332e+02
170             	3.46639979e+02
171             	3.46737935e+02
172             	3.46834666e+02
173             	3.46931772e+02
174             	3.47029788e+02
175             	3.47127167e+02
176             	3.47224518e+02
177             	3.47319332e+02
178             	3.47412935e+02
179             	3.47505011e+02
180             	3.47595423e+02
181             	3.47683493e+02
182             	3.47769627e+02
183             	3.47854451e+02
184             	3.47938195e+02
185             	3.48020754e+02
186             	3.48103253e+02
187             	3.48183342e+02
188             	3.48264193e+02
189             	3.48344446e+02
190             	3.48423464e+02
191             	3.48501266e+02
192             	3.48577504e+02
193             	3.48652205e+02
194             	3.48725583e+02
195             	3.48797685e+02
196             	3.48868665e+02
197             	3.48938640e+02
198             	3.49008033e+02
199             	3.49077183e+02
200             	3.49146639e+02
201             	3.49216039e+02
202             	3.49285182e+02
203             	3.49354002e+02
204             	3.49421713e+02
205             	3.49488440e+02
206             	3.49553994e+02
207             	3.49617674e+02
208             	3.49680122e+02
209             	3.49742309e+02
210             	3.49804092e+02
211             	3.49865432e+02
212             	3.49926315e+02
213             	3.49986737e+02
214             	3.50046573e+02
215             	3.50105887e+02
216             	3.50164677e+02
217             	3.50222944e+02
218             	3.50280752e+02
219             	3.50338071e+02
220             	3.50394967e+02
221             	3.50451433e+02
222             	3.50507479e+02
223             	3.50563097e+02
224             	3.50618113e+02
225             	3.50670519e+02
226             	3.50721568e+02
227             	3.50771916e+02
228             	3.50821788e+02
229             	3.50871500e+02
230             	3.50921060e+02
231             	3.50970729e+02
232             	3.51019477e+02
233             	3.51068147e+02
234             	3.51117044e+02
235             	3.51165489e+02
236             	3.51213352e+02
237             	3.51259720e+02
238             	3.51305373e+02
239             	3.51350604e+02
240             	3.51395095e+02
241             	3.51437663e+02
242             	3.51479745e+02
243             	3.51521319e+02
244             	3.51562236e+02
245             	3.51602752e+02
246             	3.51643107e+02
247             	3.51683512e+02
248             	3.51724270e+02
249             	3.51765671e+02
250             	3.51807073e+02
251             	3.51848384e+02
252             	3.51889685e+02
253             	3.51930676e+02
254             	3.51971059e+02
255             	3.52009202e+02
256             	3.52046962e+02
257             	3.52083821e+02
258             	3.52119868e+02
259             	3.52155662e+02
260             	3.52191161e+02
261             	3.52225478e+02
262             	3.52259965e+02
263             	3.52294101e+02
264             	3.52328412e+02
265             	3.52362046e+02
266             	3.52395760e+02
267             	3.52429809e+02
268             	3.52463709e+02
269             	3.52497264e+02
270             	3.52530540e+02
271             	3.52563472e+02
272             	3.52595815e+02
273             	3.52627741e+02
274             	3.52659127e+02
275             	3.52689539e+02
276             	3.52719941e+02
277             	3.52750028e+02
278             	3.52779536e+02
279             	3.52808762e+02
280             	3.52837677e+02
281             	3.52866298e+02
282             	3.52894720e+02
283             	3.52922984e+02
284             	3.52951365e+02
285             	3.52979828e+02
286             	3.53008065e+02
287             	3.53035900e+02
288             	3.53063659e+02
289             	3.53091382e+02
290             	3.53118898e+02
291             	3.53146135e+02
292             	3.53173074e+02
293             	3.53199719e+02
294             	3.53226075e+02
295             	3.53252198e+02
296             	3.53277948e+02
297             	3.53303380e+02
298             	3.53328374e+02
299             	3.53353084e+02
300             	3.53377651e+02
301             	3.53401979e+02
302             	3.53426102e+02
303             	3.53450144e+02
304             	3.53474056e+02
305             	3.53497939e+02
306             	3.53521646e+02
307             	3.53545157e+02
308             	3.53568370e+02
309             	3.53591422e+02
310             	3.53614242e+02
311             	3.53636844e+02
312             	3.53659214e+02
313             	3.53681098e+02
314             	3.53702741e+02
315             	3.53724217e+02
316             	3.53745442e+02
317             	3.53766396e+02
318             	3.53787114e+02
319             	3.53807664e+02
320             	3.53828294e+02
321             	3.53849050e+02
322             	3.53869845e+02
323             	3.53890505e+02
324             	3.53911098e+02
325             	3.53931506e+02
326             	3.53951551e+02
327             	3.53971370e+02
328             	3.53990977e+02
329             	3.54010197e+02
330             	3.54029265e+02
331             	3.54048075e+02
332             	3.54066670e+02
333             	3.54085161e+02
334             	3.54103670e+02
335             	3.54122090e+02
336             	3.54140503e+02
337             	3.54158833e+02
338             	3.54177023e+02
339             	3.54195093e+02
340             	3.54213061e+02
341             	3.54230874e+02
342             	3.54248495e+02
343             	3.54265916e+02
344             	3.54283129e+02
345             	3.54300101e+02
346             	3.54316841e+02
347             	3.54333437e+02
348             	3.54349866e+02
349             	3.54366156e+02
350             	3.54382327e+02
351             	3.54398345e+02
352             	3.54414294e+02
353             	3.54430154e+02
354             	3.54445908e+02
355             	3.54461581e+02
356             	3.54477127e+02
357             	3.54492562e+02
358             	3.54507947e+02
359             	3.54523184e+02
360             	3.54538307e+02
361             	3.54553312e+02
362             	3.54568225e+02
363             	3.54583026e+02
364             	3.54597696e+02
365             	3.54612224e+02
366             	3.54626594e+02
367             	3.54640794e+02
368             	3.54654819e+02
369             	3.54668648e+02
370             	3.54682325e+02
371             	3.54695893e+02
372             	3.54709334e+02
373             	3.54722679e+02
374             	3.54735974e+02
375             	3.54749200e+02
376             	3.54762333e+02
377             	3.54775380e+02
378             	3.54788326e+02
379             	3.54801152e+02
380             	3.54813858e+02
381             	3.54826433e+02
382             	3.54838875e+02
383             	3.54851230e+02
384             	3.54863544e+02
385             	3.54875738e+02
386             	3.54887796e+02
387             	3.54899764e+02
388             	3.54911633e+02
389             	3.54923435e+02
390             	3.54935126e+02
391             	3.54946639e+02
392             	3.54958008e+02
393             	3.54969337e+02
394             	3.54980594e+02
395             	3.54991767e+02
396             	3.55002892e+02
397             	3.55013863e+02
398             	3.55024735e+02
399             	3.55035519e+02
400             	3.55046204e+02
401             	3.55056866e+02
402             	3.55067447e+02
403             	3.55077948e+02
404             	3.55088379e+02
405             	3.55098731e+02
406             	3.55109002e+02
407             	3.55119189e+02
408             	3.55129221e+02
409             	3.55139089e+02
410             	3.55148846e+02
411             	3.55158481e+02
412             	3.55167972e+02
413             	3.55177374e+02
414             	3.55186713e+02
415             	3.55195987e+02
416             	3.55205186e+02
417             	3.55214307e+02
418             	3.55223363e+02
419             	3.55232358e+02
420             	3.55241293e+02
421             	3.55250160e+02
422             	3.55258953e+02
423             	3.55267698e+02
424             	3.55276381e+02
425             	3.55285004e+02
426             	3.55293556e+02
427             	3.55302035e+02
428             	3.55310445e+02
429             	3.55318768e+02
430             	3.55327034e+02
431             	3.55335219e+02
432             	3.55343327e+02
433             	3.55351360e+02
434             	3.55359320e+02
435             	3.55367218e+02
436             	3.55375049e+02
437             	3.55382808e+02
438             	3.55390475e+02
439             	3.55398068e+02
440             	3.55405583e+02
441             	3.55413017e+02
442             	3.55420375e+02
443             	3.55427663e+02
444             	3.55434894e+02
445             	3.55442064e+02
446             	3.55449179e+02
447             	3.55456265e+02
448             	3.55463283e+02
449             	3.55470242e+02
450             	3.55477142e+02
451             	3.55483978e+02
452             	3.55490720e+02
453             	3.55497403e+02
454             	3.55504017e+02
455             	3.55510549e+02
456             	3.55516993e+02
457             	3.55523382e+02
458             	3.55529710e+02
459             	3.55535979e+02
460             	3.55542196e+02
461             	3.55548370e+02
462             	3.55554502e+02
463             	3.55560619e+02
464             	3.55566685e+02
465             	3.55572707e+02
466             	3.55578687e+02
467             	3.55584632e+02
468             	3.55590518e+02
469             	3.55596350e+02
470             	3.55602111e+02
471             	3.55607797e+02
472             	3.55613425e+02
473             	3.55619000e+02
474             	3.55624512e+02
475             	3.55629971e+02
476             	3.55635391e+02
477             	3.55640773e+02
478             	3.55646118e+02
479             	3.55651419e+02
480             	3.55656659e+02
481             	3.55661846e+02
482             	3.55666997e+02
483             	3.55672102e+02
484             	3.55677166e+02
485             	3.55682172e+02
486             	3.55687134e+02
487             	3.55692041e+02
488             	3.55696901e+02
489             	3.55701712e+02
490             	3.55706459e+02
491             	3.55711149e+02
492             	3.55715812e+02
493             	3.55720435e+02
494             	3.55725020e+02
495             	3.55729573e+02
496             	3.55734095e+02
497             	3.55738587e+02
498             	3.55743049e+02
499             	3.55747489e+02
500             	3.55751892e+02
501             	3.55756248e+02
502             	3.55760556e+02
503             	3.55764817e+02
504             	3.55769033e+02
505             	3.55773203e+02
506             	3.55777328e+02
507             	3.55781407e+02
508             	3.55785456e+02
509             	3.55789467e+02
510             	3.55793445e+02
511             	3.55797392e+02
512             	3.55801307e+02
513             	3.55805191e+02
514             	3.55809044e+02
515             	3.55812865e+02
516             	3.55816652e+02
517             	3.55820398e+02
518             	3.55824115e+02
519             	3.55827797e+02
520             	3.55831446e+02
521             	3.55835059e+02
522             	3.55838642e+02
523             	3.55842196e+02
524             	3.55845714e+02
525             	3.55849201e+02
526             	3.55852649e+02
527             	3.55856075e+02
528             	3.55859466e+02
529             	3.55862828e+02
530             	3.55866158e+02
531             	3.55869454e+02
532             	3.55872718e+02
533             	3.55875951e+02
534             	3.55879159e+02
535             	3.55882330e+02
536             	3.55885469e+02
537             	3.55888584e+02
538             	3.55891673e+02
539             	3.55894737e+02
540             	3.55897772e+02
541             	3.55900786e+02
542             	3.55903779e+02
543             	3.55906750e+02
544             	3.55909690e+02
545             	3.55912603e+02
546             	3.55915491e+02
547             	3.55918354e+02
548             	3.55921187e+02
549             	3.55923993e+02
550             	3.55926772e+02
551             	3.55929519e+02
552             	3.55932241e+02
553             	3.55934939e+02
554             	3.55937612e+02
555             	3.55940259e+02
556             	3.55942882e+02
557             	3.55945482e+02
558             	3.55948060e+02
559             	3.55950617e+02
560             	3.55953152e+02
561             	3.55955666e+02
562             	3.55958157e+02
563             	3.55960629e+02
564             	3.55963079e+02
565             	3.55965508e+02
566             	3.55967916e+02
567             	3.55970303e+02
568             	3.55972671e+02
569             	3.55975020e+02
570             	3.55977349e+02
571             	3.55979659e+02
572             	3.55981952e+02
573             	3.55984225e+02
574             	3.55986476e+02
575             	3.55988706e+02
576             	3.55990922e+02
577             	3.55993114e+02
578             	3.55995283e+02
579             	3.55997433e+02
580             	3.55999566e+02
581             	3.56001684e+02
582             	3.56003782e+02
583             	3.56005863e+02
584             	3.56007927e+02
585             	3.56009972e+02
586             	3.56011997e+02
587             	3.56013994e+02
588             	3.56015976e+02
589             	3.56017939e+02
590             	3.56019881e+02
591             	3.56021805e+02
592             	3.56023710e+02
593             	3.56025602e+02
594             	3.56027483e+02
595             	3.56029345e+02
596             	3.56031192e+02
597             	3.56033025e+02
598             	3.56034847e+02
599             	3.56036656e+02
600             	3.56038448e+02
601             	3.56040223e+02
602             	3.56041981e+02
603             	3.56043724e+02
604             	3.56045449e+02
605             	3.56047162e+02
606             	3.56048855e+02
607             	3.56050536e+02
608             	3.56052201e+02
609             	3.56053853e+02
610             	3.56055489e+02
611             	3.56057115e+02
612             	3.56058723e+02
613             	3.56060320e+02
614             	3.56061899e+02
615             	3.56063465e+02
616             	3.56065018e+02
617             	3.56066553e+02
618             	3.56068075e+02
619             	3.56069587e+02
620             	3.56071084e+02
621             	3.56072573e+02
622             	3.56074047e+02
623             	3.56075512e+02
624             	3.56076966e+02
625             	3.56078408e+02
626             	3.56079839e+02
627             	3.56081258e+02
628             	3.56082664e+02
629             	3.56084057e+02
630             	3.56085435e+02
631             	3.56086791e+02
632             	3.56088139e+02
633             	3.56089475e+02
634             	3.56090798e+02
635             	3.56092110e+02
636             	3.56093408e+02
637             	3.56094696e+02
638             	3.56095974e+02
639             	3.56097244e+02
640             	3.56098505e+02
641             	3.56099757e+02
642             	3.56101001e+02
643             	3.56102234e+02
644             	3.56103458e+02
645             	3.56104673e+02
646             	3.56105878e+02
647             	3.56107073e+02
648             	3.56108258e+02
649             	3.56109432e+02
650             	3.56110593e+02
651             	3.56111744e+02
652             	3.56112888e+02
653             	3.56114020e+02
654             	3.56115141e+02
655             	3.56116253e+02
656             	3.56117358e+02
657             	3.56118453e+02
658             	3.56119536e+02
659             	3.56120607e+02
660             	3.56121672e+02
661             	3.56122727e+02
662             	3.56123770e+02
663             	3.56124802e+02
664             	3.56125827e+02
665             	3.56126846e+02
666             	3.56127856e+02
667             	3.56128861e+02
668             	3.56129856e+02
669             	3.56130850e+02
670             	3.56131836e+02
671             	3.56132814e+02
672             	3.56133783e+02
673             	3.56134743e+02
674             	3.56135697e+02
675             	3.56136643e+02
676             	3.56137579e+02
677             	3.56138507e+02
678             	3.56139425e+02
679             	3.56140334e+02
680             	3.56141235e+02
681             	3.56142128e+02
682             	3.56143014e+02
683             	3.56143889e+02
684             	3.56144756e+02
685             	3.56145616e+02
686             	3.56146468e+02
687             	3.56147312e+02
688             	3.56148150e+02
689             	3.56148984e+02
690             	3.56149812e+02
691             	3.56150636e+02
692             	3.56151456e+02
693             	3.56152271e+02
694             	3.56153080e+02
695             	3.56153883e+02
696             	3.56154677e+02
697             	3.56155464e+02
698             	3.56156245e+02
699             	3.56157018e+02
700             	3.56157783e+02
701             	3.56158542e+02
702             	3.56159295e+02
703             	3.56160043e+02
704             	3.56160784e+02
705             	3.56161520e+02
706             	3.56162249e+02
707             	3.56162972e+02
708             	3.56163688e+02
709             	3.56164399e+02
710             	3.56165103e+02
711             	3.56165802e+02
712             	3.56166494e+02
713             	3.56167180e+02
714             	3.56167861e+02
715             	3.56168536e+02
716             	3.56169205e+02
717             	3.56169868e+02
718             	3.56170526e+02
719             	3.56171180e+02
720             	3.56171828e+02
721             	3.56172471e+02
722             	3.56173110e+02
723             	3.56173744e+02
724             	3.56174372e+02
725             	3.56174994e+02
726             	3.56175611e+02
727             	3.56176223e+02
728             	3.56176830e+02
729             	3.56177433e+02
730             	3.56178031e+02
731             	3.56178625e+02
732             	3.56179212e+02
733             	3.56179795e+02
734             	3.56180374e+02
735             	3.56180948e+02
736             	3.56181518e+02
737             	3.56182082e+02
738             	3.56182644e+02
739             	3.56183202e+02
740             	3.56183758e+02
741             	3.56184310e+02
742             	3.56184857e+02
743             	3.56185401e+02
744             	3.56185942e+02
745             	3.56186477e+02
746             	3.56187008e+02
747             	3.56187534e+02
748             	3.56188056e+02
749             	3.56188573e+02
750             	3.56189086e+02
751             	3.56189594e+02
752             	3.56190097e+02
753             	3.56190597e+02
754             	3.56191091e+02
755             	3.56191583e+02
756             	3.56192070e+02
757             	3.56192555e+02
758             	3.56193035e+02
759             	3.56193512e+02
760             	3.56193985e+02
761             	3.56194453e+02
762             	3.56194917e+02
763             	3.56195379e+02
764             	3.56195836e+02
765             	3.56196290e+02
766             	3.56196741e+02
767             	3.56197188e+02
768             	3.56197632e+02
769             	3.56198072e+02
770             	3.56198508e+02
771             	3.56198942e+02
772             	3.56199373e+02
773             	3.56199800e+02
774             	3.56200223e+02
775             	3.56200644e+02
776             	3.56201061e+02
777             	3.56201476e+02
778             	3.56201888e+02
779             	3.56202297e+02
780             	3.56202703e+02
781             	3.56203107e+02
782             	3.56203508e+02
783             	3.56203906e+02
784             	3.56204302e+02
785             	3.56204693e+02
786             	3.56205082e+02
787             	3.56205468e+02
788             	3.56205851e+02
789             	3.56206231e+02
790             	3.56206609e+02
791             	3.56206983e+02
792             	3.56207354e+02
793             	3.56207723e+02
794             	3.56208088e+02
795             	3.56208451e+02
796             	3.56208812e+02
797             	3.56209170e+02
798             	3.56209525e+02
799             	3.56209878e+02
800             	3.56210227e+02
801             	3.56210574e+02
802             	3.56210918e+02
803             	3.56211259e+02
804             	3.56211598e+02
805             	3.56211935e+02
806             	3.56212269e+02
807             	3.56212602e+02
808             	3.56212932e+02
809             	3.56213261e+02
810             	3.56213588e+02
811             	3.56213913e+02
812             	3.56214235e+02
813             	3.56214555e+02
814             	3.56214873e+02
815             	3.56215188e+02
816             	3.56215500e+02
817             	3.56215809e+02
818             	3.56216116e+02
819             	3.56216420e+02
820             	3.56216722e+02
821             	3.56217022e+02
822             	3.56217320e+02
823             	3.56217616e+02
824             	3.56217910e+02
825             	3.56218203e+02
826             	3.56218493e+02
827             	3.56218782e+02
828             	3.56219067e+02
829             	3.56219351e+02
830             	3.56219631e+02
831             	3.56219909e+02
832             	3.56220184e+02
833             	3.56220456e+02
834             	3.56220727e+02
835             	3.56220996e+02
836             	3.56221264e+02
837             	3.56221531e+02
838             	3.56221795e+02
839             	3.56222057e+02
840             	3.56222318e+02
841             	3.56222577e+02
842             	3.56222834e+02
843             	3.56223089e+02
844             	3.56223343e+02
845             	3.56223596e+02
846             	3.56223847e+02
847             	3.56224095e+02
848             	3.56224341e+02
849             	3.56224585e+02
850             	3.56224827e+02
851             	3.56225067e+02
852             	3.56225304e+02
853             	3.56225540e+02
854             	3.56225775e+02
855             	3.56226008e+02
856             	3.56226239e+02
857             	3.56226470e+02
858             	3.56226699e+02
859             	3.56226926e+02
860             	3.56227152e+02
861             	3.56227376e+02
862             	3.56227598e+02
863             	3.56227818e+02
864             	3.56228036e+02
865             	3.56228252e+02
866             	3.56228466e+02
867             	3.56228680e+02
868             	3.56228892e+02
869             	3.56229103e+02
870             	3.56229313e+02
871             	3.56229521e+02
872             	3.56229727e+02
873             	3.56229933e+02
874             	3.56230137e+02
875             	3.56230340e+02
876             	3.56230541e+02
877             	3.56230741e+02
878             	3.56230939e+02
879             	3.56231136e+02
880             	3.56231332e+02
881             	3.56231527e+02
882             	3.56231720e+02
883             	3.56231913e+02
884             	3.56232103e+02
885             	3.56232293e+02
886             	3.56232481e+02
887             	3.56232667e+02
888             	3.56232852e+02
889             	3.56233036e+02
890             	3.56233218e+02
891             	3.56233398e+02
892             	3.56233577e+02
893             	3.56233754e+02
894             	3.56233929e+02
895             	3.56234104e+02
896             	3.56234276e+02
897             	3.56234448e+02
898             	3.56234618e+02
899             	3.56234788e+02
900             	3.56234956e+02
901             	3.56235123e+02
902             	3.56235289e+02
903             	3.56235453e+02
904             	3.56235617e+02
905             	3.56235780e+02
906             	3.56235941e+02
907             	3.56236101e+02
908             	3.56236261e+02
909             	3.56236419e+02
910             	3.56236575e+02
911             	3.56236731e+02
912             	3.56236885e+02
913             	3.56237039e+02
914             	3.56237191e+02
915             	3.56237342e+02
916             	3.56237493e+02
917             	3.56237642e+02
918             	3.56237791e+02
919             	3.56237938e+02
920             	3.56238085e+02
921             	3.56238231e+02
922             	3.56238375e+02
923             	3.56238518e+02
924             	3.56238661e+02
925             	3.56238802e+02
926             	3.56238943e+02
927             	3.56239082e+02
928             	3.56239221e+02
929             	3.56239358e+02
930             	3.56239495e+02
931             	3.56239630e+02
932             	3.56239765e+02
933             	3.56239898e+02
934             	3.56240031e+02
935             	3.56240163e+02
936             	3.56240293e+02
937             	3.56240423e+02
938             	3.56240551e+02
939             	3.56240679e+02
940             	3.56240806e+02
941             	3.56240931e+02
942             	3.56241056e+02
943             	3.56241181e+02
944             	3.56241304e+02
945             	3.56241427e+02
946             	3.56241549e+02
947             	3.56241669e+02
948             	3.56241790e+02
949             	3.56241909e+02
950             	3.56242028e+02
951             	3.56242145e+02
952             	3.56242262e+02
953             	3.56242378e+02
954             	3.56242494e+02
955             	3.56242608e+02
956             	3.56242722e+02
957             	3.56242835e+02
958             	3.56242947e+02
959             	3.56243058e+02
960             	3.56243168e+02
961             	3.56243278e+02
962             	3.56243387e+02
963             	3.56243496e+02
964             	3.56243603e+02
965             	3.56243710e+02
966             	3.56243816e+02
967             	3.56243922e+02
968             	3.56244027e+02
969             	3.56244131e+02
970             	3.56244235e+02
971             	3.56244338e+02
972             	3.56244440e+02
973             	3.56244541e+02
974             	3.56244642e+02
975             	3.56244742e+02
976             	3.56244841e+02
977             	3.56244940e+02
978             	3.56245038e+02
979             	3.56245136e+02
980             	3.56245232e+02
981             	3.56245328e+02
982             	3.56245423e+02
983             	3.56245518e+02
984             	3.56245612e+02
985             	3.56245705e+02
986             	3.56245798e+02
987             	3.56245890e+02
988             	3.56245981e+02
989             	3.56246072e+02
990             	3.56246162e+02
991             	3.56246252e+02
992             	3.56246341e+02
993             	3.56246430e+02
994             	3.56246518e+02
995             	3.56246605e+02
996             	3.56246692e+02
997             	3.56246778e+02
998             	3.56246864e+02
999             	3.56246949e+02
1000            	3.56247034e+02
1001            	3.56247118e+02
1002            	3.56247201e+02
1003            	3.56247284e+02
1004            	3.56247367e+02
1005            	3.56247449e+02
1006            	3.56247530e+02
1007            	3.56247611e+02
1008            	3.56247691e+02
1009            	3.56247771e+02
1010            	3.56247850e+02
1011            	3.56247929e+02
1012            	3.56248007e+02
1013            	3.56248085e+02
1014            	3.56248162e+02
1015            	3.56248239e+02
1016            	3.56248315e+02
1017            	3.56248390e+02
1018            	3.56248465e+02
1019            	3.56248540e+02
1020            	3.56248614e+02
1021            	3.56248687e+02
1022            	3.56248760e+02
1023            	3.56248832e+02
1024            	3.56248904e+02
1025            	3.56248975e+02
1026            	3.56249046e+02
1027            	3.56249116e+02
1028            	3.56249186e+02
1029            	3.56249255e+02
1030            	3.56249324e+02
1031            	3.56249392e+02
1032            	3.56249459e+02
1033            	3.56249526e+02
1034            	3.56249593e+02
1035            	3.56249659e+02
1036            	3.56249725e+02
1037            	3.56249790e+02
1038            	3.56249855e+02
1039            	3.56249919e+02
1040            	3.56249983e+02
1041            	3.56250046e+02
1042            	3.56250109e+02
1043            	3.56250172e+02
1044            	3.56250234e+02
1045            	3.56250295e+02
1046            	3.56250357e+02
1047            	3.56250418e+02
1048            	3.56250478e+02
1049            	3.56250538e+02
1050            	3.56250598e+02
1051            	3.56250657e+02
1052            	3.56250716e+02
1053            	3.56250775e+02
1054            	3.56250833e+02
1055            	3.56250891e+02
1056            	3.56250949e+02
1057            	3.56251006e+02
1058            	3.56251063e+02
1059            	3.56251120e+02
1060            	3.56251176e+02
1061            	3.56251232e+02
1062            	3.56251287e+02
1063            	3.56251342e+02
1064            	3.56251397e+02
1065            	3.56251452e+02
1066            	3.56251506e+02
1067            	3.56251560e+02
1068            	3.56251613e+02
1069            	3.56251667e+02
1070            	3.56251719e+02
1071            	3.56251772e+02
1072            	3.56251824e+02
1073            	3.56251876e+02
1074            	3.56251927e+02
1075            	3.56251979e+02
1076            	3.56252029e+02
1077            	3.56252080e+02
1078            	3.56252130e+02
1079            	3.56252180e+02
1080            	3.56252229e+02
1081            	3.56252278e+02
1082            	3.56252327e+02
1083            	3.56252375e+02
1084            	3.56252423e+02
1085            	3.56252471e+02
1086            	3.56252518e+02
1087            	3.56252565e+02
1088            	3.56252612e+02
1089            	3.56252658e+02
1090            	3.56252704e+02
1091            	3.56252750e+02
1092            	3.56252795e+02
1093            	3.56252840e+02
1094            	3.56252885e+02
1095            	3.56252929e+02
1096            	3.56252973e+02
1097            	3.56253017e+02
1098            	3.56253060e+02
1099            	3.56253103e+02
1100            	3.56253146e+02
1101            	3.56253188e+02
1102            	3.56253230e+02
1103            	3.56253272e+02
1104            	3.56253314e+02
1105            	3.56253355e+02
1106            	3.56253397e+02
1107            	3.56253438e+02
1108            	3.56253479e+02
1109            	3.56253520e+02
1110            	3.56253561e+02
1111            	3.56253602e+02
1112            	3.56253642e+02
1113            	3.56253682e+02
1114            	3.56253722e+02
1115            	3.56253762e+02
1116            	3.56253801e+02
1117            	3.56253840e+02
1118            	3.56253879e+02
1119            	3.56253918e+02
1120            	3.56253956e+02
1121            	3.56253994e+02
1122            	3.56254032e+02
1123            	3.56254070e+02
1124            	3.56254107e+02
1125            	3.56254145e+02
1126            	3.56254182e+02
1127            	3.56254219e+02
1128            	3.56254255e+02
1129            	3.56254292e+02
1130            	3.56254328e+02
1131            	3.56254364e+02
1132            	3.56254400e+02
1133            	3.56254435e+02
1134            	3.56254471e+02
1135            	3.56254506e+02
1136            	3.56254541e+02
1137            	3.56254575e+02
1138            	3.56254610e+02
1139            	3.56254644e+02
1140            	3.56254679e+02
1141            	3.56254713e+02
1142            	3.56254746e+02
1143            	3.56254780e+02
1144            	3.56254813e+02
1145            	3.56254847e+02
1146            	3.56254880e+02
1147            	3.56254912e+02
1148            	3.56254945e+02
1149            	3.56254977e+02
1150            	3.56255010e+02
1151            	3.56255042e+02
1152            	3.56255074e+02
1153            	3.56255105e+02
1154            	3.56255137e+02
1155            	3.56255168e+02
1156            	3.56255199e+02
1157            	3.56255230e+02
1158            	3.56255261e+02
1159            	3.56255291e+02
1160            	3.56255322e+02
1161            	3.56255352e+02
1162            	3.56255382e+02
1163            	3.56255412e+02
1164            	3.56255441e+02
1165            	3.56255470e+02
1166            	3.56255500e+02
1167            	3.56255529e+02
1168            	3.56255557e+02
1169            	3.56255586e+02
1170            	3.56255615e+02
1171            	3.56255643e+02
1172            	3.56255671e+02
1173            	3.56255699e+02
1174            	3.56255726e+02
1175            	3.56255754e+02
1176            	3.56255781e+02
1177            	3.56255808e+02
1178            	3.56255835e+02
1179            	3.56255862e+02
1180            	3.56255888e+02
1181            	3.56255915e+02
1182            	3.56255941e+02
1183            	3.56255967e+02
1184            	3.56255993e+02
1185            	3.56256019e+02
1186            	3.56256044e+02
1187            	3.56256069e+02
1188            	3.56256095e+02
1189            	3.56256119e+02
1190            	3.56256144e+02
1191            	3.56256169e+02
1192            	3.56256193e+02
1193            	3.56256218e+02
1194            	3.56256242e+02
1195            	3.56256266e+02
1196            	3.56256289e+02
1197            	3.56256313e+02
1198            	3.56256337e+02
1199            	3.56256360e+02
1200            	3.56256383e+02
1201            	3.56256406e+02
1202            	3.56256429e+02
1203            	3.56256452e+02
1204            	3.56256474e+02
1205            	3.56256497e+02
1206            	3.56256519e+02
1207            	3.56256541e+02
1208            	3.56256563e+02
1209            	3.56256585e+02
1210            	3.56256606e+02
1211            	3.56256628e+02
1212            	3.56256649e+02
1213            	3.56256671e+02
1214            	3.56256692e+02
1215            	3.56256713e+02
1216            	3.56256734e+02
1217            	3.56256754e+02
1218            	3.56256775e+02
1219            	3.56256796e+02
1220            	3.56256816e+02
1221            	3.56256836e+02
1222            	3.56256856e+02
1223            	3.56256876e+02
1224            	3.56256896e+02
1225            	3.56256916e+02
1226            	3.56256935e+02
1227            	3.56256955e+02
1228            	3.56256974e+02
1229            	3.56256994e+02
1230            	3.56257013e+02
1231            	3.56257032e+02
1232            	3.56257051e+02
1233            	3.56257070e+02
1234            	3.56257088e+02
1235            	3.56257107e+02
1236            	3.56257125e+02
1237            	3.56257144e+02
1238            	3.56257162e+02
1239            	3.56257180e+02
1240            	3.56257198e+02
1241            	3.56257216e+02
1242            	3.56257233e+02
1243            	3.56257251e+02
1244            	3.56257269e+02
1245            	3.56257286e+02
1246            	3.56257303e+02
1247            	3.56257321e+02
1248            	3.56257338e+02
1249            	3.56257355e+02
1250            	3.56257372e+02
1251            	3.56257388e+02
1252            	3.56257405e+02
1253            	3.56257421e+02
1254            	3.56257438e+02
1255            	3.56257454e+02
1256            	3.56257470e+02
1257            	3.56257486e+02
1258            	3.56257502e+02
1259            	3.56257518e+02
1260            	3.56257534e+02
1261            	3.56257550e+02
1262            	3.56257565e+02
1263            	3.56257581e+02
1264            	3.56257596e+02
1265            	3.56257611e+02
1266            	3.56257626e+02
1267            	3.56257641e+02
1268            	3.56257656e+02
1269            	3.56257671e+02
1270            	3.56257686e+02
1271            	3.56257700e+02
1272            	3.56257715e+02
1273            	3.56257729e+02
1274            	3.56257744e+02
1275            	3.56257758e+02
1276            	3.56257772e+02
1277            	3.56257786e+02
1278            	3.56257800e+02
1279            	3.56257814e+02
1280            	3.56257827e+02
1281            	3.56257841e+02
1282            	3.56257855e+02
1283            	3.56257868e+02
1284            	3.56257881e+02
1285            	3.56257895e+02
1286            	3.56257908e+02
1287            	3.56257921e+02
1288            	3.56257934e+02
1289            	3.56257947e+02
1290            	3.56257960e+02
1291            	3.56257973e+02
1292            	3.56257985e+02
1293            	3.56257998e+02
1294            	3.56258010e+02
1295            	3.56258023e+02
1296            	3.56258035e+02
1297            	3.56258048e+02
1298            	3.56258060e+02
1299            	3.56258072e+02
1300            	3.56258084e+02
1301            	3.56258096e+02
1302            	3.56258108e+02
1303            	3.56258120e+02
1304            	3.56258132e+02
1305            	3.56258143e+02
1306            	3.56258155e+02
1307            	3.56258166e+02
1308            	3.56258178e+02
1309            	3.56258189e+02
1310            	3.56258201e+02
1311            	3.56258212e+02
1312            	3.56258223e+02
1313            	3.56258234e+02
1314            	3.56258246e+02
1315            	3.56258257e+02
1316            	3.56258268e+02
1317            	3.56258278e+02
1318            	3.56258289e+02
1319            	3.56258300e+02
1320            	3.56258311e+02
1321            	3.56258322e+02
1322            	3.56258332e+02
1323            	3.56258343e+02
1324            	3.56258353e+02
1325            	3.56258364e+02
1326            	3.56258374e+02
1327            	3.56258384e+02
1328            	3.56258394e+02
1329            	3.56258405e+02
1330            	3.56258415e+02
1331            	3.56258425e+02
1332            	3.56258435e+02
1333            	3.56258445e+02
1334            	3.56258455e+02
1335            	3.56258464e+02
1336            	3.56258474e+02
1337            	3.56258484e+02
1338            	3.56258493e+02
1339            	3.56258503e+02
1340            	3.56258513e+02
1341            	3.56258522e+02
1342            	3.56258531e+02
1343            	3.56258541e+02
1344            	3.56258550e+02
1345            	3.56258559e+02
1346            	3.56258568e+02
1347            	3.56258578e+02
1348            	3.56258587e+02
1349            	3.56258596e+02
1350            	3.56258605e+02
1351            	3.56258613e+02
1352            	3.56258622e+02
1353            	3.56258631e+02
1354            	3.56258640e+02
1355            	3.56258648e+02
1356            	3.56258657e+02
1357            	3.56258666e+02
1358            	3.56258674e+02
1359            	3.56258682e+02
1360            	3.56258691e+02
1361            	3.56258699e+02
1362            	3.56258707e+02
1363            	3.56258716e+02
1364            	3.56258724e+02
1365            	3.56258732e+02
1366            	3.56258740e+02
1367            	3.56258748e+02
1368            	3.56258756e+02
1369            	3.56258764e+02
1370            	3.56258772e+02
1371            	3.56258779e+02
1372            	3.56258787e+02
1373            	3.56258795e+02
1374            	3.56258802e+02
1375            	3.56258810e+02
1376            	3.56258818e+02
1377            	3.56258825e+02
1378            	3.56258833e+02
1379            	3.56258840e+02
1380            	3.56258847e+02
1381            	3.56258855e+02
1382            	3.56258862e+02
1383            	3.56258869e+02
1384            	3.56258876e+02
1385            	3.56258883e+02
1386            	3.56258890e+02
1387            	3.56258897e+02
1388            	3.56258904e+02
1389            	3.56258911e+02
1390            	3.56258918e+02
1391            	3.56258925e+02
1392            	3.56258932e+02
1393            	3.56258939e+02
1394            	3.56258945e+02
1395            	3.56258945e+02
1396            	3.56258945e+02
1397            	3.56258952e+02
1398            	3.56258958e+02
1399            	3.56258958e+02
1400            	3.56258958e+02
1401            	3.56258958e+02
1402            	3.56258958e+02
1403            	3.56258958e+02
1404            	3.56258958e+02
1405            	3.56258958e+02
1406            	3.56258958e+02
1407            	3.56258958e+02
1408            	3.56258958e+02
1409            	3.56258958e+02
1410            	3.56258958e+02
1411            	3.56258958e+02
1412            	3.56258958e+02
1413            	3.56258958e+02
1414            	3.56258958e+02
1415            	3.56258958e+02
1416            	3.56258958e+02
1417            	3.56258958e+02
1418            	3.56258958e+02
1419            	3.56258958e+02
1420            	3.56258958e+02
1421            	3.56258958e+02
1422            	3.56258958e+02
1423            	3.56258958e+02
1424            	3.56258958e+02
1425            	3.56258958e+02
1426            	3.56258958e+02
1427            	3.56258958e+02
1428            	3.56258958e+02
1429            	3.56258958e+02
1430            	3.56258958e+02
1431            	3.56258958e+02
1432            	3.56258958e+02
1433            	3.56258958e+02
1434            	3.56258958e+02
1435            	3.56258958e+02
1436            	3.56258958e+02
1437            	3.56258958e+02
1438            	3.56258958e+02
1439            	3.56258958e+02
1440            	3.56258958e+02
1441            	3.56258958e+02
1442            	3.56258958e+02
1443            	3.56258958e+02
1444            	3.56258958e+02
1445            	3.56258958e+02
1446            	3.56258958e+02
1447            	3.56258958e+02
1448            	3.56258958e+02
1449            	3.56258958e+02
1450            	3.56258958e+02
1451            	3.56258958e+02
1452            	3.56258958e+02
1453            	3.56258958e+02
1454            	3.56258958e+02
1455            	3.56258958e+02
1456            	3.56258958e+02
1457            	3.56258958e+02
1458            	3.56258958e+02
1459            	3.56258958e+02
1460            	3.56258958e+02
1461            	3.56258958e+02
1462            	3.56258958e+02
1463            	3.56258958e+02
1464            	3.56258958e+02
1465            	3.56258958e+02
1466            	3.56258958e+02
1467            	3.56258958e+02
1468            	3.56258958e+02
1469            	3.56258958e+02
1470            	3.56258958e+02
1471            	3.56258958e+02
1472            	3.56258958e+02
1473            	3.56258958e+02
1474            	3.56258958e+02
1475            	3.56258958e+02
1476            	3.56258958e+02
1477            	3.56258958e+02
1478            	3.56258958e+02
1479            	3.56258958e+02
1480            	3.56258958e+02
1481            	3.56258958e+02
1482            	3.56258958e+02
1483            	3.56258958e+02
1484            	3.56258958e+02
1485            	3.56258958e+02
1486            	3.56258958e+02
1487            	3.56258958e+02
1488            	3.56258958e+02
1489            	3.56258958e+02
1490            	3.56258958e+02
1491            	3.56258958e+02
1492            	3.56258958e+02
1493            	3.56258958e+02
1494            	3.56258958e+02
1495            	3.56258958e+02
1496            	3.56258958e+02
1497            	3.56258958e+02
1498            	3.56258958e+02
1499            	3.56258958e+02
1500            	3.56258958e+02
1501            	3.56258958e+02
1502            	3.56258958e+02
1503            	3.56258958e+02
1504            	3.56258958e+02
1505            	3.56258958e+02
1506            	3.56258958e+02
1507            	3.56258958e+02
1508            	3.56258958e+02
1509            	3.56258958e+02
1510            	3.56258958e+02
1511            	3.56258958e+02
1512            	3.56258958e+02
1513            	3.56258958e+02
1514            	3.56258958e+02
1515            	3.56258958e+02
1516            	3.56258958e+02
1517            	3.56258958e+02
1518            	3.56258958e+02
1519            	3.56258958e+02
1520            	3.56258958e+02
1521            	3.56258958e+02
1522            	3.56258958e+02
1523            	3.56258958e+02
1524            	3.56258958e+02
1525            	3.56258958e+02
1526            	3.56258958e+02
1527            	3.56258958e+02
1528            	3.56258958e+02
1529            	3.56258958e+02
1530            	3.56258958e+02
1531            	3.56258958e+02
1532            	3.56258958e+02
1533            	3.56258958e+02
1534            	3.56258958e+02
1535            	3.56258958e+02
1536            	3.56258958e+02
1537            	3.56258958e+02
1538            	3.56258958e+02
1539            	3.56258958e+02
1540            	3.56258958e+02
1541            	3.56258958e+02
1542            	3.56258958e+02
1543            	3.56258958e+02
1544            	3.56258958e+02
1545            	3.56258958e+02
1546            	3.56258958e+02
1547            	3.56258958e+02
1548            	3.56258958e+02
1549            	3.56258958e+02
1550            	3.56258958e+02
1551            	3.56258958e+02
1552            	3.56258958e+02
1553            	3.56258958e+02
1554            	3.56258958e+02
1555            	3.56258958e+02
1556            	3.56258958e+02
1557            	3.56258958e+02
1558            	3.56258958e+02
1559            	3.56258958e+02
1560            	3.56258958e+02
1561            	3.56258958e+02
1562            	3.56258958e+02
1563            	3.56258958e+02
1564            	3.56258958e+02
1565            	3.56258958e+02
1566            	3.56258958e+02
1567            	3.56258958e+02
1568            	3.56258958e+02
1569            	3.56258958e+02
1570            	3.56258958e+02
1571            	3.56258958e+02
1572            	3.56258958e+02
1573            	3.56258958e+02
1574            	3.56258958e+02
1575            	3.56258958e+02
1576            	3.56258958e+02
1577            	3.56258958e+02
1578            	3.56258958e+02
1579            	3.56258958e+02
1580            	3.56258958e+02
1581            	3.56258958e+02
1582            	3.56258958e+02
1583            	3.56258958e+02
1584            	3.56258958e+02
1585            	3.56258958e+02
1586            	3.56258958e+02
1587            	3.56258958e+02
1588            	3.56258958e+02
1589            	3.56258958e+02
1590            	3.56258958e+02
1591            	3.56258958e+02
1592            	3.56258958e+02
1593            	3.56258958e+02
1594            	3.56258958e+02
1595            	3.56258958e+02
1596            	3.56258958e+02
1597            	3.56258958e+02
1598            	3.56258958e+02
1599            	3.56258958e+02
1600            	3.56258958e+02
1601            	3.56258958e+02
1602            	3.56258958e+02
1603            	3.56258958e+02
1604            	3.56258958e+02
1605            	3.56258958e+02
1606            	3.56258958e+02
1607            	3.56258958e+02
1608            	3.56258958e+02
1609            	3.56258958e+02
1610            	3.56258958e+02
1611            	3.56258958e+02
1612            	3.56258958e+02
1613            	3.56258958e+02
1614            	3.56258958e+02
1615            	3.56258958e+02
1616            	3.56258958e+02
1617            	3.56258958e+02
1618            	3.56258958e+02
1619            	3.56258958e+02
1620            	3.56258958e+02
1621            	3.56258958e+02
1622            	3.56258958e+02
1623            	3.56258958e+02
1624            	3.56258958e+02
1625            	3.56258958e+02
1626            	3.56258958e+02
1627            	3.56258958e+02
1628            	3.56258958e+02
1629            	3.56258958e+02
1630            	3.56258958e+02
1631            	3.56258958e+02
1632            	3.56258958e+02
1633            	3.56258958e+02
1634            	3.56258958e+02
1635            	3.56258958e+02
1636            	3.56258958e+02
1637            	3.56258958e+02
1638            	3.56258958e+02
1639            	3.56258958e+02
1640            	3.56258958e+02
1641            	3.56258958e+02
1642            	3.56258958e+02
1643            	3.56258958e+02
1644            	3.56258958e+02
1645            	3.56258965e+02
1646            	3.56258965e+02
1647            	3.56258965e+02
1648            	3.56258965e+02
1649            	3.56258965e+02
1650            	3.56258965e+02
1651            	3.56258965e+02
1652            	3.56258965e+02
1653            	3.56258965e+02
1654            	3.56258965e+02
1655            	3.56258965e+02
1656            	3.56258965e+02
1657            	3.56258965e+02
1658            	3.56258965e+02
1659            	3.56258965e+02
1660            	3.56258965e+02
1661            	3.56258965e+02
1662            	3.56258965e+02
1663            	3.56258965e+02
1664            	3.56258965e+02
1665            	3.56258965e+02
1666            	3.56258965e+02
1667            	3.56258965e+02
1668            	3.56258965e+02
1669            	3.56258965e+02
1670            	3.56258965e+02
1671            	3.56258965e+02
1672            	3.56258965e+02
1673            	3.56258965e+02
1674            	3.56258965e+02
1675            	3.56258965e+02
1676            	3.56258965e+02
1677            	3.56258965e+02
1678            	3.56258965e+02
1679            	3.56258965e+02
1680            	3.56258965e+02
1681            	3.56258965e+02
1682            	3.56258965e+02
1683            	3.56258965e+02
1684            	3.56258965e+02
1685            	3.56258965e+02
1686            	3.56258965e+02
1687            	3.56258965e+02
1688            	3.56258965e+02
1689            	3.56258965e+02
1690            	3.56258965e+02
1691            	3.56258965e+02
1692            	3.56258965e+02
1693            	3.56258965e+02
1694            	3.56258965e+02
1695            	3.56258965e+02
1696            	3.56258965e+02
1697            	3.56258965e+02
1698            	3.56258965e+02
1699            	3.56258965e+02
1700            	3.56258965e+02
1701            	3.56258965e+02
1702            	3.56258965e+02
1703            	3.56258965e+02
1704            	3.56258965e+02
1705            	3.56258965e+02
1706            	3.56258965e+02
1707            	3.56258965e+02
1708            	3.56258965e+02
1709            	3.56258965e+02
1710            	3.56258965e+02
1711            	3.56258965e+02
1712            	3.56258965e+02
1713            	3.56258965e+02
1714            	3.56258965e+02
1715            	3.56258965e+02
1716            	3.56258965e+02
1717            	3.56258965e+02
1718            	3.56258965e+02
1719            	3.56258965e+02
1720            	3.56258965e+02
1721            	3.56258965e+02
1722            	3.56258965e+02
1723            	3.56258965e+02
1724            	3.56258965e+02
1725            	3.56258965e+02
1726            	3.56258965e+02
1727            	3.56258965e+02
1728            	3.56258965e+02
1729            	3.56258965e+02
1730            	3.56258965e+02
1731            	3.56258965e+02
1732            	3.56258965e+02
1733            	3.56258965e+02
1734            	3.56258965e+02
1735            	3.56258965e+02
1736            	3.56258965e+02
1737            	3.56258965e+02
1738            	3.56258965e+02
1739            	3.56258965e+02
1740            	3.56258965e+02
1741            	3.56258965e+02
1742            	3.56258965e+02
1743            	3.56258965e+02
1744            	3.56258965e+02
1745            	3.56258965e+02
1746            	3.56258965e+02
1747            	3.56258965e+02
1748            	3.56258965e+02
1749            	3.56258965e+02
1750            	3.56258965e+02
1751            	3.56258965e+02
1752            	3.56258965e+02
1753            	3.56258965e+02
1754            	3.56258965e+02
1755            	3.56258965e+02
1756            	3.56258965e+02
1757            	3.56258965e+02
1758            	3.56258965e+02
1759            	3.56258965e+02
1760            	3.56258965e+02
1761            	3.56258965e+02
1762            	3.56258965e+02
1763            	3.56258965e+02
1764            	3.56258965e+02
1765            	3.56258965e+02
1766            	3.56258965e+02
1767            	3.56258965e+02
1768            	3.56258965e+02
1769            	3.56258965e+02
1770            	3.56258965e+02
1771            	3.56258965e+02
1772            	3.56258965e+02
1773            	3.56258965e+02
1774            	3.56258965e+02
1775            	3.56258965e+02
1776            	3.56258965e+02
1777            	3.56258965e+02
1778            	3.56258965e+02
1779            	3.56258965e+02
1780            	3.56258965e+02
1781            	3.56258965e+02
1782            	3.56258965e+02
1783            	3.56258965e+02
1784            	3.56258965e+02
1785            	3.56258965e+02
1786            	3.56258965e+02
1787            	3.56258965e+02
1788            	3.56258965e+02
1789            	3.56258965e+02
1790            	3.56258965e+02
1791            	3.56258965e+02
1792            	3.56258965e+02
1793            	3.56258965e+02
1794            	3.56258965e+02
1795            	3.56258965e+02
1796            	3.56258965e+02
1797            	3.56258965e+02
1798            	3.56258965e+02
1799            	3.56258965e+02
1800            	3.56258965e+02
1801            	3.56258965e+02
1802            	3.56258965e+02
1803            	3.56258965e+02
1804            	3.56258965e+02
1805            	3.56258965e+02
1806            	3.56258965e+02
1807            	3.56258965e+02
1808            	3.56258965e+02
1809            	3.56258965e+02
1810            	3.56258965e+02
1811            	3.56258965e+02
1812            	3.56258965e+02
1813            	3.56258965e+02
1814            	3.56258965e+02
1815            	3.56258965e+02
1816            	3.56258965e+02
1817            	3.56258965e+02
1818            	3.56258965e+02
1819            	3.56258965e+02
1820            	3.56258965e+02
1821            	3.56258965e+02
1822            	3.56258965e+02
1823            	3.56258965e+02
1824            	3.56258965e+02
1825            	3.56258965e+02
1826            	3.56258965e+02
1827            	3.56258965e+02
1828            	3.56258965e+02
1829            	3.56258965e+02
1830            	3.56258965e+02
1831            	3.56258965e+02
1832            	3.56258965e+02
1833            	3.56258965e+02
1834            	3.56258965e+02
1835            	3.56258965e+02
1836            	3.56258965e+02
1837            	3.56258965e+02
1838            	3.56258965e+02
1839            	3.56258965e+02
1840            	3.56258965e+02
1841            	3.56258965e+02
1842            	3.56258965e+02
1843            	3.56258965e+02
1844            	3.56258965e+02
1845            	3.56258965e+02
1846            	3.56258965e+02
1847            	3.56258965e+02
1848            	3.56258965e+02
1849            	3.56258965e+02
1850            	3.56258965e+02
1851            	3.56258965e+02
1852            	3.56258965e+02
1853            	3.56258965e+02
1854            	3.56258965e+02
1855            	3.56258965e+02
1856            	3.56258965e+02
1857            	3.56258965e+02
1858            	3.56258965e+02
1859            	3.56258965e+02
1860            	3.56258965e+02
1861            	3.56258965e+02
1862            	3.56258965e+02
1863            	3.56258965e+02
1864            	3.56258965e+02
1865            	3.56258965e+02
1866            	3.56258965e+02
1867            	3.56258965e+02
1868            	3.56258965e+02
1869            	3.56258965e+02
1870            	3.56258965e+02
1871            	3.56258965e+02
1872            	3.56258965e+02
1873            	3.56258965e+02
1874            	3.56258965e+02
1875            	3.56258965e+02
1876            	3.56258965e+02
1877            	3.56258965e+02
1878            	3.56258965e+02
1879            	3.56258965e+02
1880            	3.56258965e+02
1881            	3.56258965e+02
1882            	3.56258965e+02
1883            	3.56258965e+02
1884            	3.56258965e+02
1885            	3.56258965e+02
1886            	3.56258965e+02
1887            	3.56258965e+02
1888            	3.56258965e+02
1889            	3.56258965e+02
1890            	3.56258965e+02
1891            	3.56258965e+02
1892            	3.56258965e+02
1893            	3.56258965e+02
1894            	3.56258965e+02
1895            	3.56258965e+02
1896            	3.56258965e+02
1897            	3.56258965e+02
1898            	3.56258965e+02
1899            	3.56258965e+02
1900            	3.56258965e+02
1901            	3.56258965e+02
1902            	3.56258965e+02
1903            	3.56258965e+02
1904            	3.56258965e+02
1905            	3.56258965e+02
1906            	3.56258965e+02
1907            	3.56258965e+02
1908            	3.56258965e+02
1909            	3.56258965e+02
1910            	3.56258965e+02
1911            	3.56258965e+02
1912            	3.56258965e+02
1913            	3.56258965e+02
1914            	3.56258965e+02
1915            	3.56258965e+02
1916            	3.56258965e+02
1917            	3.56258965e+02
1918            	3.56258965e+02
1919            	3.56258965e+02
1920            	3.56258965e+02
1921            	3.56258965e+02
1922            	3.56258965e+02
1923            	3.56258965e+02
1924            	3.56258965e+02
1925            	3.56258965e+02
1926            	3.56258965e+02
1927            	3.56258965e+02
1928            	3.56258965e+02
1929            	3.56258965e+02
1930            	3.56258965e+02
1931            	3.56258965e+02
1932            	3.56258965e+02
1933            	3.56258965e+02
1934            	3.56258965e+02
1935            	3.56258965e+02
1936            	3.56258965e+02
1937            	3.56258965e+02
1938            	3.56258965e+02
1939            	3.56258965e+02
1940            	3.56258965e+02
1941            	3.56258965e+02
1942            	3.56258965e+02
1943            	3.56258965e+02
1944            	3.56258965e+02
1945            	3.56258965e+02
1946            	3.56258965e+02
1947            	3.56258965e+02
1948            	3.56258965e+02
1949            	3.56258965e+02
1950            	3.56258965e+02
1951            	3.56258965e+02
1952            	3.56258965e+02
1953            	3.56258965e+02
1954            	3.56258965e+02
1955            	3.56258965e+02
1956            	3.56258965e+02
1957            	3.56258965e+02
1958            	3.56258965e+02
1959            	3.56258965e+02
1960            	3.56258965e+02
1961            	3.56258965e+02
1962            	3.56258965e+02
1963            	3.56258965e+02
1964            	3.56258965e+02
1965            	3.56258965e+02
1966            	3.56258965e+02
1967            	3.56258965e+02
1968            	3.56258965e+02
1969            	3.56258965e+02
1970            	3.56258965e+02
1971            	3.56258965e+02
1972            	3.56258965e+02
1973            	3.56258965e+02
1974            	3.56258965e+02
1975            	3.56258965e+02
1976            	3.56258965e+02
1977            	3.56258965e+02
1978            	3.56258965e+02
1979            	3.56258965e+02
1980            	3.56258965e+02
1981            	3.56258965e+02
1982            	3.56258965e+02
1983            	3.56258965e+02
1984            	3.56258965e+02
1985            	3.56258965e+02
1986            	3.56258965e+02
1987            	3.56258965e+02
1988            	3.56258965e+02
1989            	3.56258965e+02
1990            	3.56258965e+02
1991            	3.56258965e+02
1992            	3.56258965e+02
1993            	3.56258965e+02
1994            	3.56258965e+02
1995            	3.56258965e+02
1996            	3.56258965e+02
1997            	3.56258965e+02
1998            	3.56258965e+02
1999            	3.56258965e+02
2000            	3.56258965e+02
