/*--------------------------------*- C++ -*----------------------------------*\
| =========                 |                                                 |
| \\      /  F ield         | OpenFOAM: The Open Source CFD Toolbox           |
|  \\    /   O peration     | Version:  2506                                  |
|   \\  /    A nd           | Website:  www.openfoam.com                      |
|    \\/     M anipulation  |                                                 |
\*---------------------------------------------------------------------------*/
FoamFile
{
    version     2.0;
    format      binary;
    arch        "LSB;label=32;scalar=64";
    class       faceSet;
    location    "constant/polyMesh/sets";
    object      walls;
}
// * * * * * * * * * * * * * * * * * * * * * * * * * * * * * * * * * * * * * //


436
(
1024
20498
1064
1067
1068
1071
1074
1075
1080
1085
1089
20547
1097
1099
1102
1105
1108
1109
1110
1111
1113
1116
1118
1147
1157
1159
1160
143
144
1169
1170
1173
1176
1184
1186
165
1191
168
169
1194
1196
172
1198
175
1200
177
1202
179
182
183
188
192
195
1221
197
1224
200
1226
202
204
208
212
1237
216
1241
217
1244
220
224
226
233
237
1262
1263
239
241
1266
1267
244
1270
246
1272
249
1274
251
254
1282
279
282
285
287
289
1314
293
1318
295
1322
298
1323
301
302
303
306
307
1332
308
312
1338
314
318
321
325
327
328
1353
330
1356
332
334
1360
337
1363
339
341
343
1368
345
347
350
352
354
1379
356
1381
357
1384
361
363
371
1399
375
1402
379
1405
383
387
391
395
1420
1423
399
1425
403
1428
1430
406
1432
408
411
415
417
421
423
425
1451
427
1453
430
1455
432
434
435
437
438
440
443
446
448
450
454
455
458
460
463
1489
1490
1493
469
471
474
1500
477
1503
1504
480
483
485
487
1513
489
492
494
1519
496
1523
500
503
505
508
1538
515
1540
518
521
522
525
528
531
534
536
538
540
542
549
552
1588
1595
579
581
584
588
592
594
1619
598
600
603
606
610
1635
612
1638
614
616
619
1644
620
622
1648
624
1651
1661
1664
641
645
1672
649
1674
653
657
661
664
666
670
673
677
679
681
684
1710
687
1712
690
692
695
697
699
1725
701
1726
1727
703
705
709
1735
3784
713
1738
1740
717
1742
1744
1745
721
1749
725
1750
728
731
734
736
1764
740
1765
743
1768
1769
745
1772
749
1774
751
754
1780
757
759
1792
1794
783
787
1814
791
1818
794
796
798
1825
806
1831
810
812
1837
1839
815
818
1845
821
1847
824
827
1853
829
1855
832
1857
1859
835
837
840
843
844
846
847
849
850
852
1879
855
1881
857
1882
862
874
875
877
879
881
884
886
889
891
894
897
899
902
904
907
909
911
914
922
925
928
930
933
935
937
939
941
943
944
945
946
947
948
949
952
955
957
959
961
963
965
968
969
972
975
978
981
985
988
991
994
995
996
998
999
1000
1001
1002
1003
1004
1005
1006
1007
1008
1011
1012
1013
1014
4087
1015
1017
1019
1020
1023
)


// ************************************************************************* //
