# Region        : cellZone component_2
# Cells         : 72
# Volume        : 1.26834720e-01
# Time          	volAverage(T)
1               	3.08238987e+02
2               	3.16227205e+02
3               	3.22228966e+02
4               	3.27134674e+02
5               	3.32033955e+02
6               	3.37091416e+02
7               	3.42063272e+02
8               	3.46883317e+02
9               	3.51570436e+02
10              	3.56167538e+02
11              	3.60683917e+02
12              	3.65138537e+02
13              	3.69592582e+02
14              	3.73855391e+02
15              	3.77980313e+02
16              	3.81658800e+02
17              	3.84726625e+02
18              	3.87575266e+02
19              	3.90331584e+02
20              	3.93353973e+02
21              	3.96480424e+02
22              	3.99617658e+02
23              	4.02597011e+02
24              	4.05315842e+02
25              	4.07790725e+02
26              	4.10112182e+02
27              	4.12244521e+02
28              	4.14411522e+02
29              	4.16498302e+02
30              	4.18551292e+02
31              	4.20731998e+02
32              	4.23194906e+02
33              	4.25311549e+02
34              	4.26988810e+02
35              	4.28771394e+02
36              	4.30431406e+02
37              	4.31970515e+02
38              	4.33427738e+02
39              	4.34794643e+02
40              	4.36029058e+02
41              	4.37111120e+02
42              	4.38058543e+02
43              	4.39042077e+02
44              	4.40132091e+02
45              	4.41339452e+02
46              	4.42618472e+02
47              	4.44185071e+02
48              	4.45676567e+02
49              	4.46946579e+02
50              	4.48275457e+02
51              	4.49320652e+02
52              	4.50304375e+02
53              	4.51056491e+02
54              	4.51616525e+02
55              	4.52026719e+02
56              	4.52370347e+02
57              	4.52768453e+02
58              	4.53200908e+02
59              	4.53707045e+02
60              	4.54262358e+02
61              	4.54928498e+02
62              	4.55795590e+02
63              	4.56910994e+02
64              	4.58079953e+02
65              	4.59119380e+02
66              	4.60080113e+02
67              	4.60879996e+02
68              	4.61602487e+02
69              	4.62244183e+02
70              	4.62776606e+02
71              	4.63182325e+02
72              	4.63428841e+02
73              	4.63781712e+02
74              	4.64260798e+02
75              	4.64849018e+02
76              	4.65590213e+02
77              	4.66431855e+02
78              	4.67289667e+02
79              	4.68189588e+02
80              	4.69063622e+02
81              	4.69784312e+02
82              	4.70310401e+02
83              	4.70739076e+02
84              	4.71010536e+02
85              	4.71304041e+02
86              	4.71637392e+02
87              	4.72034089e+02
88              	4.72461881e+02
89              	4.72919915e+02
90              	4.73446548e+02
91              	4.73993431e+02
92              	4.74489593e+02
93              	4.74828931e+02
94              	4.75035986e+02
95              	4.75160923e+02
96              	4.75224552e+02
97              	4.75280144e+02
98              	4.75382064e+02
99              	4.75493500e+02
100             	4.75633238e+02
101             	4.75817020e+02
102             	4.76048210e+02
103             	4.76339530e+02
104             	4.76685748e+02
105             	4.77053384e+02
106             	4.77434288e+02
107             	4.77796001e+02
108             	4.78136649e+02
109             	4.78442275e+02
110             	4.78719531e+02
111             	4.78963606e+02
112             	4.79128979e+02
113             	4.79215984e+02
114             	4.79237724e+02
115             	4.79228111e+02
116             	4.79224768e+02
117             	4.79267826e+02
118             	4.79371930e+02
119             	4.79548792e+02
120             	4.79807514e+02
121             	4.80133785e+02
122             	4.80414447e+02
123             	4.80702182e+02
124             	4.80983238e+02
125             	4.81237307e+02
126             	4.81433420e+02
127             	4.81574371e+02
128             	4.81671657e+02
129             	4.81733545e+02
130             	4.81761337e+02
131             	4.81762324e+02
132             	4.81740925e+02
133             	4.81699284e+02
134             	4.81644010e+02
135             	4.81592871e+02
136             	4.81563773e+02
137             	4.81561553e+02
138             	4.81577643e+02
139             	4.81606055e+02
140             	4.81645325e+02
141             	4.81698372e+02
142             	4.81766026e+02
143             	4.81822512e+02
144             	4.81858511e+02
145             	4.81893039e+02
146             	4.81916536e+02
147             	4.81917662e+02
148             	4.81896512e+02
149             	4.81853470e+02
150             	4.81789166e+02
151             	4.81704946e+02
152             	4.81616545e+02
153             	4.81526375e+02
154             	4.81449532e+02
155             	4.81397919e+02
156             	4.81360937e+02
157             	4.81349641e+02
158             	4.81358206e+02
159             	4.81364657e+02
160             	4.81375269e+02
161             	4.81373719e+02
162             	4.81358890e+02
163             	4.81321108e+02
164             	4.81261576e+02
165             	4.81182159e+02
166             	4.81088486e+02
167             	4.80984236e+02
168             	4.80878064e+02
169             	4.80772358e+02
170             	4.80678948e+02
171             	4.80593510e+02
172             	4.80521041e+02
173             	4.80464469e+02
174             	4.80414832e+02
175             	4.80370566e+02
176             	4.80332414e+02
177             	4.80288084e+02
178             	4.80233359e+02
179             	4.80165564e+02
180             	4.80084448e+02
181             	4.79991379e+02
182             	4.79885335e+02
183             	4.79768480e+02
184             	4.79643350e+02
185             	4.79511596e+02
186             	4.79375229e+02
187             	4.79254163e+02
188             	4.79145064e+02
189             	4.79046149e+02
190             	4.78957880e+02
191             	4.78880984e+02
192             	4.78807277e+02
193             	4.78737171e+02
194             	4.78665148e+02
195             	4.78592795e+02
196             	4.78511636e+02
197             	4.78423170e+02
198             	4.78328040e+02
199             	4.78222222e+02
200             	4.78106839e+02
201             	4.77983118e+02
202             	4.77852356e+02
203             	4.77717107e+02
204             	4.77579391e+02
205             	4.77446654e+02
206             	4.77322720e+02
207             	4.77205103e+02
208             	4.77095355e+02
209             	4.76993998e+02
210             	4.76901833e+02
211             	4.76815638e+02
212             	4.76732889e+02
213             	4.76650073e+02
214             	4.76561890e+02
215             	4.76465544e+02
216             	4.76364859e+02
217             	4.76260550e+02
218             	4.76152315e+02
219             	4.76039207e+02
220             	4.75921829e+02
221             	4.75803617e+02
222             	4.75688269e+02
223             	4.75574071e+02
224             	4.75462258e+02
225             	4.75354407e+02
226             	4.75250461e+02
227             	4.75150600e+02
228             	4.75054682e+02
229             	4.74962229e+02
230             	4.74872196e+02
231             	4.74784061e+02
232             	4.74698158e+02
233             	4.74614108e+02
234             	4.74531161e+02
235             	4.74448487e+02
236             	4.74367144e+02
237             	4.74282428e+02
238             	4.74198445e+02
239             	4.74115276e+02
240             	4.74032057e+02
241             	4.73947913e+02
242             	4.73862200e+02
243             	4.73774205e+02
244             	4.73683829e+02
245             	4.73590857e+02
246             	4.73500650e+02
247             	4.73415394e+02
248             	4.73332047e+02
249             	4.73251805e+02
250             	4.73176684e+02
251             	4.73105500e+02
252             	4.73037006e+02
253             	4.72969561e+02
254             	4.72901016e+02
255             	4.72831113e+02
256             	4.72759350e+02
257             	4.72685291e+02
258             	4.72608585e+02
259             	4.72529229e+02
260             	4.72448783e+02
261             	4.72368363e+02
262             	4.72288686e+02
263             	4.72209718e+02
264             	4.72132579e+02
265             	4.72058122e+02
266             	4.71985603e+02
267             	4.71915369e+02
268             	4.71846198e+02
269             	4.71777851e+02
270             	4.71709963e+02
271             	4.71642396e+02
272             	4.71575635e+02
273             	4.71509438e+02
274             	4.71444637e+02
275             	4.71382410e+02
276             	4.71321405e+02
277             	4.71260953e+02
278             	4.71200867e+02
279             	4.71140957e+02
280             	4.71080241e+02
281             	4.71019177e+02
282             	4.70957643e+02
283             	4.70895553e+02
284             	4.70833068e+02
285             	4.70769871e+02
286             	4.70706224e+02
287             	4.70643042e+02
288             	4.70581933e+02
289             	4.70522093e+02
290             	4.70463981e+02
291             	4.70407579e+02
292             	4.70353389e+02
293             	4.70300411e+02
294             	4.70248359e+02
295             	4.70197078e+02
296             	4.70146232e+02
297             	4.70095314e+02
298             	4.70043998e+02
299             	4.69992427e+02
300             	4.69940792e+02
301             	4.69889487e+02
302             	4.69838500e+02
303             	4.69787868e+02
304             	4.69737794e+02
305             	4.69688365e+02
306             	4.69639614e+02
307             	4.69591399e+02
308             	4.69543854e+02
309             	4.69496857e+02
310             	4.69450093e+02
311             	4.69404136e+02
312             	4.69358466e+02
313             	4.69313126e+02
314             	4.69268312e+02
315             	4.69223672e+02
316             	4.69179053e+02
317             	4.69134386e+02
318             	4.69089639e+02
319             	4.69044899e+02
320             	4.69000459e+02
321             	4.68957350e+02
322             	4.68914989e+02
323             	4.68873622e+02
324             	4.68833683e+02
325             	4.68795462e+02
326             	4.68758338e+02
327             	4.68721676e+02
328             	4.68685776e+02
329             	4.68650258e+02
330             	4.68614653e+02
331             	4.68578729e+02
332             	4.68542684e+02
333             	4.68506867e+02
334             	4.68471205e+02
335             	4.68435769e+02
336             	4.68400629e+02
337             	4.68365835e+02
338             	4.68331342e+02
339             	4.68297154e+02
340             	4.68262900e+02
341             	4.68229168e+02
342             	4.68195968e+02
343             	4.68163070e+02
344             	4.68130588e+02
345             	4.68098528e+02
346             	4.68066593e+02
347             	4.68034788e+02
348             	4.68003613e+02
349             	4.67973030e+02
350             	4.67942980e+02
351             	4.67913566e+02
352             	4.67884840e+02
353             	4.67856794e+02
354             	4.67829501e+02
355             	4.67802807e+02
356             	4.67776143e+02
357             	4.67749713e+02
358             	4.67723448e+02
359             	4.67697066e+02
360             	4.67670526e+02
361             	4.67643909e+02
362             	4.67617134e+02
363             	4.67590281e+02
364             	4.67563374e+02
365             	4.67537074e+02
366             	4.67511161e+02
367             	4.67485620e+02
368             	4.67460637e+02
369             	4.67436806e+02
370             	4.67413897e+02
371             	4.67391807e+02
372             	4.67370471e+02
373             	4.67349753e+02
374             	4.67329156e+02
375             	4.67308834e+02
376             	4.67288180e+02
377             	4.67267354e+02
378             	4.67246415e+02
379             	4.67225373e+02
380             	4.67204133e+02
381             	4.67183065e+02
382             	4.67161937e+02
383             	4.67141191e+02
384             	4.67120724e+02
385             	4.67100786e+02
386             	4.67081366e+02
387             	4.67062524e+02
388             	4.67044290e+02
389             	4.67026494e+02
390             	4.67009097e+02
391             	4.66991855e+02
392             	4.66974815e+02
393             	4.66957936e+02
394             	4.66941160e+02
395             	4.66924426e+02
396             	4.66907662e+02
397             	4.66890928e+02
398             	4.66874290e+02
399             	4.66857839e+02
400             	4.66841628e+02
401             	4.66825856e+02
402             	4.66810586e+02
403             	4.66795713e+02
404             	4.66781204e+02
405             	4.66766932e+02
406             	4.66752682e+02
407             	4.66738332e+02
408             	4.66723968e+02
409             	4.66709584e+02
410             	4.66695214e+02
411             	4.66680884e+02
412             	4.66666540e+02
413             	4.66652239e+02
414             	4.66638042e+02
415             	4.66624117e+02
416             	4.66610431e+02
417             	4.66596984e+02
418             	4.66583799e+02
419             	4.66570949e+02
420             	4.66558406e+02
421             	4.66546149e+02
422             	4.66534153e+02
423             	4.66522365e+02
424             	4.66510790e+02
425             	4.66499421e+02
426             	4.66488190e+02
427             	4.66477092e+02
428             	4.66466190e+02
429             	4.66455460e+02
430             	4.66444951e+02
431             	4.66434595e+02
432             	4.66424466e+02
433             	4.66414534e+02
434             	4.66404766e+02
435             	4.66395110e+02
436             	4.66385556e+02
437             	4.66376057e+02
438             	4.66366600e+02
439             	4.66357207e+02
440             	4.66347837e+02
441             	4.66338527e+02
442             	4.66329306e+02
443             	4.66320215e+02
444             	4.66311252e+02
445             	4.66302435e+02
446             	4.66293749e+02
447             	4.66285229e+02
448             	4.66276883e+02
449             	4.66268712e+02
450             	4.66260722e+02
451             	4.66252892e+02
452             	4.66245196e+02
453             	4.66237596e+02
454             	4.66230065e+02
455             	4.66222571e+02
456             	4.66215094e+02
457             	4.66207638e+02
458             	4.66200199e+02
459             	4.66192806e+02
460             	4.66185453e+02
461             	4.66178175e+02
462             	4.66170979e+02
463             	4.66163879e+02
464             	4.66156925e+02
465             	4.66150101e+02
466             	4.66143395e+02
467             	4.66136796e+02
468             	4.66130274e+02
469             	4.66123809e+02
470             	4.66117379e+02
471             	4.66110974e+02
472             	4.66104564e+02
473             	4.66098155e+02
474             	4.66091834e+02
475             	4.66085893e+02
476             	4.66080189e+02
477             	4.66074690e+02
478             	4.66069446e+02
479             	4.66064488e+02
480             	4.66059807e+02
481             	4.66055271e+02
482             	4.66050928e+02
483             	4.66046361e+02
484             	4.66041695e+02
485             	4.66036955e+02
486             	4.66032042e+02
487             	4.66027036e+02
488             	4.66021828e+02
489             	4.66016486e+02
490             	4.66011071e+02
491             	4.66005780e+02
492             	4.66000541e+02
493             	4.65995446e+02
494             	4.65990532e+02
495             	4.65985843e+02
496             	4.65981362e+02
497             	4.65977112e+02
498             	4.65973080e+02
499             	4.65969226e+02
500             	4.65965502e+02
501             	4.65961862e+02
502             	4.65958264e+02
503             	4.65954650e+02
504             	4.65951030e+02
505             	4.65947437e+02
506             	4.65943881e+02
507             	4.65940370e+02
508             	4.65936923e+02
509             	4.65933578e+02
510             	4.65930292e+02
511             	4.65927206e+02
512             	4.65924256e+02
513             	4.65921422e+02
514             	4.65918680e+02
515             	4.65916072e+02
516             	4.65913528e+02
517             	4.65911070e+02
518             	4.65908667e+02
519             	4.65906338e+02
520             	4.65903864e+02
521             	4.65901380e+02
522             	4.65898899e+02
523             	4.65896402e+02
524             	4.65893905e+02
525             	4.65891381e+02
526             	4.65888836e+02
527             	4.65886273e+02
528             	4.65883697e+02
529             	4.65881099e+02
530             	4.65878459e+02
531             	4.65875856e+02
532             	4.65873214e+02
533             	4.65870571e+02
534             	4.65867960e+02
535             	4.65865401e+02
536             	4.65862897e+02
537             	4.65860478e+02
538             	4.65858159e+02
539             	4.65855912e+02
540             	4.65853731e+02
541             	4.65851579e+02
542             	4.65849474e+02
543             	4.65847404e+02
544             	4.65845336e+02
545             	4.65843425e+02
546             	4.65841620e+02
547             	4.65839916e+02
548             	4.65838335e+02
549             	4.65836828e+02
550             	4.65835460e+02
551             	4.65834209e+02
552             	4.65833072e+02
553             	4.65832033e+02
554             	4.65831085e+02
555             	4.65829926e+02
556             	4.65828668e+02
557             	4.65827328e+02
558             	4.65825883e+02
559             	4.65824310e+02
560             	4.65822628e+02
561             	4.65820839e+02
562             	4.65818966e+02
563             	4.65817061e+02
564             	4.65815179e+02
565             	4.65813337e+02
566             	4.65811567e+02
567             	4.65809932e+02
568             	4.65808424e+02
569             	4.65807050e+02
570             	4.65805771e+02
571             	4.65804562e+02
572             	4.65803406e+02
573             	4.65802299e+02
574             	4.65801200e+02
575             	4.65800109e+02
576             	4.65799020e+02
577             	4.65797946e+02
578             	4.65796896e+02
579             	4.65795873e+02
580             	4.65794881e+02
581             	4.65793862e+02
582             	4.65792871e+02
583             	4.65791909e+02
584             	4.65790972e+02
585             	4.65790063e+02
586             	4.65789178e+02
587             	4.65788311e+02
588             	4.65787454e+02
589             	4.65786579e+02
590             	4.65785678e+02
591             	4.65784726e+02
592             	4.65783716e+02
593             	4.65782670e+02
594             	4.65781589e+02
595             	4.65780558e+02
596             	4.65779592e+02
597             	4.65778656e+02
598             	4.65777768e+02
599             	4.65776908e+02
600             	4.65776090e+02
601             	4.65775303e+02
602             	4.65774546e+02
603             	4.65773808e+02
604             	4.65773059e+02
605             	4.65772266e+02
606             	4.65771418e+02
607             	4.65770521e+02
608             	4.65769571e+02
609             	4.65768586e+02
610             	4.65767568e+02
611             	4.65766522e+02
612             	4.65765463e+02
613             	4.65764409e+02
614             	4.65763332e+02
615             	4.65762261e+02
616             	4.65761195e+02
617             	4.65760165e+02
618             	4.65759165e+02
619             	4.65758222e+02
620             	4.65757299e+02
621             	4.65756408e+02
622             	4.65755520e+02
623             	4.65754639e+02
624             	4.65753745e+02
625             	4.65752857e+02
626             	4.65751941e+02
627             	4.65751046e+02
628             	4.65750124e+02
629             	4.65749269e+02
630             	4.65748417e+02
631             	4.65747599e+02
632             	4.65746808e+02
633             	4.65746054e+02
634             	4.65745324e+02
635             	4.65744634e+02
636             	4.65744028e+02
637             	4.65743480e+02
638             	4.65742970e+02
639             	4.65742485e+02
640             	4.65742018e+02
641             	4.65741559e+02
642             	4.65741105e+02
643             	4.65740661e+02
644             	4.65740222e+02
645             	4.65739788e+02
646             	4.65739362e+02
647             	4.65738932e+02
648             	4.65738512e+02
649             	4.65738101e+02
650             	4.65737699e+02
651             	4.65737300e+02
652             	4.65736901e+02
653             	4.65736499e+02
654             	4.65736089e+02
655             	4.65735676e+02
656             	4.65735249e+02
657             	4.65734812e+02
658             	4.65734357e+02
659             	4.65733889e+02
660             	4.65733403e+02
661             	4.65732904e+02
662             	4.65732395e+02
663             	4.65731879e+02
664             	4.65731358e+02
665             	4.65730835e+02
666             	4.65730313e+02
667             	4.65729794e+02
668             	4.65729281e+02
669             	4.65728775e+02
670             	4.65728281e+02
671             	4.65727790e+02
672             	4.65727318e+02
673             	4.65726861e+02
674             	4.65726421e+02
675             	4.65725991e+02
676             	4.65725572e+02
677             	4.65725166e+02
678             	4.65724776e+02
679             	4.65724400e+02
680             	4.65724038e+02
681             	4.65723699e+02
682             	4.65723372e+02
683             	4.65723048e+02
684             	4.65722735e+02
685             	4.65722428e+02
686             	4.65722129e+02
687             	4.65721840e+02
688             	4.65721570e+02
689             	4.65721314e+02
690             	4.65721071e+02
691             	4.65720842e+02
692             	4.65720627e+02
693             	4.65720426e+02
694             	4.65720240e+02
695             	4.65720071e+02
696             	4.65719918e+02
697             	4.65719780e+02
698             	4.65719651e+02
699             	4.65719533e+02
700             	4.65719419e+02
701             	4.65719313e+02
702             	4.65719210e+02
703             	4.65719114e+02
704             	4.65719017e+02
705             	4.65718923e+02
706             	4.65718828e+02
707             	4.65718732e+02
708             	4.65718626e+02
709             	4.65718513e+02
710             	4.65718388e+02
711             	4.65718252e+02
712             	4.65718103e+02
713             	4.65717931e+02
714             	4.65717750e+02
715             	4.65717557e+02
716             	4.65717356e+02
717             	4.65717145e+02
718             	4.65716927e+02
719             	4.65716702e+02
720             	4.65716472e+02
721             	4.65716240e+02
722             	4.65716006e+02
723             	4.65715774e+02
724             	4.65715543e+02
725             	4.65715314e+02
726             	4.65715088e+02
727             	4.65714870e+02
728             	4.65714659e+02
729             	4.65714455e+02
730             	4.65714261e+02
731             	4.65714071e+02
732             	4.65713890e+02
733             	4.65713713e+02
734             	4.65713542e+02
735             	4.65713373e+02
736             	4.65713204e+02
737             	4.65713033e+02
738             	4.65712861e+02
739             	4.65712686e+02
740             	4.65712512e+02
741             	4.65712339e+02
742             	4.65712168e+02
743             	4.65711997e+02
744             	4.65711828e+02
745             	4.65711660e+02
746             	4.65711494e+02
747             	4.65711333e+02
748             	4.65711172e+02
749             	4.65711015e+02
750             	4.65710851e+02
751             	4.65710681e+02
752             	4.65710501e+02
753             	4.65710315e+02
754             	4.65710119e+02
755             	4.65709909e+02
756             	4.65709690e+02
757             	4.65709465e+02
758             	4.65709233e+02
759             	4.65708995e+02
760             	4.65708748e+02
761             	4.65708490e+02
762             	4.65708229e+02
763             	4.65707963e+02
764             	4.65707701e+02
765             	4.65707436e+02
766             	4.65707173e+02
767             	4.65706909e+02
768             	4.65706649e+02
769             	4.65706386e+02
770             	4.65706125e+02
771             	4.65705861e+02
772             	4.65705600e+02
773             	4.65705336e+02
774             	4.65705078e+02
775             	4.65704825e+02
776             	4.65704583e+02
777             	4.65704354e+02
778             	4.65704136e+02
779             	4.65703920e+02
780             	4.65703720e+02
781             	4.65703526e+02
782             	4.65703345e+02
783             	4.65703174e+02
784             	4.65703013e+02
785             	4.65702858e+02
786             	4.65702713e+02
787             	4.65702577e+02
788             	4.65702451e+02
789             	4.65702334e+02
790             	4.65702225e+02
791             	4.65702123e+02
792             	4.65702029e+02
793             	4.65701943e+02
794             	4.65701864e+02
795             	4.65701799e+02
796             	4.65701745e+02
797             	4.65701706e+02
798             	4.65701678e+02
799             	4.65701651e+02
800             	4.65701634e+02
801             	4.65701626e+02
802             	4.65701625e+02
803             	4.65701633e+02
804             	4.65701651e+02
805             	4.65701681e+02
806             	4.65701715e+02
807             	4.65701756e+02
808             	4.65701801e+02
809             	4.65701855e+02
810             	4.65701912e+02
811             	4.65701973e+02
812             	4.65702040e+02
813             	4.65702110e+02
814             	4.65702185e+02
815             	4.65702283e+02
816             	4.65702389e+02
817             	4.65702510e+02
818             	4.65702650e+02
819             	4.65702805e+02
820             	4.65702975e+02
821             	4.65703161e+02
822             	4.65703365e+02
823             	4.65703589e+02
824             	4.65703831e+02
825             	4.65704078e+02
826             	4.65704335e+02
827             	4.65704593e+02
828             	4.65704852e+02
829             	4.65705100e+02
830             	4.65705342e+02
831             	4.65705578e+02
832             	4.65705803e+02
833             	4.65706024e+02
834             	4.65706232e+02
835             	4.65706434e+02
836             	4.65706623e+02
837             	4.65706812e+02
838             	4.65706987e+02
839             	4.65707146e+02
840             	4.65707293e+02
841             	4.65707465e+02
842             	4.65707615e+02
843             	4.65707755e+02
844             	4.65707890e+02
845             	4.65708014e+02
846             	4.65708125e+02
847             	4.65708219e+02
848             	4.65708314e+02
849             	4.65708412e+02
850             	4.65708523e+02
851             	4.65708648e+02
852             	4.65708794e+02
853             	4.65708932e+02
854             	4.65709077e+02
855             	4.65709218e+02
856             	4.65709352e+02
857             	4.65709485e+02
858             	4.65709621e+02
859             	4.65709767e+02
860             	4.65709900e+02
861             	4.65710013e+02
862             	4.65710108e+02
863             	4.65710178e+02
864             	4.65710232e+02
865             	4.65710261e+02
866             	4.65710273e+02
867             	4.65710279e+02
868             	4.65710300e+02
869             	4.65710339e+02
870             	4.65710402e+02
871             	4.65710489e+02
872             	4.65710597e+02
873             	4.65710729e+02
874             	4.65710876e+02
875             	4.65711047e+02
876             	4.65711233e+02
877             	4.65711435e+02
878             	4.65711628e+02
879             	4.65711822e+02
880             	4.65712016e+02
881             	4.65712209e+02
882             	4.65712389e+02
883             	4.65712550e+02
884             	4.65712692e+02
885             	4.65712812e+02
886             	4.65712916e+02
887             	4.65712994e+02
888             	4.65713049e+02
889             	4.65713083e+02
890             	4.65713099e+02
891             	4.65713095e+02
892             	4.65713072e+02
893             	4.65713031e+02
894             	4.65712976e+02
895             	4.65712911e+02
896             	4.65712840e+02
897             	4.65712768e+02
898             	4.65712700e+02
899             	4.65712642e+02
900             	4.65712597e+02
901             	4.65712566e+02
902             	4.65712554e+02
903             	4.65712559e+02
904             	4.65712584e+02
905             	4.65712615e+02
906             	4.65712659e+02
907             	4.65712711e+02
908             	4.65712769e+02
909             	4.65712821e+02
910             	4.65712868e+02
911             	4.65712908e+02
912             	4.65712946e+02
913             	4.65712983e+02
914             	4.65713017e+02
915             	4.65713052e+02
916             	4.65713084e+02
917             	4.65713116e+02
918             	4.65713144e+02
919             	4.65713182e+02
920             	4.65713216e+02
921             	4.65713250e+02
922             	4.65713283e+02
923             	4.65713317e+02
924             	4.65713349e+02
925             	4.65713377e+02
926             	4.65713409e+02
927             	4.65713435e+02
928             	4.65713466e+02
929             	4.65713499e+02
930             	4.65713539e+02
931             	4.65713573e+02
932             	4.65713613e+02
933             	4.65713660e+02
934             	4.65713713e+02
935             	4.65713768e+02
936             	4.65713830e+02
937             	4.65713897e+02
938             	4.65713969e+02
939             	4.65714048e+02
940             	4.65714135e+02
941             	4.65714227e+02
942             	4.65714323e+02
943             	4.65714421e+02
944             	4.65714523e+02
945             	4.65714618e+02
946             	4.65714715e+02
947             	4.65714810e+02
948             	4.65714902e+02
949             	4.65714991e+02
950             	4.65715077e+02
951             	4.65715165e+02
952             	4.65715251e+02
953             	4.65715343e+02
954             	4.65715436e+02
955             	4.65715540e+02
956             	4.65715650e+02
957             	4.65715770e+02
958             	4.65715903e+02
959             	4.65716052e+02
960             	4.65716218e+02
961             	4.65716394e+02
962             	4.65716585e+02
963             	4.65716791e+02
964             	4.65717012e+02
965             	4.65717240e+02
966             	4.65717476e+02
967             	4.65717717e+02
968             	4.65717962e+02
969             	4.65718208e+02
970             	4.65718455e+02
971             	4.65718706e+02
972             	4.65718959e+02
973             	4.65719213e+02
974             	4.65719464e+02
975             	4.65719715e+02
976             	4.65719964e+02
977             	4.65720219e+02
978             	4.65720471e+02
979             	4.65720731e+02
980             	4.65720987e+02
981             	4.65721240e+02
982             	4.65721492e+02
983             	4.65721747e+02
984             	4.65722000e+02
985             	4.65722249e+02
986             	4.65722493e+02
987             	4.65722718e+02
988             	4.65722935e+02
989             	4.65723143e+02
990             	4.65723339e+02
991             	4.65723537e+02
992             	4.65723730e+02
993             	4.65723921e+02
994             	4.65724114e+02
995             	4.65724311e+02
996             	4.65724511e+02
997             	4.65724714e+02
998             	4.65724920e+02
999             	4.65725123e+02
1000            	4.65725320e+02
1001            	4.65725514e+02
1002            	4.65725705e+02
1003            	4.65725894e+02
1004            	4.65726080e+02
1005            	4.65726270e+02
1006            	4.65726468e+02
1007            	4.65726679e+02
1008            	4.65726904e+02
1009            	4.65727143e+02
1010            	4.65727401e+02
1011            	4.65727666e+02
1012            	4.65727941e+02
1013            	4.65728227e+02
1014            	4.65728519e+02
1015            	4.65728818e+02
1016            	4.65729120e+02
1017            	4.65729423e+02
1018            	4.65729728e+02
1019            	4.65730031e+02
1020            	4.65730333e+02
1021            	4.65730633e+02
1022            	4.65730931e+02
1023            	4.65731226e+02
1024            	4.65731517e+02
1025            	4.65731802e+02
1026            	4.65732080e+02
1027            	4.65732355e+02
1028            	4.65732621e+02
1029            	4.65732886e+02
1030            	4.65733142e+02
1031            	4.65733388e+02
1032            	4.65733625e+02
1033            	4.65733855e+02
1034            	4.65734076e+02
1035            	4.65734286e+02
1036            	4.65734483e+02
1037            	4.65734674e+02
1038            	4.65734849e+02
1039            	4.65735008e+02
1040            	4.65735153e+02
1041            	4.65735288e+02
1042            	4.65735414e+02
1043            	4.65735534e+02
1044            	4.65735650e+02
1045            	4.65735768e+02
1046            	4.65735891e+02
1047            	4.65736021e+02
1048            	4.65736160e+02
1049            	4.65736306e+02
1050            	4.65736462e+02
1051            	4.65736621e+02
1052            	4.65736789e+02
1053            	4.65736953e+02
1054            	4.65737119e+02
1055            	4.65737284e+02
1056            	4.65737446e+02
1057            	4.65737602e+02
1058            	4.65737756e+02
1059            	4.65737909e+02
1060            	4.65738061e+02
1061            	4.65738214e+02
1062            	4.65738371e+02
1063            	4.65738530e+02
1064            	4.65738695e+02
1065            	4.65738865e+02
1066            	4.65739038e+02
1067            	4.65739216e+02
1068            	4.65739396e+02
1069            	4.65739578e+02
1070            	4.65739761e+02
1071            	4.65739945e+02
1072            	4.65740127e+02
1073            	4.65740309e+02
1074            	4.65740488e+02
1075            	4.65740663e+02
1076            	4.65740834e+02
1077            	4.65741003e+02
1078            	4.65741170e+02
1079            	4.65741336e+02
1080            	4.65741501e+02
1081            	4.65741668e+02
1082            	4.65741838e+02
1083            	4.65742013e+02
1084            	4.65742196e+02
1085            	4.65742386e+02
1086            	4.65742584e+02
1087            	4.65742794e+02
1088            	4.65743014e+02
1089            	4.65743243e+02
1090            	4.65743481e+02
1091            	4.65743729e+02
1092            	4.65743985e+02
1093            	4.65744248e+02
1094            	4.65744514e+02
1095            	4.65744785e+02
1096            	4.65745059e+02
1097            	4.65745335e+02
1098            	4.65745611e+02
1099            	4.65745888e+02
1100            	4.65746165e+02
1101            	4.65746440e+02
1102            	4.65746713e+02
1103            	4.65746984e+02
1104            	4.65747251e+02
1105            	4.65747516e+02
1106            	4.65747776e+02
1107            	4.65748034e+02
1108            	4.65748287e+02
1109            	4.65748535e+02
1110            	4.65748777e+02
1111            	4.65749016e+02
1112            	4.65749249e+02
1113            	4.65749478e+02
1114            	4.65749700e+02
1115            	4.65749918e+02
1116            	4.65750131e+02
1117            	4.65750338e+02
1118            	4.65750541e+02
1119            	4.65750740e+02
1120            	4.65750935e+02
1121            	4.65751125e+02
1122            	4.65751312e+02
1123            	4.65751499e+02
1124            	4.65751684e+02
1125            	4.65751868e+02
1126            	4.65752052e+02
1127            	4.65752237e+02
1128            	4.65752423e+02
1129            	4.65752611e+02
1130            	4.65752801e+02
1131            	4.65752994e+02
1132            	4.65753189e+02
1133            	4.65753385e+02
1134            	4.65753585e+02
1135            	4.65753787e+02
1136            	4.65753993e+02
1137            	4.65754200e+02
1138            	4.65754409e+02
1139            	4.65754618e+02
1140            	4.65754831e+02
1141            	4.65755044e+02
1142            	4.65755259e+02
1143            	4.65755468e+02
1144            	4.65755678e+02
1145            	4.65755891e+02
1146            	4.65756103e+02
1147            	4.65756313e+02
1148            	4.65756524e+02
1149            	4.65756734e+02
1150            	4.65756943e+02
1151            	4.65757154e+02
1152            	4.65757366e+02
1153            	4.65757577e+02
1154            	4.65757791e+02
1155            	4.65758008e+02
1156            	4.65758229e+02
1157            	4.65758456e+02
1158            	4.65758689e+02
1159            	4.65758924e+02
1160            	4.65759165e+02
1161            	4.65759414e+02
1162            	4.65759667e+02
1163            	4.65759923e+02
1164            	4.65760182e+02
1165            	4.65760447e+02
1166            	4.65760711e+02
1167            	4.65760976e+02
1168            	4.65761240e+02
1169            	4.65761505e+02
1170            	4.65761767e+02
1171            	4.65762031e+02
1172            	4.65762294e+02
1173            	4.65762559e+02
1174            	4.65762824e+02
1175            	4.65763091e+02
1176            	4.65763359e+02
1177            	4.65763630e+02
1178            	4.65763902e+02
1179            	4.65764178e+02
1180            	4.65764457e+02
1181            	4.65764736e+02
1182            	4.65765017e+02
1183            	4.65765299e+02
1184            	4.65765580e+02
1185            	4.65765862e+02
1186            	4.65766142e+02
1187            	4.65766421e+02
1188            	4.65766698e+02
1189            	4.65766978e+02
1190            	4.65767259e+02
1191            	4.65767540e+02
1192            	4.65767821e+02
1193            	4.65768105e+02
1194            	4.65768388e+02
1195            	4.65768673e+02
1196            	4.65768955e+02
1197            	4.65769236e+02
1198            	4.65769514e+02
1199            	4.65769787e+02
1200            	4.65770057e+02
1201            	4.65770321e+02
1202            	4.65770579e+02
1203            	4.65770831e+02
1204            	4.65771077e+02
1205            	4.65771317e+02
1206            	4.65771554e+02
1207            	4.65771788e+02
1208            	4.65772019e+02
1209            	4.65772248e+02
1210            	4.65772479e+02
1211            	4.65772710e+02
1212            	4.65772946e+02
1213            	4.65773186e+02
1214            	4.65773430e+02
1215            	4.65773680e+02
1216            	4.65773934e+02
1217            	4.65774188e+02
1218            	4.65774445e+02
1219            	4.65774699e+02
1220            	4.65774952e+02
1221            	4.65775204e+02
1222            	4.65775451e+02
1223            	4.65775691e+02
1224            	4.65775921e+02
1225            	4.65776145e+02
1226            	4.65776358e+02
1227            	4.65776554e+02
1228            	4.65776738e+02
1229            	4.65776912e+02
1230            	4.65777072e+02
1231            	4.65777231e+02
1232            	4.65777377e+02
1233            	4.65777508e+02
1234            	4.65777628e+02
1235            	4.65777745e+02
1236            	4.65777857e+02
1237            	4.65777967e+02
1238            	4.65778074e+02
1239            	4.65778182e+02
1240            	4.65778285e+02
1241            	4.65778383e+02
1242            	4.65778482e+02
1243            	4.65778584e+02
1244            	4.65778693e+02
1245            	4.65778813e+02
1246            	4.65778948e+02
1247            	4.65779089e+02
1248            	4.65779245e+02
1249            	4.65779401e+02
1250            	4.65779565e+02
1251            	4.65779731e+02
1252            	4.65779893e+02
1253            	4.65780044e+02
1254            	4.65780183e+02
1255            	4.65780309e+02
1256            	4.65780420e+02
1257            	4.65780520e+02
1258            	4.65780609e+02
1259            	4.65780694e+02
1260            	4.65780778e+02
1261            	4.65780866e+02
1262            	4.65780961e+02
1263            	4.65781064e+02
1264            	4.65781177e+02
1265            	4.65781300e+02
1266            	4.65781433e+02
1267            	4.65781575e+02
1268            	4.65781724e+02
1269            	4.65781878e+02
1270            	4.65782034e+02
1271            	4.65782187e+02
1272            	4.65782334e+02
1273            	4.65782474e+02
1274            	4.65782603e+02
1275            	4.65782720e+02
1276            	4.65782825e+02
1277            	4.65782919e+02
1278            	4.65783002e+02
1279            	4.65783083e+02
1280            	4.65783165e+02
1281            	4.65783251e+02
1282            	4.65783345e+02
1283            	4.65783445e+02
1284            	4.65783551e+02
1285            	4.65783663e+02
1286            	4.65783778e+02
1287            	4.65783895e+02
1288            	4.65784007e+02
1289            	4.65784112e+02
1290            	4.65784204e+02
1291            	4.65784281e+02
1292            	4.65784343e+02
1293            	4.65784392e+02
1294            	4.65784426e+02
1295            	4.65784448e+02
1296            	4.65784458e+02
1297            	4.65784460e+02
1298            	4.65784454e+02
1299            	4.65784443e+02
1300            	4.65784430e+02
1301            	4.65784415e+02
1302            	4.65784398e+02
1303            	4.65784381e+02
1304            	4.65784364e+02
1305            	4.65784345e+02
1306            	4.65784325e+02
1307            	4.65784303e+02
1308            	4.65784279e+02
1309            	4.65784251e+02
1310            	4.65784220e+02
1311            	4.65784186e+02
1312            	4.65784149e+02
1313            	4.65784111e+02
1314            	4.65784070e+02
1315            	4.65784027e+02
1316            	4.65783984e+02
1317            	4.65783940e+02
1318            	4.65783897e+02
1319            	4.65783855e+02
1320            	4.65783814e+02
1321            	4.65783774e+02
1322            	4.65783737e+02
1323            	4.65783701e+02
1324            	4.65783669e+02
1325            	4.65783636e+02
1326            	4.65783608e+02
1327            	4.65783582e+02
1328            	4.65783560e+02
1329            	4.65783540e+02
1330            	4.65783524e+02
1331            	4.65783513e+02
1332            	4.65783505e+02
1333            	4.65783496e+02
1334            	4.65783489e+02
1335            	4.65783486e+02
1336            	4.65783482e+02
1337            	4.65783478e+02
1338            	4.65783473e+02
1339            	4.65783466e+02
1340            	4.65783457e+02
1341            	4.65783447e+02
1342            	4.65783433e+02
1343            	4.65783416e+02
1344            	4.65783396e+02
1345            	4.65783374e+02
1346            	4.65783349e+02
1347            	4.65783324e+02
1348            	4.65783296e+02
1349            	4.65783272e+02
1350            	4.65783248e+02
1351            	4.65783222e+02
1352            	4.65783198e+02
1353            	4.65783178e+02
1354            	4.65783164e+02
1355            	4.65783155e+02
1356            	4.65783153e+02
1357            	4.65783159e+02
1358            	4.65783172e+02
1359            	4.65783188e+02
1360            	4.65783209e+02
1361            	4.65783234e+02
1362            	4.65783261e+02
1363            	4.65783290e+02
1364            	4.65783320e+02
1365            	4.65783352e+02
1366            	4.65783388e+02
1367            	4.65783427e+02
1368            	4.65783472e+02
1369            	4.65783521e+02
1370            	4.65783580e+02
1371            	4.65783645e+02
1372            	4.65783719e+02
1373            	4.65783801e+02
1374            	4.65783890e+02
1375            	4.65783984e+02
1376            	4.65783984e+02
1377            	4.65784084e+02
1378            	4.65784192e+02
1379            	4.65784298e+02
1380            	4.65784398e+02
1381            	4.65784495e+02
1382            	4.65784588e+02
1383            	4.65784677e+02
1384            	4.65784677e+02
1385            	4.65784764e+02
1386            	4.65784857e+02
1387            	4.65784949e+02
1388            	4.65785042e+02
1389            	4.65785138e+02
1390            	4.65785240e+02
1391            	4.65785345e+02
1392            	4.65785345e+02
1393            	4.65785462e+02
1394            	4.65785594e+02
1395            	4.65785729e+02
1396            	4.65785729e+02
1397            	4.65785872e+02
1398            	4.65786028e+02
1399            	4.65786183e+02
1400            	4.65786338e+02
1401            	4.65786494e+02
1402            	4.65786494e+02
1403            	4.65786647e+02
1404            	4.65786810e+02
1405            	4.65786969e+02
1406            	4.65787124e+02
1407            	4.65787276e+02
1408            	4.65787276e+02
1409            	4.65787433e+02
1410            	4.65787607e+02
1411            	4.65787783e+02
1412            	4.65787962e+02
1413            	4.65788147e+02
1414            	4.65788343e+02
1415            	4.65788549e+02
1416            	4.65788549e+02
1417            	4.65788769e+02
1418            	4.65789012e+02
1419            	4.65789258e+02
1420            	4.65789504e+02
1421            	4.65789755e+02
1422            	4.65790009e+02
1423            	4.65790266e+02
1424            	4.65790266e+02
1425            	4.65790528e+02
1426            	4.65790810e+02
1427            	4.65791090e+02
1428            	4.65791090e+02
1429            	4.65791364e+02
1430            	4.65791655e+02
1431            	4.65791944e+02
1432            	4.65791944e+02
1433            	4.65792223e+02
1434            	4.65792522e+02
1435            	4.65792820e+02
1436            	4.65793114e+02
1437            	4.65793407e+02
1438            	4.65793407e+02
1439            	4.65793706e+02
1440            	4.65794028e+02
1441            	4.65794351e+02
1442            	4.65794673e+02
1443            	4.65794995e+02
1444            	4.65795318e+02
1445            	4.65795641e+02
1446            	4.65795962e+02
1447            	4.65796282e+02
1448            	4.65796282e+02
1449            	4.65796590e+02
1450            	4.65796909e+02
1451            	4.65797221e+02
1452            	4.65797221e+02
1453            	4.65797517e+02
1454            	4.65797831e+02
1455            	4.65798141e+02
1456            	4.65798141e+02
1457            	4.65798441e+02
1458            	4.65798441e+02
1459            	4.65798755e+02
1460            	4.65799079e+02
1461            	4.65799387e+02
1462            	4.65799679e+02
1463            	4.65799961e+02
1464            	4.65800231e+02
1465            	4.65800490e+02
1466            	4.65800490e+02
1467            	4.65800742e+02
1468            	4.65800742e+02
1469            	4.65800995e+02
1470            	4.65801256e+02
1471            	4.65801513e+02
1472            	4.65801513e+02
1473            	4.65801759e+02
1474            	4.65801759e+02
1475            	4.65802014e+02
1476            	4.65802277e+02
1477            	4.65802528e+02
1478            	4.65802528e+02
1479            	4.65802757e+02
1480            	4.65802994e+02
1481            	4.65803226e+02
1482            	4.65803449e+02
1483            	4.65803665e+02
1484            	4.65803879e+02
1485            	4.65804094e+02
1486            	4.65804094e+02
1487            	4.65804302e+02
1488            	4.65804524e+02
1489            	4.65804741e+02
1490            	4.65804741e+02
1491            	4.65804944e+02
1492            	4.65804944e+02
1493            	4.65805149e+02
1494            	4.65805359e+02
1495            	4.65805558e+02
1496            	4.65805558e+02
1497            	4.65805736e+02
1498            	4.65805736e+02
1499            	4.65805910e+02
1500            	4.65805910e+02
1501            	4.65806070e+02
1502            	4.65806070e+02
1503            	4.65806216e+02
1504            	4.65806216e+02
1505            	4.65806347e+02
1506            	4.65806347e+02
1507            	4.65806461e+02
1508            	4.65806461e+02
1509            	4.65806559e+02
1510            	4.65806559e+02
1511            	4.65806643e+02
1512            	4.65806723e+02
1513            	4.65806796e+02
1514            	4.65806796e+02
1515            	4.65806855e+02
1516            	4.65806910e+02
1517            	4.65806961e+02
1518            	4.65806961e+02
1519            	4.65807002e+02
1520            	4.65807039e+02
1521            	4.65807073e+02
1522            	4.65807073e+02
1523            	4.65807104e+02
1524            	4.65807104e+02
1525            	4.65807132e+02
1526            	4.65807132e+02
1527            	4.65807161e+02
1528            	4.65807161e+02
1529            	4.65807191e+02
1530            	4.65807191e+02
1531            	4.65807223e+02
1532            	4.65807255e+02
1533            	4.65807286e+02
1534            	4.65807286e+02
1535            	4.65807312e+02
1536            	4.65807312e+02
1537            	4.65807334e+02
1538            	4.65807334e+02
1539            	4.65807349e+02
1540            	4.65807349e+02
1541            	4.65807358e+02
1542            	4.65807358e+02
1543            	4.65807366e+02
1544            	4.65807376e+02
1545            	4.65807388e+02
1546            	4.65807388e+02
1547            	4.65807408e+02
1548            	4.65807408e+02
1549            	4.65807435e+02
1550            	4.65807469e+02
1551            	4.65807506e+02
1552            	4.65807506e+02
1553            	4.65807548e+02
1554            	4.65807548e+02
1555            	4.65807603e+02
1556            	4.65807603e+02
1557            	4.65807669e+02
1558            	4.65807669e+02
1559            	4.65807742e+02
1560            	4.65807742e+02
1561            	4.65807820e+02
1562            	4.65807904e+02
1563            	4.65807987e+02
1564            	4.65807987e+02
1565            	4.65808066e+02
1566            	4.65808066e+02
1567            	4.65808156e+02
1568            	4.65808156e+02
1569            	4.65808254e+02
1570            	4.65808254e+02
1571            	4.65808362e+02
1572            	4.65808362e+02
1573            	4.65808480e+02
1574            	4.65808480e+02
1575            	4.65808610e+02
1576            	4.65808610e+02
1577            	4.65808750e+02
1578            	4.65808750e+02
1579            	4.65808903e+02
1580            	4.65808903e+02
1581            	4.65809070e+02
1582            	4.65809070e+02
1583            	4.65809252e+02
1584            	4.65809252e+02
1585            	4.65809448e+02
1586            	4.65809448e+02
1587            	4.65809652e+02
1588            	4.65809652e+02
1589            	4.65809862e+02
1590            	4.65809862e+02
1591            	4.65810075e+02
1592            	4.65810075e+02
1593            	4.65810286e+02
1594            	4.65810286e+02
1595            	4.65810494e+02
1596            	4.65810494e+02
1597            	4.65810696e+02
1598            	4.65810696e+02
1599            	4.65810888e+02
1600            	4.65810888e+02
1601            	4.65811068e+02
1602            	4.65811068e+02
1603            	4.65811235e+02
1604            	4.65811235e+02
1605            	4.65811385e+02
1606            	4.65811385e+02
1607            	4.65811519e+02
1608            	4.65811519e+02
1609            	4.65811639e+02
1610            	4.65811639e+02
1611            	4.65811749e+02
1612            	4.65811749e+02
1613            	4.65811855e+02
1614            	4.65811855e+02
1615            	4.65811959e+02
1616            	4.65811959e+02
1617            	4.65812064e+02
1618            	4.65812064e+02
1619            	4.65812169e+02
1620            	4.65812169e+02
1621            	4.65812273e+02
1622            	4.65812273e+02
1623            	4.65812367e+02
1624            	4.65812367e+02
1625            	4.65812448e+02
1626            	4.65812448e+02
1627            	4.65812515e+02
1628            	4.65812515e+02
1629            	4.65812573e+02
1630            	4.65812573e+02
1631            	4.65812630e+02
1632            	4.65812630e+02
1633            	4.65812689e+02
1634            	4.65812689e+02
1635            	4.65812751e+02
1636            	4.65812751e+02
1637            	4.65812817e+02
1638            	4.65812817e+02
1639            	4.65812885e+02
1640            	4.65812885e+02
1641            	4.65812952e+02
1642            	4.65812952e+02
1643            	4.65813017e+02
1644            	4.65813017e+02
1645            	4.65813083e+02
1646            	4.65813083e+02
1647            	4.65813152e+02
1648            	4.65813152e+02
1649            	4.65813226e+02
1650            	4.65813226e+02
1651            	4.65813309e+02
1652            	4.65813309e+02
1653            	4.65813397e+02
1654            	4.65813397e+02
1655            	4.65813498e+02
1656            	4.65813498e+02
1657            	4.65813611e+02
1658            	4.65813611e+02
1659            	4.65813731e+02
1660            	4.65813731e+02
1661            	4.65813856e+02
1662            	4.65813856e+02
1663            	4.65813982e+02
1664            	4.65813982e+02
1665            	4.65814106e+02
1666            	4.65814106e+02
1667            	4.65814228e+02
1668            	4.65814228e+02
1669            	4.65814346e+02
1670            	4.65814346e+02
1671            	4.65814463e+02
1672            	4.65814463e+02
1673            	4.65814576e+02
1674            	4.65814576e+02
1675            	4.65814685e+02
1676            	4.65814685e+02
1677            	4.65814786e+02
1678            	4.65814786e+02
1679            	4.65814878e+02
1680            	4.65814878e+02
1681            	4.65814958e+02
1682            	4.65814958e+02
1683            	4.65815026e+02
1684            	4.65815026e+02
1685            	4.65815084e+02
1686            	4.65815084e+02
1687            	4.65815135e+02
1688            	4.65815135e+02
1689            	4.65815181e+02
1690            	4.65815181e+02
1691            	4.65815227e+02
1692            	4.65815227e+02
1693            	4.65815280e+02
1694            	4.65815280e+02
1695            	4.65815344e+02
1696            	4.65815344e+02
1697            	4.65815423e+02
1698            	4.65815423e+02
1699            	4.65815517e+02
1700            	4.65815517e+02
1701            	4.65815622e+02
1702            	4.65815622e+02
1703            	4.65815734e+02
1704            	4.65815734e+02
1705            	4.65815845e+02
1706            	4.65815845e+02
1707            	4.65815952e+02
1708            	4.65815952e+02
1709            	4.65816049e+02
1710            	4.65816049e+02
1711            	4.65816139e+02
1712            	4.65816139e+02
1713            	4.65816219e+02
1714            	4.65816219e+02
1715            	4.65816289e+02
1716            	4.65816289e+02
1717            	4.65816347e+02
1718            	4.65816347e+02
1719            	4.65816400e+02
1720            	4.65816400e+02
1721            	4.65816448e+02
1722            	4.65816448e+02
1723            	4.65816494e+02
1724            	4.65816494e+02
1725            	4.65816537e+02
1726            	4.65816537e+02
1727            	4.65816580e+02
1728            	4.65816580e+02
1729            	4.65816622e+02
1730            	4.65816622e+02
1731            	4.65816665e+02
1732            	4.65816665e+02
1733            	4.65816714e+02
1734            	4.65816714e+02
1735            	4.65816767e+02
1736            	4.65816767e+02
1737            	4.65816828e+02
1738            	4.65816828e+02
1739            	4.65816897e+02
1740            	4.65816897e+02
1741            	4.65816972e+02
1742            	4.65816972e+02
1743            	4.65817051e+02
1744            	4.65817051e+02
1745            	4.65817131e+02
1746            	4.65817131e+02
1747            	4.65817210e+02
1748            	4.65817210e+02
1749            	4.65817288e+02
1750            	4.65817288e+02
1751            	4.65817366e+02
1752            	4.65817366e+02
1753            	4.65817448e+02
1754            	4.65817448e+02
1755            	4.65817537e+02
1756            	4.65817537e+02
1757            	4.65817637e+02
1758            	4.65817637e+02
1759            	4.65817749e+02
1760            	4.65817749e+02
1761            	4.65817873e+02
1762            	4.65817873e+02
1763            	4.65818009e+02
1764            	4.65818009e+02
1765            	4.65818153e+02
1766            	4.65818153e+02
1767            	4.65818303e+02
1768            	4.65818303e+02
1769            	4.65818457e+02
1770            	4.65818457e+02
1771            	4.65818614e+02
1772            	4.65818614e+02
1773            	4.65818772e+02
1774            	4.65818772e+02
1775            	4.65818931e+02
1776            	4.65818931e+02
1777            	4.65819089e+02
1778            	4.65819089e+02
1779            	4.65819245e+02
1780            	4.65819245e+02
1781            	4.65819398e+02
1782            	4.65819398e+02
1783            	4.65819546e+02
1784            	4.65819546e+02
1785            	4.65819689e+02
1786            	4.65819689e+02
1787            	4.65819828e+02
1788            	4.65819828e+02
1789            	4.65819963e+02
1790            	4.65819963e+02
1791            	4.65820096e+02
1792            	4.65820096e+02
1793            	4.65820227e+02
1794            	4.65820227e+02
1795            	4.65820358e+02
1796            	4.65820358e+02
1797            	4.65820489e+02
1798            	4.65820489e+02
1799            	4.65820620e+02
1800            	4.65820620e+02
1801            	4.65820753e+02
1802            	4.65820753e+02
1803            	4.65820884e+02
1804            	4.65820884e+02
1805            	4.65821013e+02
1806            	4.65821013e+02
1807            	4.65821139e+02
1808            	4.65821139e+02
1809            	4.65821263e+02
1810            	4.65821263e+02
1811            	4.65821383e+02
1812            	4.65821383e+02
1813            	4.65821501e+02
1814            	4.65821501e+02
1815            	4.65821617e+02
1816            	4.65821617e+02
1817            	4.65821729e+02
1818            	4.65821729e+02
1819            	4.65821836e+02
1820            	4.65821836e+02
1821            	4.65821936e+02
1822            	4.65821936e+02
1823            	4.65822028e+02
1824            	4.65822028e+02
1825            	4.65822112e+02
1826            	4.65822112e+02
1827            	4.65822187e+02
1828            	4.65822187e+02
1829            	4.65822254e+02
1830            	4.65822254e+02
1831            	4.65822314e+02
1832            	4.65822314e+02
1833            	4.65822369e+02
1834            	4.65822369e+02
1835            	4.65822421e+02
1836            	4.65822421e+02
1837            	4.65822473e+02
1838            	4.65822473e+02
1839            	4.65822528e+02
1840            	4.65822528e+02
1841            	4.65822586e+02
1842            	4.65822586e+02
1843            	4.65822650e+02
1844            	4.65822650e+02
1845            	4.65822719e+02
1846            	4.65822719e+02
1847            	4.65822791e+02
1848            	4.65822791e+02
1849            	4.65822864e+02
1850            	4.65822864e+02
1851            	4.65822935e+02
1852            	4.65822935e+02
1853            	4.65823006e+02
1854            	4.65823006e+02
1855            	4.65823076e+02
1856            	4.65823076e+02
1857            	4.65823147e+02
1858            	4.65823147e+02
1859            	4.65823219e+02
1860            	4.65823219e+02
1861            	4.65823297e+02
1862            	4.65823297e+02
1863            	4.65823381e+02
1864            	4.65823381e+02
1865            	4.65823468e+02
1866            	4.65823468e+02
1867            	4.65823555e+02
1868            	4.65823555e+02
1869            	4.65823638e+02
1870            	4.65823638e+02
1871            	4.65823713e+02
1872            	4.65823713e+02
1873            	4.65823778e+02
1874            	4.65823778e+02
1875            	4.65823832e+02
1876            	4.65823832e+02
1877            	4.65823878e+02
1878            	4.65823878e+02
1879            	4.65823925e+02
1880            	4.65823925e+02
1881            	4.65823977e+02
1882            	4.65823977e+02
1883            	4.65824039e+02
1884            	4.65824039e+02
1885            	4.65824039e+02
1886            	4.65824039e+02
1887            	4.65824141e+02
1888            	4.65824141e+02
1889            	4.65824254e+02
1890            	4.65824254e+02
1891            	4.65824378e+02
1892            	4.65824378e+02
1893            	4.65824378e+02
1894            	4.65824378e+02
1895            	4.65824528e+02
1896            	4.65824528e+02
1897            	4.65824668e+02
1898            	4.65824668e+02
1899            	4.65824801e+02
1900            	4.65824801e+02
1901            	4.65824928e+02
1902            	4.65824928e+02
1903            	4.65825048e+02
1904            	4.65825048e+02
1905            	4.65825048e+02
1906            	4.65825048e+02
1907            	4.65825167e+02
1908            	4.65825167e+02
1909            	4.65825167e+02
1910            	4.65825167e+02
1911            	4.65825290e+02
1912            	4.65825290e+02
1913            	4.65825290e+02
1914            	4.65825290e+02
1915            	4.65825422e+02
1916            	4.65825422e+02
1917            	4.65825422e+02
1918            	4.65825422e+02
1919            	4.65825566e+02
1920            	4.65825566e+02
1921            	4.65825566e+02
1922            	4.65825566e+02
1923            	4.65825734e+02
1924            	4.65825734e+02
1925            	4.65825906e+02
1926            	4.65825906e+02
1927            	4.65826093e+02
1928            	4.65826093e+02
1929            	4.65826093e+02
1930            	4.65826093e+02
1931            	4.65826324e+02
1932            	4.65826324e+02
1933            	4.65826324e+02
1934            	4.65826324e+02
1935            	4.65826324e+02
1936            	4.65826324e+02
1937            	4.65826595e+02
1938            	4.65826595e+02
1939            	4.65826595e+02
1940            	4.65826595e+02
1941            	4.65826595e+02
1942            	4.65826595e+02
1943            	4.65826848e+02
1944            	4.65826848e+02
1945            	4.65826848e+02
1946            	4.65826848e+02
1947            	4.65827076e+02
1948            	4.65827076e+02
1949            	4.65827076e+02
1950            	4.65827076e+02
1951            	4.65827076e+02
1952            	4.65827076e+02
1953            	4.65827076e+02
1954            	4.65827076e+02
1955            	4.65827301e+02
1956            	4.65827301e+02
1957            	4.65827301e+02
1958            	4.65827301e+02
1959            	4.65827533e+02
1960            	4.65827533e+02
1961            	4.65827533e+02
1962            	4.65827533e+02
1963            	4.65827533e+02
1964            	4.65827533e+02
1965            	4.65827533e+02
1966            	4.65827533e+02
1967            	4.65827816e+02
1968            	4.65827816e+02
1969            	4.65827816e+02
1970            	4.65827816e+02
1971            	4.65828120e+02
1972            	4.65828120e+02
1973            	4.65828120e+02
1974            	4.65828120e+02
1975            	4.65828120e+02
1976            	4.65828120e+02
1977            	4.65828468e+02
1978            	4.65828468e+02
1979            	4.65828468e+02
1980            	4.65828468e+02
1981            	4.65828818e+02
1982            	4.65828818e+02
1983            	4.65828818e+02
1984            	4.65828818e+02
1985            	4.65829175e+02
1986            	4.65829175e+02
1987            	4.65829175e+02
1988            	4.65829175e+02
1989            	4.65829533e+02
1990            	4.65829533e+02
1991            	4.65829533e+02
1992            	4.65829533e+02
1993            	4.65829886e+02
1994            	4.65829886e+02
1995            	4.65830217e+02
1996            	4.65830217e+02
1997            	4.65830217e+02
1998            	4.65830217e+02
1999            	4.65830217e+02
2000            	4.65830217e+02
