# Region        : cellZone component_4
# Cells         : 574
# Volume        : 1.15599839e+00
# Time          	volAverage(T)
1               	3.00364108e+02
2               	3.00718724e+02
3               	3.01017339e+02
4               	3.01279047e+02
5               	3.01530918e+02
6               	3.01780705e+02
7               	3.02025437e+02
8               	3.02262627e+02
9               	3.02491854e+02
10              	3.02714721e+02
11              	3.02931905e+02
12              	3.03142470e+02
13              	3.03349518e+02
14              	3.03550777e+02
15              	3.03748276e+02
16              	3.03942365e+02
17              	3.04133364e+02
18              	3.04321245e+02
19              	3.04502951e+02
20              	3.04682740e+02
21              	3.04858733e+02
22              	3.05029812e+02
23              	3.05195061e+02
24              	3.05354515e+02
25              	3.05507800e+02
26              	3.05654234e+02
27              	3.05794676e+02
28              	3.05932093e+02
29              	3.06067251e+02
30              	3.06199242e+02
31              	3.06329729e+02
32              	3.06461940e+02
33              	3.06590685e+02
34              	3.06717155e+02
35              	3.06840275e+02
36              	3.06957792e+02
37              	3.07071419e+02
38              	3.07180654e+02
39              	3.07283995e+02
40              	3.07383385e+02
41              	3.07480010e+02
42              	3.07572847e+02
43              	3.07666209e+02
44              	3.07757897e+02
45              	3.07847166e+02
46              	3.07930546e+02
47              	3.08011912e+02
48              	3.08091785e+02
49              	3.08167969e+02
50              	3.08244097e+02
51              	3.08317467e+02
52              	3.08391625e+02
53              	3.08464914e+02
54              	3.08537510e+02
55              	3.08606842e+02
56              	3.08671921e+02
57              	3.08732096e+02
58              	3.08786315e+02
59              	3.08837084e+02
60              	3.08882938e+02
61              	3.08925453e+02
62              	3.08966784e+02
63              	3.09007452e+02
64              	3.09048352e+02
65              	3.09088968e+02
66              	3.09130806e+02
67              	3.09173381e+02
68              	3.09216268e+02
69              	3.09258355e+02
70              	3.09298270e+02
71              	3.09337297e+02
72              	3.09374190e+02
73              	3.09408340e+02
74              	3.09440352e+02
75              	3.09469325e+02
76              	3.09495767e+02
77              	3.09519851e+02
78              	3.09542680e+02
79              	3.09563664e+02
80              	3.09584232e+02
81              	3.09605481e+02
82              	3.09626533e+02
83              	3.09647919e+02
84              	3.09669127e+02
85              	3.09690120e+02
86              	3.09710962e+02
87              	3.09731435e+02
88              	3.09751443e+02
89              	3.09770978e+02
90              	3.09789875e+02
91              	3.09808040e+02
92              	3.09824883e+02
93              	3.09840890e+02
94              	3.09855710e+02
95              	3.09869363e+02
96              	3.09881985e+02
97              	3.09893741e+02
98              	3.09905186e+02
99              	3.09916825e+02
100             	3.09928740e+02
101             	3.09940958e+02
102             	3.09953423e+02
103             	3.09966009e+02
104             	3.09978322e+02
105             	3.09990940e+02
106             	3.10002640e+02
107             	3.10013488e+02
108             	3.10023511e+02
109             	3.10032607e+02
110             	3.10040633e+02
111             	3.10047581e+02
112             	3.10053525e+02
113             	3.10059321e+02
114             	3.10065262e+02
115             	3.10071529e+02
116             	3.10078076e+02
117             	3.10084972e+02
118             	3.10092036e+02
119             	3.10099084e+02
120             	3.10106047e+02
121             	3.10112775e+02
122             	3.10118762e+02
123             	3.10124308e+02
124             	3.10129153e+02
125             	3.10133302e+02
126             	3.10136964e+02
127             	3.10140185e+02
128             	3.10143118e+02
129             	3.10146052e+02
130             	3.10149159e+02
131             	3.10152541e+02
132             	3.10156226e+02
133             	3.10160182e+02
134             	3.10164360e+02
135             	3.10168707e+02
136             	3.10173098e+02
137             	3.10177582e+02
138             	3.10182068e+02
139             	3.10186272e+02
140             	3.10189962e+02
141             	3.10193097e+02
142             	3.10195573e+02
143             	3.10197451e+02
144             	3.10198835e+02
145             	3.10199795e+02
146             	3.10200496e+02
147             	3.10201344e+02
148             	3.10202466e+02
149             	3.10204070e+02
150             	3.10206171e+02
151             	3.10208628e+02
152             	3.10211342e+02
153             	3.10214297e+02
154             	3.10217357e+02
155             	3.10220293e+02
156             	3.10222822e+02
157             	3.10224852e+02
158             	3.10226261e+02
159             	3.10227074e+02
160             	3.10227375e+02
161             	3.10227334e+02
162             	3.10227188e+02
163             	3.10227172e+02
164             	3.10227442e+02
165             	3.10228042e+02
166             	3.10228989e+02
167             	3.10230222e+02
168             	3.10231689e+02
169             	3.10233307e+02
170             	3.10234960e+02
171             	3.10236560e+02
172             	3.10237962e+02
173             	3.10239075e+02
174             	3.10239757e+02
175             	3.10240035e+02
176             	3.10239991e+02
177             	3.10239745e+02
178             	3.10239463e+02
179             	3.10239288e+02
180             	3.10239325e+02
181             	3.10239619e+02
182             	3.10240089e+02
183             	3.10240737e+02
184             	3.10241513e+02
185             	3.10242360e+02
186             	3.10243192e+02
187             	3.10243941e+02
188             	3.10244548e+02
189             	3.10244976e+02
190             	3.10245221e+02
191             	3.10245254e+02
192             	3.10245113e+02
193             	3.10244818e+02
194             	3.10244482e+02
195             	3.10244244e+02
196             	3.10244157e+02
197             	3.10244266e+02
198             	3.10244561e+02
199             	3.10245004e+02
200             	3.10245506e+02
201             	3.10245967e+02
202             	3.10246285e+02
203             	3.10246409e+02
204             	3.10246333e+02
205             	3.10246082e+02
206             	3.10245747e+02
207             	3.10245441e+02
208             	3.10245247e+02
209             	3.10245212e+02
210             	3.10245320e+02
211             	3.10245519e+02
212             	3.10245768e+02
213             	3.10246039e+02
214             	3.10246309e+02
215             	3.10246558e+02
216             	3.10246793e+02
217             	3.10247017e+02
218             	3.10247218e+02
219             	3.10247386e+02
220             	3.10247511e+02
221             	3.10247581e+02
222             	3.10247585e+02
223             	3.10247519e+02
224             	3.10247377e+02
225             	3.10247167e+02
226             	3.10246910e+02
227             	3.10246631e+02
228             	3.10246371e+02
229             	3.10246176e+02
230             	3.10246079e+02
231             	3.10246100e+02
232             	3.10246233e+02
233             	3.10246461e+02
234             	3.10246739e+02
235             	3.10247025e+02
236             	3.10247245e+02
237             	3.10247382e+02
238             	3.10247427e+02
239             	3.10247381e+02
240             	3.10247265e+02
241             	3.10247105e+02
242             	3.10246934e+02
243             	3.10246775e+02
244             	3.10246655e+02
245             	3.10246586e+02
246             	3.10246577e+02
247             	3.10246617e+02
248             	3.10246700e+02
249             	3.10246818e+02
250             	3.10246963e+02
251             	3.10247118e+02
252             	3.10247276e+02
253             	3.10247421e+02
254             	3.10247540e+02
255             	3.10247622e+02
256             	3.10247661e+02
257             	3.10247653e+02
258             	3.10247603e+02
259             	3.10247521e+02
260             	3.10247413e+02
261             	3.10247292e+02
262             	3.10247170e+02
263             	3.10247059e+02
264             	3.10246979e+02
265             	3.10246933e+02
266             	3.10246920e+02
267             	3.10246929e+02
268             	3.10246956e+02
269             	3.10247002e+02
270             	3.10247066e+02
271             	3.10247145e+02
272             	3.10247227e+02
273             	3.10247304e+02
274             	3.10247362e+02
275             	3.10247396e+02
276             	3.10247402e+02
277             	3.10247378e+02
278             	3.10247330e+02
279             	3.10247262e+02
280             	3.10247184e+02
281             	3.10247111e+02
282             	3.10247057e+02
283             	3.10247032e+02
284             	3.10247039e+02
285             	3.10247074e+02
286             	3.10247123e+02
287             	3.10247177e+02
288             	3.10247223e+02
289             	3.10247251e+02
290             	3.10247257e+02
291             	3.10247242e+02
292             	3.10247209e+02
293             	3.10247163e+02
294             	3.10247104e+02
295             	3.10247037e+02
296             	3.10246968e+02
297             	3.10246908e+02
298             	3.10246864e+02
299             	3.10246840e+02
300             	3.10246836e+02
301             	3.10246851e+02
302             	3.10246882e+02
303             	3.10246924e+02
304             	3.10246964e+02
305             	3.10246994e+02
306             	3.10247006e+02
307             	3.10246996e+02
308             	3.10246964e+02
309             	3.10246914e+02
310             	3.10246850e+02
311             	3.10246783e+02
312             	3.10246719e+02
313             	3.10246665e+02
314             	3.10246629e+02
315             	3.10246612e+02
316             	3.10246613e+02
317             	3.10246631e+02
318             	3.10246658e+02
319             	3.10246690e+02
320             	3.10246721e+02
321             	3.10246745e+02
322             	3.10246753e+02
323             	3.10246740e+02
324             	3.10246705e+02
325             	3.10246648e+02
326             	3.10246578e+02
327             	3.10246506e+02
328             	3.10246445e+02
329             	3.10246403e+02
330             	3.10246385e+02
331             	3.10246390e+02
332             	3.10246410e+02
333             	3.10246434e+02
334             	3.10246453e+02
335             	3.10246458e+02
336             	3.10246447e+02
337             	3.10246421e+02
338             	3.10246382e+02
339             	3.10246337e+02
340             	3.10246289e+02
341             	3.10246240e+02
342             	3.10246192e+02
343             	3.10246144e+02
344             	3.10246096e+02
345             	3.10246048e+02
346             	3.10246001e+02
347             	3.10245956e+02
348             	3.10245915e+02
349             	3.10245879e+02
350             	3.10245849e+02
351             	3.10245825e+02
352             	3.10245806e+02
353             	3.10245793e+02
354             	3.10245781e+02
355             	3.10245769e+02
356             	3.10245752e+02
357             	3.10245729e+02
358             	3.10245701e+02
359             	3.10245670e+02
360             	3.10245636e+02
361             	3.10245600e+02
362             	3.10245562e+02
363             	3.10245521e+02
364             	3.10245480e+02
365             	3.10245439e+02
366             	3.10245397e+02
367             	3.10245356e+02
368             	3.10245317e+02
369             	3.10245279e+02
370             	3.10245245e+02
371             	3.10245212e+02
372             	3.10245182e+02
373             	3.10245154e+02
374             	3.10245128e+02
375             	3.10245103e+02
376             	3.10245079e+02
377             	3.10245053e+02
378             	3.10245025e+02
379             	3.10244993e+02
380             	3.10244957e+02
381             	3.10244917e+02
382             	3.10244875e+02
383             	3.10244830e+02
384             	3.10244785e+02
385             	3.10244741e+02
386             	3.10244698e+02
387             	3.10244658e+02
388             	3.10244620e+02
389             	3.10244586e+02
390             	3.10244553e+02
391             	3.10244522e+02
392             	3.10244493e+02
393             	3.10244463e+02
394             	3.10244432e+02
395             	3.10244397e+02
396             	3.10244358e+02
397             	3.10244318e+02
398             	3.10244275e+02
399             	3.10244230e+02
400             	3.10244186e+02
401             	3.10244142e+02
402             	3.10244100e+02
403             	3.10244059e+02
404             	3.10244019e+02
405             	3.10243979e+02
406             	3.10243941e+02
407             	3.10243902e+02
408             	3.10243863e+02
409             	3.10243825e+02
410             	3.10243788e+02
411             	3.10243750e+02
412             	3.10243714e+02
413             	3.10243678e+02
414             	3.10243644e+02
415             	3.10243611e+02
416             	3.10243577e+02
417             	3.10243543e+02
418             	3.10243508e+02
419             	3.10243470e+02
420             	3.10243431e+02
421             	3.10243392e+02
422             	3.10243351e+02
423             	3.10243311e+02
424             	3.10243271e+02
425             	3.10243232e+02
426             	3.10243194e+02
427             	3.10243157e+02
428             	3.10243121e+02
429             	3.10243085e+02
430             	3.10243050e+02
431             	3.10243015e+02
432             	3.10242981e+02
433             	3.10242947e+02
434             	3.10242914e+02
435             	3.10242881e+02
436             	3.10242848e+02
437             	3.10242816e+02
438             	3.10242784e+02
439             	3.10242750e+02
440             	3.10242716e+02
441             	3.10242682e+02
442             	3.10242646e+02
443             	3.10242610e+02
444             	3.10242574e+02
445             	3.10242538e+02
446             	3.10242503e+02
447             	3.10242469e+02
448             	3.10242436e+02
449             	3.10242404e+02
450             	3.10242373e+02
451             	3.10242342e+02
452             	3.10242311e+02
453             	3.10242280e+02
454             	3.10242250e+02
455             	3.10242220e+02
456             	3.10242191e+02
457             	3.10242161e+02
458             	3.10242131e+02
459             	3.10242101e+02
460             	3.10242070e+02
461             	3.10242040e+02
462             	3.10242009e+02
463             	3.10241978e+02
464             	3.10241947e+02
465             	3.10241916e+02
466             	3.10241886e+02
467             	3.10241857e+02
468             	3.10241828e+02
469             	3.10241800e+02
470             	3.10241773e+02
471             	3.10241748e+02
472             	3.10241722e+02
473             	3.10241697e+02
474             	3.10241671e+02
475             	3.10241646e+02
476             	3.10241619e+02
477             	3.10241593e+02
478             	3.10241566e+02
479             	3.10241539e+02
480             	3.10241512e+02
481             	3.10241485e+02
482             	3.10241458e+02
483             	3.10241432e+02
484             	3.10241406e+02
485             	3.10241381e+02
486             	3.10241357e+02
487             	3.10241333e+02
488             	3.10241309e+02
489             	3.10241286e+02
490             	3.10241263e+02
491             	3.10241240e+02
492             	3.10241217e+02
493             	3.10241194e+02
494             	3.10241172e+02
495             	3.10241149e+02
496             	3.10241127e+02
497             	3.10241104e+02
498             	3.10241081e+02
499             	3.10241058e+02
500             	3.10241035e+02
501             	3.10241012e+02
502             	3.10240990e+02
503             	3.10240967e+02
504             	3.10240945e+02
505             	3.10240923e+02
506             	3.10240901e+02
507             	3.10240881e+02
508             	3.10240860e+02
509             	3.10240840e+02
510             	3.10240820e+02
511             	3.10240800e+02
512             	3.10240781e+02
513             	3.10240761e+02
514             	3.10240742e+02
515             	3.10240722e+02
516             	3.10240702e+02
517             	3.10240683e+02
518             	3.10240663e+02
519             	3.10240643e+02
520             	3.10240624e+02
521             	3.10240605e+02
522             	3.10240585e+02
523             	3.10240566e+02
524             	3.10240547e+02
525             	3.10240528e+02
526             	3.10240509e+02
527             	3.10240490e+02
528             	3.10240471e+02
529             	3.10240453e+02
530             	3.10240435e+02
531             	3.10240417e+02
532             	3.10240400e+02
533             	3.10240382e+02
534             	3.10240365e+02
535             	3.10240349e+02
536             	3.10240332e+02
537             	3.10240316e+02
538             	3.10240300e+02
539             	3.10240284e+02
540             	3.10240268e+02
541             	3.10240252e+02
542             	3.10240237e+02
543             	3.10240221e+02
544             	3.10240205e+02
545             	3.10240190e+02
546             	3.10240174e+02
547             	3.10240158e+02
548             	3.10240143e+02
549             	3.10240127e+02
550             	3.10240112e+02
551             	3.10240097e+02
552             	3.10240081e+02
553             	3.10240066e+02
554             	3.10240051e+02
555             	3.10240036e+02
556             	3.10240021e+02
557             	3.10240006e+02
558             	3.10239992e+02
559             	3.10239977e+02
560             	3.10239963e+02
561             	3.10239948e+02
562             	3.10239934e+02
563             	3.10239920e+02
564             	3.10239907e+02
565             	3.10239893e+02
566             	3.10239880e+02
567             	3.10239867e+02
568             	3.10239854e+02
569             	3.10239841e+02
570             	3.10239828e+02
571             	3.10239816e+02
572             	3.10239803e+02
573             	3.10239791e+02
574             	3.10239779e+02
575             	3.10239767e+02
576             	3.10239755e+02
577             	3.10239743e+02
578             	3.10239731e+02
579             	3.10239720e+02
580             	3.10239708e+02
581             	3.10239697e+02
582             	3.10239686e+02
583             	3.10239675e+02
584             	3.10239663e+02
585             	3.10239651e+02
586             	3.10239639e+02
587             	3.10239628e+02
588             	3.10239616e+02
589             	3.10239605e+02
590             	3.10239593e+02
591             	3.10239582e+02
592             	3.10239571e+02
593             	3.10239560e+02
594             	3.10239549e+02
595             	3.10239539e+02
596             	3.10239529e+02
597             	3.10239519e+02
598             	3.10239509e+02
599             	3.10239509e+02
600             	3.10239499e+02
601             	3.10239488e+02
602             	3.10239478e+02
603             	3.10239478e+02
604             	3.10239478e+02
605             	3.10239468e+02
606             	3.10239457e+02
607             	3.10239447e+02
608             	3.10239447e+02
609             	3.10239447e+02
610             	3.10239436e+02
611             	3.10239426e+02
612             	3.10239426e+02
613             	3.10239426e+02
614             	3.10239415e+02
615             	3.10239403e+02
616             	3.10239403e+02
617             	3.10239403e+02
618             	3.10239392e+02
619             	3.10239380e+02
620             	3.10239369e+02
621             	3.10239369e+02
622             	3.10239369e+02
623             	3.10239369e+02
624             	3.10239357e+02
625             	3.10239345e+02
626             	3.10239345e+02
627             	3.10239345e+02
628             	3.10239345e+02
629             	3.10239333e+02
630             	3.10239320e+02
631             	3.10239320e+02
632             	3.10239320e+02
633             	3.10239320e+02
634             	3.10239307e+02
635             	3.10239294e+02
636             	3.10239294e+02
637             	3.10239294e+02
638             	3.10239282e+02
639             	3.10239269e+02
640             	3.10239257e+02
641             	3.10239257e+02
642             	3.10239257e+02
643             	3.10239257e+02
644             	3.10239245e+02
645             	3.10239232e+02
646             	3.10239232e+02
647             	3.10239232e+02
648             	3.10239232e+02
649             	3.10239220e+02
650             	3.10239220e+02
651             	3.10239220e+02
652             	3.10239220e+02
653             	3.10239220e+02
654             	3.10239207e+02
655             	3.10239194e+02
656             	3.10239194e+02
657             	3.10239194e+02
658             	3.10239194e+02
659             	3.10239194e+02
660             	3.10239194e+02
661             	3.10239181e+02
662             	3.10239168e+02
663             	3.10239168e+02
664             	3.10239168e+02
665             	3.10239168e+02
666             	3.10239168e+02
667             	3.10239168e+02
668             	3.10239154e+02
669             	3.10239141e+02
670             	3.10239141e+02
671             	3.10239141e+02
672             	3.10239141e+02
673             	3.10239141e+02
674             	3.10239141e+02
675             	3.10239127e+02
676             	3.10239113e+02
677             	3.10239113e+02
678             	3.10239113e+02
679             	3.10239113e+02
680             	3.10239113e+02
681             	3.10239100e+02
682             	3.10239087e+02
683             	3.10239087e+02
684             	3.10239087e+02
685             	3.10239087e+02
686             	3.10239087e+02
687             	3.10239087e+02
688             	3.10239087e+02
689             	3.10239074e+02
690             	3.10239060e+02
691             	3.10239060e+02
692             	3.10239060e+02
693             	3.10239060e+02
694             	3.10239060e+02
695             	3.10239060e+02
696             	3.10239060e+02
697             	3.10239060e+02
698             	3.10239060e+02
699             	3.10239060e+02
700             	3.10239046e+02
701             	3.10239046e+02
702             	3.10239046e+02
703             	3.10239046e+02
704             	3.10239046e+02
705             	3.10239046e+02
706             	3.10239032e+02
707             	3.10239018e+02
708             	3.10239018e+02
709             	3.10239018e+02
710             	3.10239018e+02
711             	3.10239018e+02
712             	3.10239018e+02
713             	3.10239018e+02
714             	3.10239018e+02
715             	3.10239018e+02
716             	3.10239004e+02
717             	3.10238990e+02
718             	3.10238990e+02
719             	3.10238990e+02
720             	3.10238990e+02
721             	3.10238990e+02
722             	3.10238990e+02
723             	3.10238990e+02
724             	3.10238990e+02
725             	3.10238976e+02
726             	3.10238976e+02
727             	3.10238976e+02
728             	3.10238976e+02
729             	3.10238976e+02
730             	3.10238976e+02
731             	3.10238962e+02
732             	3.10238949e+02
733             	3.10238949e+02
734             	3.10238949e+02
735             	3.10238949e+02
736             	3.10238949e+02
737             	3.10238949e+02
738             	3.10238949e+02
739             	3.10238949e+02
740             	3.10238949e+02
741             	3.10238949e+02
742             	3.10238949e+02
743             	3.10238949e+02
744             	3.10238949e+02
745             	3.10238935e+02
746             	3.10238935e+02
747             	3.10238935e+02
748             	3.10238935e+02
749             	3.10238935e+02
750             	3.10238935e+02
751             	3.10238935e+02
752             	3.10238935e+02
753             	3.10238935e+02
754             	3.10238935e+02
755             	3.10238935e+02
756             	3.10238935e+02
757             	3.10238935e+02
758             	3.10238935e+02
759             	3.10238935e+02
760             	3.10238935e+02
761             	3.10238935e+02
762             	3.10238935e+02
763             	3.10238935e+02
764             	3.10238935e+02
765             	3.10238935e+02
766             	3.10238935e+02
767             	3.10238935e+02
768             	3.10238935e+02
769             	3.10238935e+02
770             	3.10238935e+02
771             	3.10238935e+02
772             	3.10238935e+02
773             	3.10238935e+02
774             	3.10238935e+02
775             	3.10238935e+02
776             	3.10238935e+02
777             	3.10238935e+02
778             	3.10238935e+02
779             	3.10238935e+02
780             	3.10238935e+02
781             	3.10238935e+02
782             	3.10238935e+02
783             	3.10238935e+02
784             	3.10238935e+02
785             	3.10238935e+02
786             	3.10238935e+02
787             	3.10238935e+02
788             	3.10238935e+02
789             	3.10238935e+02
790             	3.10238935e+02
791             	3.10238935e+02
792             	3.10238935e+02
793             	3.10238921e+02
794             	3.10238921e+02
795             	3.10238921e+02
796             	3.10238921e+02
797             	3.10238921e+02
798             	3.10238921e+02
799             	3.10238921e+02
800             	3.10238921e+02
801             	3.10238921e+02
802             	3.10238921e+02
803             	3.10238921e+02
804             	3.10238921e+02
805             	3.10238921e+02
806             	3.10238921e+02
807             	3.10238921e+02
808             	3.10238921e+02
809             	3.10238921e+02
810             	3.10238921e+02
811             	3.10238921e+02
812             	3.10238921e+02
813             	3.10238921e+02
814             	3.10238921e+02
815             	3.10238921e+02
816             	3.10238921e+02
817             	3.10238921e+02
818             	3.10238921e+02
819             	3.10238921e+02
820             	3.10238921e+02
821             	3.10238921e+02
822             	3.10238921e+02
823             	3.10238921e+02
824             	3.10238921e+02
825             	3.10238921e+02
826             	3.10238921e+02
827             	3.10238921e+02
828             	3.10238921e+02
829             	3.10238921e+02
830             	3.10238921e+02
831             	3.10238921e+02
832             	3.10238921e+02
833             	3.10238921e+02
834             	3.10238921e+02
835             	3.10238921e+02
836             	3.10238921e+02
837             	3.10238921e+02
838             	3.10238921e+02
839             	3.10238921e+02
840             	3.10238921e+02
841             	3.10238921e+02
842             	3.10238921e+02
843             	3.10238921e+02
844             	3.10238921e+02
845             	3.10238921e+02
846             	3.10238921e+02
847             	3.10238921e+02
848             	3.10238921e+02
849             	3.10238921e+02
850             	3.10238921e+02
851             	3.10238921e+02
852             	3.10238921e+02
853             	3.10238921e+02
854             	3.10238921e+02
855             	3.10238921e+02
856             	3.10238921e+02
857             	3.10238921e+02
858             	3.10238921e+02
859             	3.10238921e+02
860             	3.10238921e+02
861             	3.10238921e+02
862             	3.10238921e+02
863             	3.10238921e+02
864             	3.10238906e+02
865             	3.10238906e+02
866             	3.10238906e+02
867             	3.10238906e+02
868             	3.10238906e+02
869             	3.10238906e+02
870             	3.10238906e+02
871             	3.10238906e+02
872             	3.10238906e+02
873             	3.10238906e+02
874             	3.10238906e+02
875             	3.10238906e+02
876             	3.10238906e+02
877             	3.10238906e+02
878             	3.10238906e+02
879             	3.10238906e+02
880             	3.10238906e+02
881             	3.10238906e+02
882             	3.10238906e+02
883             	3.10238906e+02
884             	3.10238906e+02
885             	3.10238906e+02
886             	3.10238906e+02
887             	3.10238906e+02
888             	3.10238906e+02
889             	3.10238906e+02
890             	3.10238906e+02
891             	3.10238906e+02
892             	3.10238906e+02
893             	3.10238906e+02
894             	3.10238906e+02
895             	3.10238906e+02
896             	3.10238906e+02
897             	3.10238906e+02
898             	3.10238906e+02
899             	3.10238906e+02
900             	3.10238906e+02
901             	3.10238906e+02
902             	3.10238906e+02
903             	3.10238906e+02
904             	3.10238906e+02
905             	3.10238906e+02
906             	3.10238906e+02
907             	3.10238906e+02
908             	3.10238906e+02
909             	3.10238906e+02
910             	3.10238906e+02
911             	3.10238906e+02
912             	3.10238906e+02
913             	3.10238906e+02
914             	3.10238906e+02
915             	3.10238906e+02
916             	3.10238906e+02
917             	3.10238906e+02
918             	3.10238906e+02
919             	3.10238906e+02
920             	3.10238906e+02
921             	3.10238906e+02
922             	3.10238906e+02
923             	3.10238906e+02
924             	3.10238906e+02
925             	3.10238906e+02
926             	3.10238906e+02
927             	3.10238906e+02
928             	3.10238906e+02
929             	3.10238906e+02
930             	3.10238906e+02
931             	3.10238906e+02
932             	3.10238906e+02
933             	3.10238906e+02
934             	3.10238906e+02
935             	3.10238906e+02
936             	3.10238906e+02
937             	3.10238906e+02
938             	3.10238906e+02
939             	3.10238906e+02
940             	3.10238906e+02
941             	3.10238906e+02
942             	3.10238906e+02
943             	3.10238906e+02
944             	3.10238906e+02
945             	3.10238906e+02
946             	3.10238906e+02
947             	3.10238906e+02
948             	3.10238906e+02
949             	3.10238906e+02
950             	3.10238906e+02
951             	3.10238906e+02
952             	3.10238906e+02
953             	3.10238906e+02
954             	3.10238906e+02
955             	3.10238906e+02
956             	3.10238906e+02
957             	3.10238906e+02
958             	3.10238906e+02
959             	3.10238906e+02
960             	3.10238906e+02
961             	3.10238906e+02
962             	3.10238906e+02
963             	3.10238906e+02
964             	3.10238906e+02
965             	3.10238906e+02
966             	3.10238906e+02
967             	3.10238906e+02
968             	3.10238906e+02
969             	3.10238906e+02
970             	3.10238906e+02
971             	3.10238906e+02
972             	3.10238906e+02
973             	3.10238906e+02
974             	3.10238906e+02
975             	3.10238906e+02
976             	3.10238906e+02
977             	3.10238906e+02
978             	3.10238906e+02
979             	3.10238906e+02
980             	3.10238906e+02
981             	3.10238906e+02
982             	3.10238906e+02
983             	3.10238906e+02
984             	3.10238906e+02
985             	3.10238906e+02
986             	3.10238906e+02
987             	3.10238906e+02
988             	3.10238906e+02
989             	3.10238906e+02
990             	3.10238906e+02
991             	3.10238906e+02
992             	3.10238906e+02
993             	3.10238906e+02
994             	3.10238906e+02
995             	3.10238906e+02
996             	3.10238906e+02
997             	3.10238906e+02
998             	3.10238906e+02
999             	3.10238906e+02
1000            	3.10238906e+02
1001            	3.10238906e+02
1002            	3.10238906e+02
1003            	3.10238906e+02
1004            	3.10238906e+02
1005            	3.10238906e+02
1006            	3.10238906e+02
1007            	3.10238906e+02
1008            	3.10238906e+02
1009            	3.10238906e+02
1010            	3.10238906e+02
1011            	3.10238906e+02
1012            	3.10238906e+02
1013            	3.10238906e+02
1014            	3.10238906e+02
1015            	3.10238906e+02
1016            	3.10238906e+02
1017            	3.10238906e+02
1018            	3.10238906e+02
1019            	3.10238906e+02
1020            	3.10238906e+02
1021            	3.10238906e+02
1022            	3.10238906e+02
1023            	3.10238906e+02
1024            	3.10238906e+02
1025            	3.10238906e+02
1026            	3.10238906e+02
1027            	3.10238906e+02
1028            	3.10238906e+02
1029            	3.10238906e+02
1030            	3.10238906e+02
1031            	3.10238906e+02
1032            	3.10238906e+02
1033            	3.10238906e+02
1034            	3.10238892e+02
1035            	3.10238892e+02
1036            	3.10238892e+02
1037            	3.10238892e+02
1038            	3.10238892e+02
1039            	3.10238892e+02
1040            	3.10238892e+02
1041            	3.10238892e+02
1042            	3.10238892e+02
1043            	3.10238892e+02
1044            	3.10238892e+02
1045            	3.10238892e+02
1046            	3.10238892e+02
1047            	3.10238892e+02
1048            	3.10238892e+02
1049            	3.10238892e+02
1050            	3.10238892e+02
1051            	3.10238892e+02
1052            	3.10238892e+02
1053            	3.10238892e+02
1054            	3.10238892e+02
1055            	3.10238892e+02
1056            	3.10238892e+02
1057            	3.10238892e+02
1058            	3.10238892e+02
1059            	3.10238892e+02
1060            	3.10238892e+02
1061            	3.10238892e+02
1062            	3.10238892e+02
1063            	3.10238892e+02
1064            	3.10238892e+02
1065            	3.10238892e+02
1066            	3.10238892e+02
1067            	3.10238892e+02
1068            	3.10238892e+02
1069            	3.10238892e+02
1070            	3.10238892e+02
1071            	3.10238892e+02
1072            	3.10238892e+02
1073            	3.10238892e+02
1074            	3.10238892e+02
1075            	3.10238892e+02
1076            	3.10238892e+02
1077            	3.10238892e+02
1078            	3.10238892e+02
1079            	3.10238892e+02
1080            	3.10238892e+02
1081            	3.10238892e+02
1082            	3.10238892e+02
1083            	3.10238892e+02
1084            	3.10238892e+02
1085            	3.10238892e+02
1086            	3.10238892e+02
1087            	3.10238892e+02
1088            	3.10238892e+02
1089            	3.10238892e+02
1090            	3.10238892e+02
1091            	3.10238892e+02
1092            	3.10238892e+02
1093            	3.10238892e+02
1094            	3.10238892e+02
1095            	3.10238892e+02
1096            	3.10238892e+02
1097            	3.10238892e+02
1098            	3.10238892e+02
1099            	3.10238892e+02
1100            	3.10238892e+02
1101            	3.10238892e+02
1102            	3.10238892e+02
1103            	3.10238892e+02
1104            	3.10238892e+02
1105            	3.10238892e+02
1106            	3.10238892e+02
1107            	3.10238892e+02
1108            	3.10238892e+02
1109            	3.10238892e+02
1110            	3.10238892e+02
1111            	3.10238892e+02
1112            	3.10238892e+02
1113            	3.10238892e+02
1114            	3.10238892e+02
1115            	3.10238892e+02
1116            	3.10238892e+02
1117            	3.10238892e+02
1118            	3.10238892e+02
1119            	3.10238892e+02
1120            	3.10238892e+02
1121            	3.10238892e+02
1122            	3.10238892e+02
1123            	3.10238892e+02
1124            	3.10238892e+02
1125            	3.10238892e+02
1126            	3.10238892e+02
1127            	3.10238892e+02
1128            	3.10238892e+02
1129            	3.10238892e+02
1130            	3.10238892e+02
1131            	3.10238892e+02
1132            	3.10238892e+02
1133            	3.10238892e+02
1134            	3.10238892e+02
1135            	3.10238892e+02
1136            	3.10238892e+02
1137            	3.10238892e+02
1138            	3.10238892e+02
1139            	3.10238892e+02
1140            	3.10238892e+02
1141            	3.10238892e+02
1142            	3.10238892e+02
1143            	3.10238892e+02
1144            	3.10238892e+02
1145            	3.10238892e+02
1146            	3.10238892e+02
1147            	3.10238892e+02
1148            	3.10238892e+02
1149            	3.10238892e+02
1150            	3.10238892e+02
1151            	3.10238892e+02
1152            	3.10238892e+02
1153            	3.10238892e+02
1154            	3.10238892e+02
1155            	3.10238892e+02
1156            	3.10238892e+02
1157            	3.10238892e+02
1158            	3.10238892e+02
1159            	3.10238892e+02
1160            	3.10238892e+02
1161            	3.10238892e+02
1162            	3.10238892e+02
1163            	3.10238892e+02
1164            	3.10238892e+02
1165            	3.10238892e+02
1166            	3.10238892e+02
1167            	3.10238892e+02
1168            	3.10238892e+02
1169            	3.10238892e+02
1170            	3.10238892e+02
1171            	3.10238892e+02
1172            	3.10238892e+02
1173            	3.10238892e+02
1174            	3.10238892e+02
1175            	3.10238892e+02
1176            	3.10238892e+02
1177            	3.10238892e+02
1178            	3.10238892e+02
1179            	3.10238892e+02
1180            	3.10238892e+02
1181            	3.10238892e+02
1182            	3.10238892e+02
1183            	3.10238892e+02
1184            	3.10238892e+02
1185            	3.10238892e+02
1186            	3.10238892e+02
1187            	3.10238892e+02
1188            	3.10238892e+02
1189            	3.10238892e+02
1190            	3.10238892e+02
1191            	3.10238892e+02
1192            	3.10238892e+02
1193            	3.10238892e+02
1194            	3.10238892e+02
1195            	3.10238892e+02
1196            	3.10238892e+02
1197            	3.10238892e+02
1198            	3.10238892e+02
1199            	3.10238892e+02
1200            	3.10238892e+02
1201            	3.10238892e+02
1202            	3.10238892e+02
1203            	3.10238892e+02
1204            	3.10238892e+02
1205            	3.10238892e+02
1206            	3.10238892e+02
1207            	3.10238892e+02
1208            	3.10238892e+02
1209            	3.10238892e+02
1210            	3.10238892e+02
1211            	3.10238892e+02
1212            	3.10238892e+02
1213            	3.10238892e+02
1214            	3.10238892e+02
1215            	3.10238892e+02
1216            	3.10238892e+02
1217            	3.10238892e+02
1218            	3.10238892e+02
1219            	3.10238892e+02
1220            	3.10238892e+02
1221            	3.10238892e+02
1222            	3.10238892e+02
1223            	3.10238892e+02
1224            	3.10238892e+02
1225            	3.10238892e+02
1226            	3.10238892e+02
1227            	3.10238892e+02
1228            	3.10238892e+02
1229            	3.10238892e+02
1230            	3.10238892e+02
1231            	3.10238892e+02
1232            	3.10238892e+02
1233            	3.10238892e+02
1234            	3.10238892e+02
1235            	3.10238892e+02
1236            	3.10238892e+02
1237            	3.10238892e+02
1238            	3.10238892e+02
1239            	3.10238892e+02
1240            	3.10238892e+02
1241            	3.10238892e+02
1242            	3.10238892e+02
1243            	3.10238892e+02
1244            	3.10238892e+02
1245            	3.10238892e+02
1246            	3.10238892e+02
1247            	3.10238892e+02
1248            	3.10238892e+02
1249            	3.10238892e+02
1250            	3.10238892e+02
1251            	3.10238892e+02
1252            	3.10238892e+02
1253            	3.10238892e+02
1254            	3.10238892e+02
1255            	3.10238892e+02
1256            	3.10238892e+02
1257            	3.10238892e+02
1258            	3.10238892e+02
1259            	3.10238892e+02
1260            	3.10238892e+02
1261            	3.10238892e+02
1262            	3.10238892e+02
1263            	3.10238892e+02
1264            	3.10238892e+02
1265            	3.10238892e+02
1266            	3.10238892e+02
1267            	3.10238892e+02
1268            	3.10238892e+02
1269            	3.10238892e+02
1270            	3.10238892e+02
1271            	3.10238892e+02
1272            	3.10238892e+02
1273            	3.10238892e+02
1274            	3.10238892e+02
1275            	3.10238892e+02
1276            	3.10238892e+02
1277            	3.10238892e+02
1278            	3.10238892e+02
1279            	3.10238892e+02
1280            	3.10238892e+02
1281            	3.10238892e+02
1282            	3.10238892e+02
1283            	3.10238892e+02
1284            	3.10238892e+02
1285            	3.10238892e+02
1286            	3.10238892e+02
1287            	3.10238892e+02
1288            	3.10238892e+02
1289            	3.10238892e+02
1290            	3.10238892e+02
1291            	3.10238892e+02
1292            	3.10238892e+02
1293            	3.10238892e+02
1294            	3.10238892e+02
1295            	3.10238892e+02
1296            	3.10238892e+02
1297            	3.10238892e+02
1298            	3.10238892e+02
1299            	3.10238892e+02
1300            	3.10238892e+02
1301            	3.10238892e+02
1302            	3.10238892e+02
1303            	3.10238892e+02
1304            	3.10238892e+02
1305            	3.10238892e+02
1306            	3.10238892e+02
1307            	3.10238892e+02
1308            	3.10238892e+02
1309            	3.10238892e+02
1310            	3.10238892e+02
1311            	3.10238892e+02
1312            	3.10238892e+02
1313            	3.10238892e+02
1314            	3.10238892e+02
1315            	3.10238892e+02
1316            	3.10238892e+02
1317            	3.10238892e+02
1318            	3.10238892e+02
1319            	3.10238892e+02
1320            	3.10238892e+02
1321            	3.10238892e+02
1322            	3.10238892e+02
1323            	3.10238892e+02
1324            	3.10238892e+02
1325            	3.10238892e+02
1326            	3.10238892e+02
1327            	3.10238892e+02
1328            	3.10238892e+02
1329            	3.10238892e+02
1330            	3.10238892e+02
1331            	3.10238892e+02
1332            	3.10238892e+02
1333            	3.10238892e+02
1334            	3.10238892e+02
1335            	3.10238892e+02
1336            	3.10238892e+02
1337            	3.10238892e+02
1338            	3.10238892e+02
1339            	3.10238892e+02
1340            	3.10238892e+02
1341            	3.10238892e+02
1342            	3.10238892e+02
1343            	3.10238892e+02
1344            	3.10238892e+02
1345            	3.10238892e+02
1346            	3.10238892e+02
1347            	3.10238892e+02
1348            	3.10238892e+02
1349            	3.10238892e+02
1350            	3.10238892e+02
1351            	3.10238892e+02
1352            	3.10238892e+02
1353            	3.10238892e+02
1354            	3.10238892e+02
1355            	3.10238892e+02
1356            	3.10238892e+02
1357            	3.10238892e+02
1358            	3.10238892e+02
1359            	3.10238892e+02
1360            	3.10238892e+02
1361            	3.10238892e+02
1362            	3.10238892e+02
1363            	3.10238892e+02
1364            	3.10238892e+02
1365            	3.10238892e+02
1366            	3.10238892e+02
1367            	3.10238892e+02
1368            	3.10238892e+02
1369            	3.10238892e+02
1370            	3.10238892e+02
1371            	3.10238892e+02
1372            	3.10238892e+02
1373            	3.10238892e+02
1374            	3.10238892e+02
1375            	3.10238892e+02
1376            	3.10238892e+02
1377            	3.10238892e+02
1378            	3.10238892e+02
1379            	3.10238892e+02
1380            	3.10238892e+02
1381            	3.10238892e+02
1382            	3.10238892e+02
1383            	3.10238892e+02
1384            	3.10238892e+02
1385            	3.10238892e+02
1386            	3.10238892e+02
1387            	3.10238892e+02
1388            	3.10238892e+02
1389            	3.10238892e+02
1390            	3.10238892e+02
1391            	3.10238892e+02
1392            	3.10238892e+02
1393            	3.10238892e+02
1394            	3.10238892e+02
1395            	3.10238892e+02
1396            	3.10238892e+02
1397            	3.10238892e+02
1398            	3.10238892e+02
1399            	3.10238892e+02
1400            	3.10238892e+02
1401            	3.10238892e+02
1402            	3.10238892e+02
1403            	3.10238892e+02
1404            	3.10238892e+02
1405            	3.10238892e+02
1406            	3.10238892e+02
1407            	3.10238892e+02
1408            	3.10238892e+02
1409            	3.10238892e+02
1410            	3.10238892e+02
1411            	3.10238892e+02
1412            	3.10238892e+02
1413            	3.10238892e+02
1414            	3.10238892e+02
1415            	3.10238892e+02
1416            	3.10238892e+02
1417            	3.10238892e+02
1418            	3.10238892e+02
1419            	3.10238892e+02
1420            	3.10238892e+02
1421            	3.10238892e+02
1422            	3.10238892e+02
1423            	3.10238892e+02
1424            	3.10238892e+02
1425            	3.10238892e+02
1426            	3.10238892e+02
1427            	3.10238892e+02
1428            	3.10238892e+02
1429            	3.10238892e+02
1430            	3.10238892e+02
1431            	3.10238892e+02
1432            	3.10238892e+02
1433            	3.10238892e+02
1434            	3.10238892e+02
1435            	3.10238892e+02
1436            	3.10238892e+02
1437            	3.10238892e+02
1438            	3.10238892e+02
1439            	3.10238892e+02
1440            	3.10238892e+02
1441            	3.10238892e+02
1442            	3.10238892e+02
1443            	3.10238892e+02
1444            	3.10238892e+02
1445            	3.10238892e+02
1446            	3.10238892e+02
1447            	3.10238892e+02
1448            	3.10238892e+02
1449            	3.10238892e+02
1450            	3.10238892e+02
1451            	3.10238892e+02
1452            	3.10238892e+02
1453            	3.10238892e+02
1454            	3.10238892e+02
1455            	3.10238892e+02
1456            	3.10238892e+02
1457            	3.10238892e+02
1458            	3.10238892e+02
1459            	3.10238892e+02
1460            	3.10238892e+02
1461            	3.10238892e+02
1462            	3.10238892e+02
1463            	3.10238892e+02
1464            	3.10238892e+02
1465            	3.10238892e+02
1466            	3.10238892e+02
1467            	3.10238892e+02
1468            	3.10238892e+02
1469            	3.10238892e+02
1470            	3.10238892e+02
1471            	3.10238892e+02
1472            	3.10238892e+02
1473            	3.10238892e+02
1474            	3.10238892e+02
1475            	3.10238892e+02
1476            	3.10238892e+02
1477            	3.10238892e+02
1478            	3.10238892e+02
1479            	3.10238892e+02
1480            	3.10238892e+02
1481            	3.10238892e+02
1482            	3.10238892e+02
1483            	3.10238892e+02
1484            	3.10238892e+02
1485            	3.10238892e+02
1486            	3.10238892e+02
1487            	3.10238892e+02
1488            	3.10238892e+02
1489            	3.10238892e+02
1490            	3.10238892e+02
1491            	3.10238892e+02
1492            	3.10238892e+02
1493            	3.10238892e+02
1494            	3.10238892e+02
1495            	3.10238892e+02
1496            	3.10238892e+02
1497            	3.10238892e+02
1498            	3.10238892e+02
1499            	3.10238892e+02
1500            	3.10238892e+02
1501            	3.10238892e+02
1502            	3.10238892e+02
1503            	3.10238892e+02
1504            	3.10238892e+02
1505            	3.10238892e+02
1506            	3.10238892e+02
1507            	3.10238892e+02
1508            	3.10238892e+02
1509            	3.10238892e+02
1510            	3.10238892e+02
1511            	3.10238892e+02
1512            	3.10238892e+02
1513            	3.10238892e+02
1514            	3.10238892e+02
1515            	3.10238892e+02
1516            	3.10238892e+02
1517            	3.10238892e+02
1518            	3.10238892e+02
1519            	3.10238892e+02
1520            	3.10238892e+02
1521            	3.10238892e+02
1522            	3.10238892e+02
1523            	3.10238892e+02
1524            	3.10238892e+02
1525            	3.10238892e+02
1526            	3.10238892e+02
1527            	3.10238892e+02
1528            	3.10238892e+02
1529            	3.10238892e+02
1530            	3.10238892e+02
1531            	3.10238892e+02
1532            	3.10238892e+02
1533            	3.10238892e+02
1534            	3.10238892e+02
1535            	3.10238892e+02
1536            	3.10238892e+02
1537            	3.10238892e+02
1538            	3.10238892e+02
1539            	3.10238892e+02
1540            	3.10238892e+02
1541            	3.10238892e+02
1542            	3.10238892e+02
1543            	3.10238892e+02
1544            	3.10238892e+02
1545            	3.10238892e+02
1546            	3.10238892e+02
1547            	3.10238892e+02
1548            	3.10238892e+02
1549            	3.10238892e+02
1550            	3.10238892e+02
1551            	3.10238892e+02
1552            	3.10238892e+02
1553            	3.10238892e+02
1554            	3.10238892e+02
1555            	3.10238892e+02
1556            	3.10238892e+02
1557            	3.10238892e+02
1558            	3.10238892e+02
1559            	3.10238892e+02
1560            	3.10238892e+02
1561            	3.10238892e+02
1562            	3.10238892e+02
1563            	3.10238892e+02
1564            	3.10238892e+02
1565            	3.10238892e+02
1566            	3.10238892e+02
1567            	3.10238892e+02
1568            	3.10238892e+02
1569            	3.10238892e+02
1570            	3.10238892e+02
1571            	3.10238892e+02
1572            	3.10238892e+02
1573            	3.10238892e+02
1574            	3.10238892e+02
1575            	3.10238892e+02
1576            	3.10238892e+02
1577            	3.10238892e+02
1578            	3.10238892e+02
1579            	3.10238892e+02
1580            	3.10238892e+02
1581            	3.10238892e+02
1582            	3.10238892e+02
1583            	3.10238892e+02
1584            	3.10238892e+02
1585            	3.10238892e+02
1586            	3.10238892e+02
1587            	3.10238892e+02
1588            	3.10238892e+02
1589            	3.10238892e+02
1590            	3.10238892e+02
1591            	3.10238892e+02
1592            	3.10238892e+02
1593            	3.10238892e+02
1594            	3.10238892e+02
1595            	3.10238892e+02
1596            	3.10238892e+02
1597            	3.10238892e+02
1598            	3.10238892e+02
1599            	3.10238892e+02
1600            	3.10238892e+02
1601            	3.10238892e+02
1602            	3.10238892e+02
1603            	3.10238892e+02
1604            	3.10238892e+02
1605            	3.10238892e+02
1606            	3.10238892e+02
1607            	3.10238892e+02
1608            	3.10238892e+02
1609            	3.10238892e+02
1610            	3.10238892e+02
1611            	3.10238892e+02
1612            	3.10238892e+02
1613            	3.10238892e+02
1614            	3.10238892e+02
1615            	3.10238892e+02
1616            	3.10238892e+02
1617            	3.10238892e+02
1618            	3.10238892e+02
1619            	3.10238892e+02
1620            	3.10238892e+02
1621            	3.10238892e+02
1622            	3.10238892e+02
1623            	3.10238892e+02
1624            	3.10238892e+02
1625            	3.10238892e+02
1626            	3.10238892e+02
1627            	3.10238892e+02
1628            	3.10238892e+02
1629            	3.10238892e+02
1630            	3.10238892e+02
1631            	3.10238892e+02
1632            	3.10238892e+02
1633            	3.10238892e+02
1634            	3.10238892e+02
1635            	3.10238892e+02
1636            	3.10238892e+02
1637            	3.10238892e+02
1638            	3.10238892e+02
1639            	3.10238892e+02
1640            	3.10238892e+02
1641            	3.10238892e+02
1642            	3.10238892e+02
1643            	3.10238892e+02
1644            	3.10238892e+02
1645            	3.10238892e+02
1646            	3.10238892e+02
1647            	3.10238892e+02
1648            	3.10238892e+02
1649            	3.10238892e+02
1650            	3.10238892e+02
1651            	3.10238892e+02
1652            	3.10238892e+02
1653            	3.10238892e+02
1654            	3.10238892e+02
1655            	3.10238892e+02
1656            	3.10238892e+02
1657            	3.10238892e+02
1658            	3.10238892e+02
1659            	3.10238892e+02
1660            	3.10238892e+02
1661            	3.10238892e+02
1662            	3.10238892e+02
1663            	3.10238892e+02
1664            	3.10238892e+02
1665            	3.10238892e+02
1666            	3.10238892e+02
1667            	3.10238892e+02
1668            	3.10238892e+02
1669            	3.10238892e+02
1670            	3.10238892e+02
1671            	3.10238892e+02
1672            	3.10238892e+02
1673            	3.10238892e+02
1674            	3.10238892e+02
1675            	3.10238892e+02
1676            	3.10238892e+02
1677            	3.10238892e+02
1678            	3.10238892e+02
1679            	3.10238892e+02
1680            	3.10238892e+02
1681            	3.10238892e+02
1682            	3.10238892e+02
1683            	3.10238892e+02
1684            	3.10238892e+02
1685            	3.10238892e+02
1686            	3.10238892e+02
1687            	3.10238892e+02
1688            	3.10238892e+02
1689            	3.10238892e+02
1690            	3.10238892e+02
1691            	3.10238892e+02
1692            	3.10238892e+02
1693            	3.10238892e+02
1694            	3.10238892e+02
1695            	3.10238892e+02
1696            	3.10238892e+02
1697            	3.10238892e+02
1698            	3.10238892e+02
1699            	3.10238892e+02
1700            	3.10238892e+02
1701            	3.10238892e+02
1702            	3.10238892e+02
1703            	3.10238892e+02
1704            	3.10238892e+02
1705            	3.10238892e+02
1706            	3.10238892e+02
1707            	3.10238892e+02
1708            	3.10238892e+02
1709            	3.10238892e+02
1710            	3.10238892e+02
1711            	3.10238892e+02
1712            	3.10238892e+02
1713            	3.10238892e+02
1714            	3.10238892e+02
1715            	3.10238892e+02
1716            	3.10238892e+02
1717            	3.10238892e+02
1718            	3.10238892e+02
1719            	3.10238892e+02
1720            	3.10238892e+02
1721            	3.10238892e+02
1722            	3.10238892e+02
1723            	3.10238892e+02
1724            	3.10238892e+02
1725            	3.10238892e+02
1726            	3.10238892e+02
1727            	3.10238892e+02
1728            	3.10238892e+02
1729            	3.10238892e+02
1730            	3.10238892e+02
1731            	3.10238892e+02
1732            	3.10238892e+02
1733            	3.10238892e+02
1734            	3.10238892e+02
1735            	3.10238892e+02
1736            	3.10238892e+02
1737            	3.10238892e+02
1738            	3.10238892e+02
1739            	3.10238892e+02
1740            	3.10238892e+02
1741            	3.10238892e+02
1742            	3.10238892e+02
1743            	3.10238892e+02
1744            	3.10238892e+02
1745            	3.10238892e+02
1746            	3.10238892e+02
1747            	3.10238892e+02
1748            	3.10238892e+02
1749            	3.10238892e+02
1750            	3.10238892e+02
1751            	3.10238892e+02
1752            	3.10238892e+02
1753            	3.10238892e+02
1754            	3.10238892e+02
1755            	3.10238892e+02
1756            	3.10238892e+02
1757            	3.10238892e+02
1758            	3.10238892e+02
1759            	3.10238892e+02
1760            	3.10238892e+02
1761            	3.10238892e+02
1762            	3.10238892e+02
1763            	3.10238892e+02
1764            	3.10238892e+02
1765            	3.10238892e+02
1766            	3.10238892e+02
1767            	3.10238892e+02
1768            	3.10238892e+02
1769            	3.10238892e+02
1770            	3.10238892e+02
1771            	3.10238892e+02
1772            	3.10238892e+02
1773            	3.10238892e+02
1774            	3.10238892e+02
1775            	3.10238892e+02
1776            	3.10238892e+02
1777            	3.10238892e+02
1778            	3.10238892e+02
1779            	3.10238892e+02
1780            	3.10238892e+02
1781            	3.10238892e+02
1782            	3.10238892e+02
1783            	3.10238892e+02
1784            	3.10238892e+02
1785            	3.10238892e+02
1786            	3.10238892e+02
1787            	3.10238892e+02
1788            	3.10238892e+02
1789            	3.10238892e+02
1790            	3.10238892e+02
1791            	3.10238892e+02
1792            	3.10238892e+02
1793            	3.10238892e+02
1794            	3.10238892e+02
1795            	3.10238892e+02
1796            	3.10238892e+02
1797            	3.10238892e+02
1798            	3.10238892e+02
1799            	3.10238892e+02
1800            	3.10238892e+02
1801            	3.10238892e+02
1802            	3.10238892e+02
1803            	3.10238892e+02
1804            	3.10238892e+02
1805            	3.10238892e+02
1806            	3.10238892e+02
1807            	3.10238892e+02
1808            	3.10238892e+02
1809            	3.10238892e+02
1810            	3.10238892e+02
1811            	3.10238892e+02
1812            	3.10238892e+02
1813            	3.10238892e+02
1814            	3.10238892e+02
1815            	3.10238892e+02
1816            	3.10238892e+02
1817            	3.10238892e+02
1818            	3.10238892e+02
1819            	3.10238892e+02
1820            	3.10238892e+02
1821            	3.10238892e+02
1822            	3.10238892e+02
1823            	3.10238892e+02
1824            	3.10238892e+02
1825            	3.10238892e+02
1826            	3.10238892e+02
1827            	3.10238892e+02
1828            	3.10238892e+02
1829            	3.10238892e+02
1830            	3.10238892e+02
1831            	3.10238892e+02
1832            	3.10238892e+02
1833            	3.10238892e+02
1834            	3.10238892e+02
1835            	3.10238892e+02
1836            	3.10238892e+02
1837            	3.10238892e+02
1838            	3.10238892e+02
1839            	3.10238892e+02
1840            	3.10238892e+02
1841            	3.10238892e+02
1842            	3.10238892e+02
1843            	3.10238892e+02
1844            	3.10238892e+02
1845            	3.10238892e+02
1846            	3.10238892e+02
1847            	3.10238892e+02
1848            	3.10238892e+02
1849            	3.10238892e+02
1850            	3.10238892e+02
1851            	3.10238892e+02
1852            	3.10238892e+02
1853            	3.10238892e+02
1854            	3.10238892e+02
1855            	3.10238892e+02
1856            	3.10238892e+02
1857            	3.10238892e+02
1858            	3.10238892e+02
1859            	3.10238892e+02
1860            	3.10238892e+02
1861            	3.10238892e+02
1862            	3.10238892e+02
1863            	3.10238892e+02
1864            	3.10238892e+02
1865            	3.10238892e+02
1866            	3.10238892e+02
1867            	3.10238892e+02
1868            	3.10238892e+02
1869            	3.10238892e+02
1870            	3.10238892e+02
1871            	3.10238892e+02
1872            	3.10238892e+02
1873            	3.10238892e+02
1874            	3.10238892e+02
1875            	3.10238892e+02
1876            	3.10238892e+02
1877            	3.10238892e+02
1878            	3.10238892e+02
1879            	3.10238892e+02
1880            	3.10238892e+02
1881            	3.10238892e+02
1882            	3.10238892e+02
1883            	3.10238892e+02
1884            	3.10238892e+02
1885            	3.10238892e+02
1886            	3.10238892e+02
1887            	3.10238892e+02
1888            	3.10238892e+02
1889            	3.10238892e+02
1890            	3.10238892e+02
1891            	3.10238892e+02
1892            	3.10238892e+02
1893            	3.10238892e+02
1894            	3.10238892e+02
1895            	3.10238892e+02
1896            	3.10238892e+02
1897            	3.10238892e+02
1898            	3.10238892e+02
1899            	3.10238892e+02
1900            	3.10238892e+02
1901            	3.10238892e+02
1902            	3.10238892e+02
1903            	3.10238892e+02
1904            	3.10238892e+02
1905            	3.10238892e+02
1906            	3.10238892e+02
1907            	3.10238892e+02
1908            	3.10238892e+02
1909            	3.10238892e+02
1910            	3.10238892e+02
1911            	3.10238892e+02
1912            	3.10238892e+02
1913            	3.10238892e+02
1914            	3.10238892e+02
1915            	3.10238892e+02
1916            	3.10238892e+02
1917            	3.10238892e+02
1918            	3.10238892e+02
1919            	3.10238892e+02
1920            	3.10238892e+02
1921            	3.10238892e+02
1922            	3.10238892e+02
1923            	3.10238892e+02
1924            	3.10238892e+02
1925            	3.10238892e+02
1926            	3.10238892e+02
1927            	3.10238892e+02
1928            	3.10238892e+02
1929            	3.10238892e+02
1930            	3.10238892e+02
1931            	3.10238892e+02
1932            	3.10238892e+02
1933            	3.10238892e+02
1934            	3.10238892e+02
1935            	3.10238892e+02
1936            	3.10238892e+02
1937            	3.10238892e+02
1938            	3.10238892e+02
1939            	3.10238892e+02
1940            	3.10238892e+02
1941            	3.10238892e+02
1942            	3.10238892e+02
1943            	3.10238892e+02
1944            	3.10238892e+02
1945            	3.10238892e+02
1946            	3.10238892e+02
1947            	3.10238892e+02
1948            	3.10238892e+02
1949            	3.10238892e+02
1950            	3.10238892e+02
1951            	3.10238892e+02
1952            	3.10238892e+02
1953            	3.10238892e+02
1954            	3.10238892e+02
1955            	3.10238892e+02
1956            	3.10238892e+02
1957            	3.10238892e+02
1958            	3.10238892e+02
1959            	3.10238892e+02
1960            	3.10238892e+02
1961            	3.10238892e+02
1962            	3.10238892e+02
1963            	3.10238892e+02
1964            	3.10238892e+02
1965            	3.10238892e+02
1966            	3.10238892e+02
1967            	3.10238892e+02
1968            	3.10238892e+02
1969            	3.10238892e+02
1970            	3.10238892e+02
1971            	3.10238892e+02
1972            	3.10238892e+02
1973            	3.10238892e+02
1974            	3.10238892e+02
1975            	3.10238892e+02
1976            	3.10238892e+02
1977            	3.10238892e+02
1978            	3.10238892e+02
1979            	3.10238892e+02
1980            	3.10238892e+02
1981            	3.10238892e+02
1982            	3.10238892e+02
1983            	3.10238892e+02
1984            	3.10238892e+02
1985            	3.10238892e+02
1986            	3.10238892e+02
1987            	3.10238892e+02
1988            	3.10238892e+02
1989            	3.10238892e+02
1990            	3.10238892e+02
1991            	3.10238892e+02
1992            	3.10238892e+02
1993            	3.10238892e+02
1994            	3.10238892e+02
1995            	3.10238892e+02
1996            	3.10238892e+02
1997            	3.10238892e+02
1998            	3.10238892e+02
1999            	3.10238892e+02
2000            	3.10238892e+02
