/*--------------------------------*- C++ -*----------------------------------*\
| =========                 |                                                 |
| \\      /  F ield         | OpenFOAM: The Open Source CFD Toolbox           |
|  \\    /   O peration     | Version:  2506                                  |
|   \\  /    A nd           | Website:  www.openfoam.com                      |
|    \\/     M anipulation  |                                                 |
\*---------------------------------------------------------------------------*/
FoamFile
{
    version     2.0;
    format      binary;
    arch        "LSB;label=32;scalar=64";
    class       faceSet;
    location    "constant/polyMesh/sets";
    object      walls;
}
// * * * * * * * * * * * * * * * * * * * * * * * * * * * * * * * * * * * * * //


490
(
2050
1027
2054
1032
2057
2059
1035
1036
2062
2063
3091
2067
1043
3092
22
2074
2077
1056
1061
1065
3115
1069
2094
1071
3120
1073
49
50
1077
1080
1082
1084
1086
1095
2123
2125
1101
2127
1103
2129
1105
1107
2132
1110
2135
1112
2137
2139
1115
1118
1120
5217
1122
1129
112
113
118
1143
119
121
1145
1147
125
129
1155
1168
1177
1181
1184
1188
1192
3243
1196
3246
1198
1201
1203
2231
1207
1209
2234
1212
2237
1214
2239
1217
193
3266
2243
1220
3269
2246
3271
1223
200
1225
2251
1227
2253
2254
1230
3279
1233
2258
1235
3284
2261
2264
2266
2267
2270
3296
3298
2275
2277
2279
2280
2281
238
1263
3312
241
244
245
1273
1276
3325
1279
259
1283
3332
1285
261
3335
263
1289
1291
1293
1295
273
1297
3348
3352
3354
1306
283
1312
3363
291
1315
3366
1320
3370
3373
3379
3381
1342
1343
1344
1345
1346
1347
1348
3397
3399
3406
334
3408
338
3411
3413
341
3415
343
3416
3417
3418
1374
1375
1376
1383
1392
368
371
374
1398
2425
377
1402
379
1404
2430
382
2431
383
384
1408
385
2434
1412
1414
6534
1417
1421
1423
1426
1428
406
412
1438
1440
416
419
2472
424
2475
427
2477
1453
430
433
1459
436
1462
439
1464
441
1466
444
445
1469
447
2496
2497
450
451
452
454
455
456
457
1483
1493
1494
1495
1496
1497
1499
1502
2535
1517
1522
1523
1524
1530
506
1532
1534
1549
526
1551
533
1558
536
1561
1562
540
1564
1565
1566
1570
1571
1596
1597
1600
1614
1615
1618
2643
595
2652
1633
2658
613
2665
1642
1646
1647
2672
2674
1653
633
1659
636
639
641
1668
644
645
647
1673
649
650
2699
651
1676
652
654
2703
1679
657
2706
1682
658
1684
2709
1687
1689
667
2716
669
1696
673
676
679
1704
1706
682
1708
685
688
2739
691
694
697
700
2750
703
706
708
710
2759
712
713
714
715
716
717
718
720
721
722
723
2772
726
728
2777
2782
2783
2787
2793
2807
2808
767
2823
776
2828
1809
2835
2836
1812
1813
797
2847
2849
2853
2856
2859
812
2861
814
2863
816
2867
819
1844
820
2870
822
1847
1849
2874
2876
2878
2879
832
2881
2882
835
836
2885
2888
842
2892
1870
1871
847
849
852
854
2903
1880
2905
857
2906
861
862
864
867
2916
868
870
2919
871
2920
873
874
2923
1899
2925
880
2929
2932
888
2938
890
2940
893
2946
2951
2954
2955
907
2956
2957
2958
2962
934
937
939
1964
943
946
949
951
952
953
956
957
958
3007
959
3008
961
962
3011
1991
973
975
978
982
3031
985
3034
3035
988
990
993
2019
996
998
1000
3057
1013
1015
2040
1017
3068
2044
2047
)


// ************************************************************************* //
