# Region        : cellZone component_3
# Cells         : 145
# Volume        : 2.70194657e-01
# Time          	volAverage(T)
1               	3.01163045e+02
2               	3.02301687e+02
3               	3.03221379e+02
4               	3.03989367e+02
5               	3.04738990e+02
6               	3.05513100e+02
7               	3.06279261e+02
8               	3.06997629e+02
9               	3.07683298e+02
10              	3.08349593e+02
11              	3.09005288e+02
12              	3.09626421e+02
13              	3.10204672e+02
14              	3.10766770e+02
15              	3.11326799e+02
16              	3.11848974e+02
17              	3.12359060e+02
18              	3.12873849e+02
19              	3.13399018e+02
20              	3.13892046e+02
21              	3.14353553e+02
22              	3.14793377e+02
23              	3.15203577e+02
24              	3.15634869e+02
25              	3.16059310e+02
26              	3.16472236e+02
27              	3.16856729e+02
28              	3.17199795e+02
29              	3.17531092e+02
30              	3.17841327e+02
31              	3.18143732e+02
32              	3.18420416e+02
33              	3.18659700e+02
34              	3.18909182e+02
35              	3.19167844e+02
36              	3.19440896e+02
37              	3.19742991e+02
38              	3.20022326e+02
39              	3.20266285e+02
40              	3.20445620e+02
41              	3.20559239e+02
42              	3.20617477e+02
43              	3.20725192e+02
44              	3.20881177e+02
45              	3.21062927e+02
46              	3.21224108e+02
47              	3.21370236e+02
48              	3.21504252e+02
49              	3.21662859e+02
50              	3.21839764e+02
51              	3.22037810e+02
52              	3.22218299e+02
53              	3.22386744e+02
54              	3.22536705e+02
55              	3.22702795e+02
56              	3.22880867e+02
57              	3.23080004e+02
58              	3.23299175e+02
59              	3.23477127e+02
60              	3.23579527e+02
61              	3.23641393e+02
62              	3.23682698e+02
63              	3.23742800e+02
64              	3.23826883e+02
65              	3.23921107e+02
66              	3.24014342e+02
67              	3.24088741e+02
68              	3.24159522e+02
69              	3.24236473e+02
70              	3.24314871e+02
71              	3.24395200e+02
72              	3.24487951e+02
73              	3.24588530e+02
74              	3.24688908e+02
75              	3.24796502e+02
76              	3.24905433e+02
77              	3.25015127e+02
78              	3.25153285e+02
79              	3.25304241e+02
80              	3.25353057e+02
81              	3.25347223e+02
82              	3.25315234e+02
83              	3.25324254e+02
84              	3.25344741e+02
85              	3.25336969e+02
86              	3.25299277e+02
87              	3.25252701e+02
88              	3.25209313e+02
89              	3.25178504e+02
90              	3.25152848e+02
91              	3.25131430e+02
92              	3.25117285e+02
93              	3.25118098e+02
94              	3.25142241e+02
95              	3.25189258e+02
96              	3.25247470e+02
97              	3.25305962e+02
98              	3.25357209e+02
99              	3.25407262e+02
100             	3.25460117e+02
101             	3.25501145e+02
102             	3.25528046e+02
103             	3.25546433e+02
104             	3.25544053e+02
105             	3.25528542e+02
106             	3.25501414e+02
107             	3.25472072e+02
108             	3.25441137e+02
109             	3.25409141e+02
110             	3.25374484e+02
111             	3.25341624e+02
112             	3.25311390e+02
113             	3.25292179e+02
114             	3.25291574e+02
115             	3.25304159e+02
116             	3.25325646e+02
117             	3.25354208e+02
118             	3.25388279e+02
119             	3.25425147e+02
120             	3.25465157e+02
121             	3.25510708e+02
122             	3.25557081e+02
123             	3.25603047e+02
124             	3.25648728e+02
125             	3.25690969e+02
126             	3.25729680e+02
127             	3.25763531e+02
128             	3.25786941e+02
129             	3.25802630e+02
130             	3.25811470e+02
131             	3.25814849e+02
132             	3.25811987e+02
133             	3.25801071e+02
134             	3.25789499e+02
135             	3.25777690e+02
136             	3.25764937e+02
137             	3.25740119e+02
138             	3.25712298e+02
139             	3.25679765e+02
140             	3.25642930e+02
141             	3.25602702e+02
142             	3.25561452e+02
143             	3.25527317e+02
144             	3.25499974e+02
145             	3.25480471e+02
146             	3.25472906e+02
147             	3.25473126e+02
148             	3.25471252e+02
149             	3.25468833e+02
150             	3.25469216e+02
151             	3.25473609e+02
152             	3.25479664e+02
153             	3.25483507e+02
154             	3.25493789e+02
155             	3.25515837e+02
156             	3.25542449e+02
157             	3.25571827e+02
158             	3.25604955e+02
159             	3.25639432e+02
160             	3.25675794e+02
161             	3.25717266e+02
162             	3.25762196e+02
163             	3.25802026e+02
164             	3.25842063e+02
165             	3.25879402e+02
166             	3.25915428e+02
167             	3.25952948e+02
168             	3.25991182e+02
169             	3.26027347e+02
170             	3.26055974e+02
171             	3.26080055e+02
172             	3.26100556e+02
173             	3.26118188e+02
174             	3.26133329e+02
175             	3.26145311e+02
176             	3.26153678e+02
177             	3.26162140e+02
178             	3.26167160e+02
179             	3.26171135e+02
180             	3.26164215e+02
181             	3.26155307e+02
182             	3.26144307e+02
183             	3.26134186e+02
184             	3.26123529e+02
185             	3.26115623e+02
186             	3.26109466e+02
187             	3.26103706e+02
188             	3.26100191e+02
189             	3.26098884e+02
190             	3.26101965e+02
191             	3.26109811e+02
192             	3.26121574e+02
193             	3.26141779e+02
194             	3.26166249e+02
195             	3.26194406e+02
196             	3.26228979e+02
197             	3.26262720e+02
198             	3.26300164e+02
199             	3.26335568e+02
200             	3.26370084e+02
201             	3.26406203e+02
202             	3.26440804e+02
203             	3.26474401e+02
204             	3.26504696e+02
205             	3.26531919e+02
206             	3.26555179e+02
207             	3.26573867e+02
208             	3.26586547e+02
209             	3.26592326e+02
210             	3.26588605e+02
211             	3.26580479e+02
212             	3.26565123e+02
213             	3.26547973e+02
214             	3.26538120e+02
215             	3.26532548e+02
216             	3.26529133e+02
217             	3.26527853e+02
218             	3.26524598e+02
219             	3.26520395e+02
220             	3.26517974e+02
221             	3.26518127e+02
222             	3.26519944e+02
223             	3.26518462e+02
224             	3.26520989e+02
225             	3.26526235e+02
226             	3.26532143e+02
227             	3.26538875e+02
228             	3.26545069e+02
229             	3.26549859e+02
230             	3.26554261e+02
231             	3.26557372e+02
232             	3.26559478e+02
233             	3.26563054e+02
234             	3.26567970e+02
235             	3.26576030e+02
236             	3.26586470e+02
237             	3.26597335e+02
238             	3.26608220e+02
239             	3.26618340e+02
240             	3.26626887e+02
241             	3.26636369e+02
242             	3.26645429e+02
243             	3.26655033e+02
244             	3.26667318e+02
245             	3.26676461e+02
246             	3.26686994e+02
247             	3.26700791e+02
248             	3.26716566e+02
249             	3.26733420e+02
250             	3.26748134e+02
251             	3.26760757e+02
252             	3.26772688e+02
253             	3.26785747e+02
254             	3.26798102e+02
255             	3.26811835e+02
256             	3.26820811e+02
257             	3.26827199e+02
258             	3.26829582e+02
259             	3.26835089e+02
260             	3.26841152e+02
261             	3.26848558e+02
262             	3.26851058e+02
263             	3.26850870e+02
264             	3.26850885e+02
265             	3.26844207e+02
266             	3.26835598e+02
267             	3.26825429e+02
268             	3.26814320e+02
269             	3.26801100e+02
270             	3.26783289e+02
271             	3.26772204e+02
272             	3.26771552e+02
273             	3.26774412e+02
274             	3.26776852e+02
275             	3.26780285e+02
276             	3.26787650e+02
277             	3.26798254e+02
278             	3.26804156e+02
279             	3.26807757e+02
280             	3.26811720e+02
281             	3.26817692e+02
282             	3.26824002e+02
283             	3.26830326e+02
284             	3.26837579e+02
285             	3.26847930e+02
286             	3.26861133e+02
287             	3.26868208e+02
288             	3.26874670e+02
289             	3.26874861e+02
290             	3.26870043e+02
291             	3.26863941e+02
292             	3.26858156e+02
293             	3.26852345e+02
294             	3.26845172e+02
295             	3.26830202e+02
296             	3.26821621e+02
297             	3.26822220e+02
298             	3.26827494e+02
299             	3.26832061e+02
300             	3.26835347e+02
301             	3.26839857e+02
302             	3.26847546e+02
303             	3.26858107e+02
304             	3.26871369e+02
305             	3.26886341e+02
306             	3.26902677e+02
307             	3.26920406e+02
308             	3.26938346e+02
309             	3.26954338e+02
310             	3.26967459e+02
311             	3.26977706e+02
312             	3.26985688e+02
313             	3.26992614e+02
314             	3.26994585e+02
315             	3.26994968e+02
316             	3.26992518e+02
317             	3.26987525e+02
318             	3.26981497e+02
319             	3.26975024e+02
320             	3.26970113e+02
321             	3.26964742e+02
322             	3.26958606e+02
323             	3.26954420e+02
324             	3.26953247e+02
325             	3.26952552e+02
326             	3.26949734e+02
327             	3.26949587e+02
328             	3.26952329e+02
329             	3.26956208e+02
330             	3.26961415e+02
331             	3.26970198e+02
332             	3.26983245e+02
333             	3.26995601e+02
334             	3.27006114e+02
335             	3.27018301e+02
336             	3.27032036e+02
337             	3.27046115e+02
338             	3.27050494e+02
339             	3.27049028e+02
340             	3.27049831e+02
341             	3.27052166e+02
342             	3.27049185e+02
343             	3.27046886e+02
344             	3.27044478e+02
345             	3.27041339e+02
346             	3.27038236e+02
347             	3.27035450e+02
348             	3.27031593e+02
349             	3.27025865e+02
350             	3.27020434e+02
351             	3.27016782e+02
352             	3.27016718e+02
353             	3.27019683e+02
354             	3.27022621e+02
355             	3.27025186e+02
356             	3.27029725e+02
357             	3.27036707e+02
358             	3.27044234e+02
359             	3.27051791e+02
360             	3.27061878e+02
361             	3.27074433e+02
362             	3.27084487e+02
363             	3.27092754e+02
364             	3.27100786e+02
365             	3.27108869e+02
366             	3.27110254e+02
367             	3.27112888e+02
368             	3.27117435e+02
369             	3.27122060e+02
370             	3.27122265e+02
371             	3.27120014e+02
372             	3.27117309e+02
373             	3.27114843e+02
374             	3.27110733e+02
375             	3.27108232e+02
376             	3.27108874e+02
377             	3.27109399e+02
378             	3.27111630e+02
379             	3.27115918e+02
380             	3.27122701e+02
381             	3.27132948e+02
382             	3.27145334e+02
383             	3.27157972e+02
384             	3.27168559e+02
385             	3.27179335e+02
386             	3.27190386e+02
387             	3.27195868e+02
388             	3.27201034e+02
389             	3.27205206e+02
390             	3.27203920e+02
391             	3.27200993e+02
392             	3.27198239e+02
393             	3.27195295e+02
394             	3.27189815e+02
395             	3.27182190e+02
396             	3.27172726e+02
397             	3.27161772e+02
398             	3.27152680e+02
399             	3.27144006e+02
400             	3.27137323e+02
401             	3.27131303e+02
402             	3.27127929e+02
403             	3.27126336e+02
404             	3.27125450e+02
405             	3.27125016e+02
406             	3.27127725e+02
407             	3.27132147e+02
408             	3.27136372e+02
409             	3.27138182e+02
410             	3.27140773e+02
411             	3.27141884e+02
412             	3.27144652e+02
413             	3.27149285e+02
414             	3.27154314e+02
415             	3.27158698e+02
416             	3.27162039e+02
417             	3.27164324e+02
418             	3.27165213e+02
419             	3.27164675e+02
420             	3.27163403e+02
421             	3.27161580e+02
422             	3.27159096e+02
423             	3.27156061e+02
424             	3.27154589e+02
425             	3.27154731e+02
426             	3.27155577e+02
427             	3.27157409e+02
428             	3.27159627e+02
429             	3.27161575e+02
430             	3.27163823e+02
431             	3.27166536e+02
432             	3.27169666e+02
433             	3.27172128e+02
434             	3.27175005e+02
435             	3.27178846e+02
436             	3.27182398e+02
437             	3.27184954e+02
438             	3.27187929e+02
439             	3.27192070e+02
440             	3.27196931e+02
441             	3.27201015e+02
442             	3.27203540e+02
443             	3.27206698e+02
444             	3.27210562e+02
445             	3.27213786e+02
446             	3.27216820e+02
447             	3.27219927e+02
448             	3.27222347e+02
449             	3.27224172e+02
450             	3.27225480e+02
451             	3.27226808e+02
452             	3.27228533e+02
453             	3.27228742e+02
454             	3.27229860e+02
455             	3.27230610e+02
456             	3.27230363e+02
457             	3.27229362e+02
458             	3.27228398e+02
459             	3.27227032e+02
460             	3.27225421e+02
461             	3.27222522e+02
462             	3.27218030e+02
463             	3.27213444e+02
464             	3.27209481e+02
465             	3.27205884e+02
466             	3.27202903e+02
467             	3.27200114e+02
468             	3.27196547e+02
469             	3.27193790e+02
470             	3.27190337e+02
471             	3.27186622e+02
472             	3.27182944e+02
473             	3.27179936e+02
474             	3.27177598e+02
475             	3.27175815e+02
476             	3.27175241e+02
477             	3.27175627e+02
478             	3.27175586e+02
479             	3.27176405e+02
480             	3.27178059e+02
481             	3.27179941e+02
482             	3.27182451e+02
483             	3.27185287e+02
484             	3.27187771e+02
485             	3.27189869e+02
486             	3.27192320e+02
487             	3.27195189e+02
488             	3.27198906e+02
489             	3.27203108e+02
490             	3.27207383e+02
491             	3.27211580e+02
492             	3.27215755e+02
493             	3.27219301e+02
494             	3.27222235e+02
495             	3.27224718e+02
496             	3.27226994e+02
497             	3.27229060e+02
498             	3.27231273e+02
499             	3.27232775e+02
500             	3.27233930e+02
501             	3.27234287e+02
502             	3.27234651e+02
503             	3.27234893e+02
504             	3.27235024e+02
505             	3.27235292e+02
506             	3.27235524e+02
507             	3.27236060e+02
508             	3.27236092e+02
509             	3.27236255e+02
510             	3.27236690e+02
511             	3.27236873e+02
512             	3.27236689e+02
513             	3.27236231e+02
514             	3.27235865e+02
515             	3.27236034e+02
516             	3.27236143e+02
517             	3.27236081e+02
518             	3.27236240e+02
519             	3.27237055e+02
520             	3.27238019e+02
521             	3.27238863e+02
522             	3.27239903e+02
523             	3.27240550e+02
524             	3.27241033e+02
525             	3.27241525e+02
526             	3.27241439e+02
527             	3.27240984e+02
528             	3.27240397e+02
529             	3.27239800e+02
530             	3.27239028e+02
531             	3.27237843e+02
532             	3.27236371e+02
533             	3.27234699e+02
534             	3.27232911e+02
535             	3.27231359e+02
536             	3.27229276e+02
537             	3.27227277e+02
538             	3.27225242e+02
539             	3.27223176e+02
540             	3.27221099e+02
541             	3.27219142e+02
542             	3.27217543e+02
543             	3.27216310e+02
544             	3.27215195e+02
545             	3.27214495e+02
546             	3.27214243e+02
547             	3.27214392e+02
548             	3.27215121e+02
549             	3.27216382e+02
550             	3.27217968e+02
551             	3.27219828e+02
552             	3.27222527e+02
553             	3.27225403e+02
554             	3.27228696e+02
555             	3.27232152e+02
556             	3.27235688e+02
557             	3.27239085e+02
558             	3.27242060e+02
559             	3.27244903e+02
560             	3.27247792e+02
561             	3.27250707e+02
562             	3.27253581e+02
563             	3.27256194e+02
564             	3.27259134e+02
565             	3.27261655e+02
566             	3.27263556e+02
567             	3.27264791e+02
568             	3.27265533e+02
569             	3.27266355e+02
570             	3.27267085e+02
571             	3.27267482e+02
572             	3.27267533e+02
573             	3.27267243e+02
574             	3.27266721e+02
575             	3.27266064e+02
576             	3.27266000e+02
577             	3.27265378e+02
578             	3.27264218e+02
579             	3.27262601e+02
580             	3.27260887e+02
581             	3.27259426e+02
582             	3.27257971e+02
583             	3.27256427e+02
584             	3.27254857e+02
585             	3.27253471e+02
586             	3.27252250e+02
587             	3.27251024e+02
588             	3.27249612e+02
589             	3.27248225e+02
590             	3.27247183e+02
591             	3.27246319e+02
592             	3.27245353e+02
593             	3.27244320e+02
594             	3.27243709e+02
595             	3.27243504e+02
596             	3.27243564e+02
597             	3.27243791e+02
598             	3.27244164e+02
599             	3.27244588e+02
600             	3.27244712e+02
601             	3.27244745e+02
602             	3.27244948e+02
603             	3.27245297e+02
604             	3.27245596e+02
605             	3.27245874e+02
606             	3.27246121e+02
607             	3.27246799e+02
608             	3.27247928e+02
609             	3.27249069e+02
610             	3.27250038e+02
611             	3.27251085e+02
612             	3.27251393e+02
613             	3.27251044e+02
614             	3.27250534e+02
615             	3.27250540e+02
616             	3.27251076e+02
617             	3.27251733e+02
618             	3.27252156e+02
619             	3.27252657e+02
620             	3.27252436e+02
621             	3.27252551e+02
622             	3.27252773e+02
623             	3.27252950e+02
624             	3.27253270e+02
625             	3.27253796e+02
626             	3.27254194e+02
627             	3.27254565e+02
628             	3.27254941e+02
629             	3.27255455e+02
630             	3.27256332e+02
631             	3.27257336e+02
632             	3.27258450e+02
633             	3.27259592e+02
634             	3.27260840e+02
635             	3.27262509e+02
636             	3.27263844e+02
637             	3.27265092e+02
638             	3.27266060e+02
639             	3.27266731e+02
640             	3.27267212e+02
641             	3.27267596e+02
642             	3.27267804e+02
643             	3.27267795e+02
644             	3.27267889e+02
645             	3.27267658e+02
646             	3.27267178e+02
647             	3.27266801e+02
648             	3.27266353e+02
649             	3.27265723e+02
650             	3.27264329e+02
651             	3.27263197e+02
652             	3.27262388e+02
653             	3.27261510e+02
654             	3.27260596e+02
655             	3.27259600e+02
656             	3.27258675e+02
657             	3.27257918e+02
658             	3.27257294e+02
659             	3.27256821e+02
660             	3.27256439e+02
661             	3.27256068e+02
662             	3.27255457e+02
663             	3.27254770e+02
664             	3.27254373e+02
665             	3.27254079e+02
666             	3.27253874e+02
667             	3.27253847e+02
668             	3.27254186e+02
669             	3.27254665e+02
670             	3.27254929e+02
671             	3.27254944e+02
672             	3.27254917e+02
673             	3.27255178e+02
674             	3.27255838e+02
675             	3.27256558e+02
676             	3.27257459e+02
677             	3.27258428e+02
678             	3.27259167e+02
679             	3.27259928e+02
680             	3.27260559e+02
681             	3.27261068e+02
682             	3.27261241e+02
683             	3.27261675e+02
684             	3.27261750e+02
685             	3.27262076e+02
686             	3.27262662e+02
687             	3.27263275e+02
688             	3.27263789e+02
689             	3.27264230e+02
690             	3.27264727e+02
691             	3.27265100e+02
692             	3.27265601e+02
693             	3.27266179e+02
694             	3.27266661e+02
695             	3.27267024e+02
696             	3.27267368e+02
697             	3.27267859e+02
698             	3.27268418e+02
699             	3.27268879e+02
700             	3.27269250e+02
701             	3.27269987e+02
702             	3.27270880e+02
703             	3.27271217e+02
704             	3.27271131e+02
705             	3.27270861e+02
706             	3.27270205e+02
707             	3.27269594e+02
708             	3.27268920e+02
709             	3.27268441e+02
710             	3.27267880e+02
711             	3.27267174e+02
712             	3.27266360e+02
713             	3.27265539e+02
714             	3.27264752e+02
715             	3.27264023e+02
716             	3.27263604e+02
717             	3.27263385e+02
718             	3.27263288e+02
719             	3.27262992e+02
720             	3.27262829e+02
721             	3.27262650e+02
722             	3.27262221e+02
723             	3.27261804e+02
724             	3.27261557e+02
725             	3.27261432e+02
726             	3.27261424e+02
727             	3.27261395e+02
728             	3.27261107e+02
729             	3.27260722e+02
730             	3.27260292e+02
731             	3.27259757e+02
732             	3.27259125e+02
733             	3.27258504e+02
734             	3.27258016e+02
735             	3.27257702e+02
736             	3.27257532e+02
737             	3.27257490e+02
738             	3.27257587e+02
739             	3.27257847e+02
740             	3.27258095e+02
741             	3.27258403e+02
742             	3.27258870e+02
743             	3.27259288e+02
744             	3.27259783e+02
745             	3.27260297e+02
746             	3.27260755e+02
747             	3.27261229e+02
748             	3.27261765e+02
749             	3.27262335e+02
750             	3.27262880e+02
751             	3.27263429e+02
752             	3.27264003e+02
753             	3.27264595e+02
754             	3.27265251e+02
755             	3.27265854e+02
756             	3.27266444e+02
757             	3.27267222e+02
758             	3.27267977e+02
759             	3.27268536e+02
760             	3.27268803e+02
761             	3.27268972e+02
762             	3.27269352e+02
763             	3.27269772e+02
764             	3.27270140e+02
765             	3.27270492e+02
766             	3.27270798e+02
767             	3.27271029e+02
768             	3.27271105e+02
769             	3.27271277e+02
770             	3.27271206e+02
771             	3.27270951e+02
772             	3.27270651e+02
773             	3.27270458e+02
774             	3.27270203e+02
775             	3.27269874e+02
776             	3.27269519e+02
777             	3.27269063e+02
778             	3.27268512e+02
779             	3.27267848e+02
780             	3.27267131e+02
781             	3.27266400e+02
782             	3.27265457e+02
783             	3.27264511e+02
784             	3.27263664e+02
785             	3.27263024e+02
786             	3.27262437e+02
787             	3.27261852e+02
788             	3.27261414e+02
789             	3.27261129e+02
790             	3.27260982e+02
791             	3.27260888e+02
792             	3.27260850e+02
793             	3.27260745e+02
794             	3.27260747e+02
795             	3.27260944e+02
796             	3.27261188e+02
797             	3.27261641e+02
798             	3.27262133e+02
799             	3.27262636e+02
800             	3.27263179e+02
801             	3.27263781e+02
802             	3.27264359e+02
803             	3.27264928e+02
804             	3.27265445e+02
805             	3.27265921e+02
806             	3.27266348e+02
807             	3.27266717e+02
808             	3.27266992e+02
809             	3.27267201e+02
810             	3.27267499e+02
811             	3.27267840e+02
812             	3.27268038e+02
813             	3.27268248e+02
814             	3.27268461e+02
815             	3.27268626e+02
816             	3.27268722e+02
817             	3.27268770e+02
818             	3.27268796e+02
819             	3.27268877e+02
820             	3.27269011e+02
821             	3.27269126e+02
822             	3.27269202e+02
823             	3.27269382e+02
824             	3.27269744e+02
825             	3.27270261e+02
826             	3.27270547e+02
827             	3.27270540e+02
828             	3.27270471e+02
829             	3.27270527e+02
830             	3.27270745e+02
831             	3.27271001e+02
832             	3.27271180e+02
833             	3.27271259e+02
834             	3.27271301e+02
835             	3.27271315e+02
836             	3.27271109e+02
837             	3.27270834e+02
838             	3.27270464e+02
839             	3.27270034e+02
840             	3.27269582e+02
841             	3.27269239e+02
842             	3.27268899e+02
843             	3.27268597e+02
844             	3.27268205e+02
845             	3.27267762e+02
846             	3.27267262e+02
847             	3.27266727e+02
848             	3.27266185e+02
849             	3.27265694e+02
850             	3.27265178e+02
851             	3.27264764e+02
852             	3.27264451e+02
853             	3.27264220e+02
854             	3.27264031e+02
855             	3.27263742e+02
856             	3.27263539e+02
857             	3.27263472e+02
858             	3.27263422e+02
859             	3.27263364e+02
860             	3.27263319e+02
861             	3.27263329e+02
862             	3.27263477e+02
863             	3.27263765e+02
864             	3.27264173e+02
865             	3.27264669e+02
866             	3.27265146e+02
867             	3.27265605e+02
868             	3.27266130e+02
869             	3.27266691e+02
870             	3.27267251e+02
871             	3.27267784e+02
872             	3.27268283e+02
873             	3.27268752e+02
874             	3.27269183e+02
875             	3.27269597e+02
876             	3.27269969e+02
877             	3.27270288e+02
878             	3.27270562e+02
879             	3.27270795e+02
880             	3.27270961e+02
881             	3.27271083e+02
882             	3.27271156e+02
883             	3.27271183e+02
884             	3.27271304e+02
885             	3.27271379e+02
886             	3.27271400e+02
887             	3.27271362e+02
888             	3.27271289e+02
889             	3.27271198e+02
890             	3.27271040e+02
891             	3.27270817e+02
892             	3.27270561e+02
893             	3.27270299e+02
894             	3.27270056e+02
895             	3.27269835e+02
896             	3.27269655e+02
897             	3.27269590e+02
898             	3.27269478e+02
899             	3.27269302e+02
900             	3.27269111e+02
901             	3.27268919e+02
902             	3.27268623e+02
903             	3.27268342e+02
904             	3.27268157e+02
905             	3.27268053e+02
906             	3.27268026e+02
907             	3.27268025e+02
908             	3.27268046e+02
909             	3.27268008e+02
910             	3.27267911e+02
911             	3.27267817e+02
912             	3.27267810e+02
913             	3.27267925e+02
914             	3.27267979e+02
915             	3.27267971e+02
916             	3.27267941e+02
917             	3.27267915e+02
918             	3.27267667e+02
919             	3.27267470e+02
920             	3.27267415e+02
921             	3.27267435e+02
922             	3.27267448e+02
923             	3.27267420e+02
924             	3.27267351e+02
925             	3.27267308e+02
926             	3.27267310e+02
927             	3.27267318e+02
928             	3.27267332e+02
929             	3.27267395e+02
930             	3.27267469e+02
931             	3.27267544e+02
932             	3.27267689e+02
933             	3.27267925e+02
934             	3.27268128e+02
935             	3.27268252e+02
936             	3.27268325e+02
937             	3.27268451e+02
938             	3.27268636e+02
939             	3.27268847e+02
940             	3.27269021e+02
941             	3.27269135e+02
942             	3.27269274e+02
943             	3.27269372e+02
944             	3.27269416e+02
945             	3.27269397e+02
946             	3.27269306e+02
947             	3.27269203e+02
948             	3.27269157e+02
949             	3.27269134e+02
950             	3.27269120e+02
951             	3.27269145e+02
952             	3.27269201e+02
953             	3.27269275e+02
954             	3.27269337e+02
955             	3.27269356e+02
956             	3.27269351e+02
957             	3.27269341e+02
958             	3.27269334e+02
959             	3.27269344e+02
960             	3.27269369e+02
961             	3.27269397e+02
962             	3.27269427e+02
963             	3.27269453e+02
964             	3.27269457e+02
965             	3.27269454e+02
966             	3.27269393e+02
967             	3.27269328e+02
968             	3.27269208e+02
969             	3.27269063e+02
970             	3.27268882e+02
971             	3.27268696e+02
972             	3.27268527e+02
973             	3.27268387e+02
974             	3.27268270e+02
975             	3.27268172e+02
976             	3.27268095e+02
977             	3.27268024e+02
978             	3.27267964e+02
979             	3.27267901e+02
980             	3.27267833e+02
981             	3.27267796e+02
982             	3.27267753e+02
983             	3.27267719e+02
984             	3.27267694e+02
985             	3.27267671e+02
986             	3.27267643e+02
987             	3.27267601e+02
988             	3.27267568e+02
989             	3.27267575e+02
990             	3.27267608e+02
991             	3.27267633e+02
992             	3.27267649e+02
993             	3.27267670e+02
994             	3.27267691e+02
995             	3.27267702e+02
996             	3.27267714e+02
997             	3.27267727e+02
998             	3.27267773e+02
999             	3.27267830e+02
1000            	3.27267911e+02
1001            	3.27267999e+02
1002            	3.27268132e+02
1003            	3.27268284e+02
1004            	3.27268459e+02
1005            	3.27268633e+02
1006            	3.27268808e+02
1007            	3.27268971e+02
1008            	3.27269159e+02
1009            	3.27269328e+02
1010            	3.27269490e+02
1011            	3.27269634e+02
1012            	3.27269781e+02
1013            	3.27269929e+02
1014            	3.27270075e+02
1015            	3.27270220e+02
1016            	3.27270356e+02
1017            	3.27270444e+02
1018            	3.27270506e+02
1019            	3.27270541e+02
1020            	3.27270544e+02
1021            	3.27270531e+02
1022            	3.27270483e+02
1023            	3.27270382e+02
1024            	3.27270245e+02
1025            	3.27270081e+02
1026            	3.27269928e+02
1027            	3.27269772e+02
1028            	3.27269573e+02
1029            	3.27269356e+02
1030            	3.27269140e+02
1031            	3.27268923e+02
1032            	3.27268703e+02
1033            	3.27268483e+02
1034            	3.27268248e+02
1035            	3.27267984e+02
1036            	3.27267731e+02
1037            	3.27267507e+02
1038            	3.27267313e+02
1039            	3.27267120e+02
1040            	3.27266950e+02
1041            	3.27266823e+02
1042            	3.27266707e+02
1043            	3.27266632e+02
1044            	3.27266586e+02
1045            	3.27266566e+02
1046            	3.27266561e+02
1047            	3.27266570e+02
1048            	3.27266596e+02
1049            	3.27266623e+02
1050            	3.27266681e+02
1051            	3.27266782e+02
1052            	3.27266916e+02
1053            	3.27267064e+02
1054            	3.27267218e+02
1055            	3.27267382e+02
1056            	3.27267554e+02
1057            	3.27267724e+02
1058            	3.27267903e+02
1059            	3.27268090e+02
1060            	3.27268249e+02
1061            	3.27268391e+02
1062            	3.27268547e+02
1063            	3.27268713e+02
1064            	3.27268864e+02
1065            	3.27269009e+02
1066            	3.27269171e+02
1067            	3.27269333e+02
1068            	3.27269538e+02
1069            	3.27269693e+02
1070            	3.27269825e+02
1071            	3.27269901e+02
1072            	3.27269909e+02
1073            	3.27269893e+02
1074            	3.27269878e+02
1075            	3.27269852e+02
1076            	3.27269799e+02
1077            	3.27269735e+02
1078            	3.27269675e+02
1079            	3.27269654e+02
1080            	3.27269585e+02
1081            	3.27269474e+02
1082            	3.27269339e+02
1083            	3.27269165e+02
1084            	3.27268981e+02
1085            	3.27268700e+02
1086            	3.27268486e+02
1087            	3.27268345e+02
1088            	3.27268208e+02
1089            	3.27268075e+02
1090            	3.27267929e+02
1091            	3.27267747e+02
1092            	3.27267559e+02
1093            	3.27267386e+02
1094            	3.27267239e+02
1095            	3.27267123e+02
1096            	3.27267046e+02
1097            	3.27266989e+02
1098            	3.27266952e+02
1099            	3.27266944e+02
1100            	3.27266951e+02
1101            	3.27266979e+02
1102            	3.27267008e+02
1103            	3.27267061e+02
1104            	3.27267085e+02
1105            	3.27267145e+02
1106            	3.27267244e+02
1107            	3.27267339e+02
1108            	3.27267436e+02
1109            	3.27267537e+02
1110            	3.27267643e+02
1111            	3.27267756e+02
1112            	3.27267905e+02
1113            	3.27268031e+02
1114            	3.27268128e+02
1115            	3.27268205e+02
1116            	3.27268290e+02
1117            	3.27268374e+02
1118            	3.27268455e+02
1119            	3.27268529e+02
1120            	3.27268605e+02
1121            	3.27268701e+02
1122            	3.27268805e+02
1123            	3.27268850e+02
1124            	3.27268896e+02
1125            	3.27268921e+02
1126            	3.27268923e+02
1127            	3.27268886e+02
1128            	3.27268830e+02
1129            	3.27268811e+02
1130            	3.27268828e+02
1131            	3.27268851e+02
1132            	3.27268888e+02
1133            	3.27268946e+02
1134            	3.27269017e+02
1135            	3.27269092e+02
1136            	3.27269225e+02
1137            	3.27269328e+02
1138            	3.27269369e+02
1139            	3.27269367e+02
1140            	3.27269382e+02
1141            	3.27269382e+02
1142            	3.27269361e+02
1143            	3.27269323e+02
1144            	3.27269272e+02
1145            	3.27269161e+02
1146            	3.27269043e+02
1147            	3.27268951e+02
1148            	3.27268840e+02
1149            	3.27268718e+02
1150            	3.27268593e+02
1151            	3.27268472e+02
1152            	3.27268361e+02
1153            	3.27268266e+02
1154            	3.27268139e+02
1155            	3.27268003e+02
1156            	3.27267857e+02
1157            	3.27267720e+02
1158            	3.27267559e+02
1159            	3.27267418e+02
1160            	3.27267326e+02
1161            	3.27267264e+02
1162            	3.27267246e+02
1163            	3.27267251e+02
1164            	3.27267346e+02
1165            	3.27267462e+02
1166            	3.27267474e+02
1167            	3.27267432e+02
1168            	3.27267397e+02
1169            	3.27267380e+02
1170            	3.27267346e+02
1171            	3.27267352e+02
1172            	3.27267400e+02
1173            	3.27267479e+02
1174            	3.27267480e+02
1175            	3.27267437e+02
1176            	3.27267460e+02
1177            	3.27267529e+02
1178            	3.27267598e+02
1179            	3.27267654e+02
1180            	3.27267747e+02
1181            	3.27267864e+02
1182            	3.27268026e+02
1183            	3.27268219e+02
1184            	3.27268414e+02
1185            	3.27268648e+02
1186            	3.27268871e+02
1187            	3.27269077e+02
1188            	3.27269265e+02
1189            	3.27269385e+02
1190            	3.27269507e+02
1191            	3.27269591e+02
1192            	3.27269694e+02
1193            	3.27269871e+02
1194            	3.27269980e+02
1195            	3.27270035e+02
1196            	3.27270060e+02
1197            	3.27270070e+02
1198            	3.27270047e+02
1199            	3.27269980e+02
1200            	3.27269889e+02
1201            	3.27269773e+02
1202            	3.27269631e+02
1203            	3.27269498e+02
1204            	3.27269276e+02
1205            	3.27269097e+02
1206            	3.27268968e+02
1207            	3.27268875e+02
1208            	3.27268859e+02
1209            	3.27268886e+02
1210            	3.27268861e+02
1211            	3.27268801e+02
1212            	3.27268812e+02
1213            	3.27268804e+02
1214            	3.27268758e+02
1215            	3.27268694e+02
1216            	3.27268608e+02
1217            	3.27268553e+02
1218            	3.27268515e+02
1219            	3.27268479e+02
1220            	3.27268428e+02
1221            	3.27268364e+02
1222            	3.27268264e+02
1223            	3.27268148e+02
1224            	3.27267993e+02
1225            	3.27267831e+02
1226            	3.27267670e+02
1227            	3.27267553e+02
1228            	3.27267525e+02
1229            	3.27267511e+02
1230            	3.27267463e+02
1231            	3.27267413e+02
1232            	3.27267381e+02
1233            	3.27267370e+02
1234            	3.27267318e+02
1235            	3.27267214e+02
1236            	3.27267221e+02
1237            	3.27267318e+02
1238            	3.27267409e+02
1239            	3.27267513e+02
1240            	3.27267622e+02
1241            	3.27267729e+02
1242            	3.27267816e+02
1243            	3.27267892e+02
1244            	3.27267998e+02
1245            	3.27268080e+02
1246            	3.27268180e+02
1247            	3.27268304e+02
1248            	3.27268393e+02
1249            	3.27268477e+02
1250            	3.27268537e+02
1251            	3.27268561e+02
1252            	3.27268607e+02
1253            	3.27268653e+02
1254            	3.27268684e+02
1255            	3.27268709e+02
1256            	3.27268737e+02
1257            	3.27268739e+02
1258            	3.27268734e+02
1259            	3.27268722e+02
1260            	3.27268768e+02
1261            	3.27268838e+02
1262            	3.27268926e+02
1263            	3.27269014e+02
1264            	3.27269112e+02
1265            	3.27269213e+02
1266            	3.27269290e+02
1267            	3.27269360e+02
1268            	3.27269420e+02
1269            	3.27269382e+02
1270            	3.27269285e+02
1271            	3.27269182e+02
1272            	3.27269080e+02
1273            	3.27268881e+02
1274            	3.27268727e+02
1275            	3.27268635e+02
1276            	3.27268569e+02
1277            	3.27268526e+02
1278            	3.27268474e+02
1279            	3.27268412e+02
1280            	3.27268290e+02
1281            	3.27268137e+02
1282            	3.27267938e+02
1283            	3.27267740e+02
1284            	3.27267556e+02
1285            	3.27267405e+02
1286            	3.27267285e+02
1287            	3.27267223e+02
1288            	3.27267168e+02
1289            	3.27267156e+02
1290            	3.27267171e+02
1291            	3.27267204e+02
1292            	3.27267260e+02
1293            	3.27267312e+02
1294            	3.27267378e+02
1295            	3.27267438e+02
1296            	3.27267424e+02
1297            	3.27267449e+02
1298            	3.27267503e+02
1299            	3.27267572e+02
1300            	3.27267712e+02
1301            	3.27267831e+02
1302            	3.27267929e+02
1303            	3.27268020e+02
1304            	3.27268097e+02
1305            	3.27268184e+02
1306            	3.27268284e+02
1307            	3.27268352e+02
1308            	3.27268399e+02
1309            	3.27268447e+02
1310            	3.27268495e+02
1311            	3.27268555e+02
1312            	3.27268627e+02
1313            	3.27268705e+02
1314            	3.27268788e+02
1315            	3.27268859e+02
1316            	3.27268899e+02
1317            	3.27268914e+02
1318            	3.27268923e+02
1319            	3.27268907e+02
1320            	3.27268930e+02
1321            	3.27268933e+02
1322            	3.27268912e+02
1323            	3.27268897e+02
1324            	3.27268905e+02
1325            	3.27268935e+02
1326            	3.27268989e+02
1327            	3.27269045e+02
1328            	3.27269094e+02
1329            	3.27269145e+02
1330            	3.27269189e+02
1331            	3.27269221e+02
1332            	3.27269232e+02
1333            	3.27269210e+02
1334            	3.27269168e+02
1335            	3.27269114e+02
1336            	3.27269045e+02
1337            	3.27268983e+02
1338            	3.27268920e+02
1339            	3.27268874e+02
1340            	3.27268834e+02
1341            	3.27268796e+02
1342            	3.27268761e+02
1343            	3.27268715e+02
1344            	3.27268697e+02
1345            	3.27268659e+02
1346            	3.27268615e+02
1347            	3.27268552e+02
1348            	3.27268508e+02
1349            	3.27268442e+02
1350            	3.27268359e+02
1351            	3.27268268e+02
1352            	3.27268181e+02
1353            	3.27268094e+02
1354            	3.27268012e+02
1355            	3.27267934e+02
1356            	3.27267868e+02
1357            	3.27267816e+02
1358            	3.27267787e+02
1359            	3.27267718e+02
1360            	3.27267673e+02
1361            	3.27267656e+02
1362            	3.27267650e+02
1363            	3.27267629e+02
1364            	3.27267618e+02
1365            	3.27267619e+02
1366            	3.27267637e+02
1367            	3.27267673e+02
1368            	3.27267723e+02
1369            	3.27267792e+02
1370            	3.27267893e+02
1371            	3.27267992e+02
1372            	3.27268094e+02
1373            	3.27268235e+02
1374            	3.27268383e+02
1375            	3.27268513e+02
1376            	3.27268606e+02
1377            	3.27268682e+02
1378            	3.27268746e+02
1379            	3.27268806e+02
1380            	3.27268866e+02
1381            	3.27268928e+02
1382            	3.27268991e+02
1383            	3.27269046e+02
1384            	3.27269090e+02
1385            	3.27269140e+02
1386            	3.27269194e+02
1387            	3.27269258e+02
1388            	3.27269330e+02
1389            	3.27269349e+02
1390            	3.27269333e+02
1391            	3.27269287e+02
1392            	3.27269243e+02
1393            	3.27269200e+02
1394            	3.27269145e+02
1395            	3.27269090e+02
1396            	3.27269047e+02
1397            	3.27268986e+02
1398            	3.27268913e+02
1399            	3.27268854e+02
1400            	3.27268785e+02
1401            	3.27268707e+02
1402            	3.27268626e+02
1403            	3.27268557e+02
1404            	3.27268471e+02
1405            	3.27268374e+02
1406            	3.27268276e+02
1407            	3.27268167e+02
1408            	3.27268069e+02
1409            	3.27267983e+02
1410            	3.27267907e+02
1411            	3.27267834e+02
1412            	3.27267757e+02
1413            	3.27267690e+02
1414            	3.27267633e+02
1415            	3.27267562e+02
1416            	3.27267517e+02
1417            	3.27267509e+02
1418            	3.27267533e+02
1419            	3.27267582e+02
1420            	3.27267640e+02
1421            	3.27267723e+02
1422            	3.27267805e+02
1423            	3.27267862e+02
1424            	3.27267934e+02
1425            	3.27267995e+02
1426            	3.27268031e+02
1427            	3.27268048e+02
1428            	3.27268069e+02
1429            	3.27268089e+02
1430            	3.27268113e+02
1431            	3.27268110e+02
1432            	3.27268133e+02
1433            	3.27268175e+02
1434            	3.27268221e+02
1435            	3.27268214e+02
1436            	3.27268224e+02
1437            	3.27268246e+02
1438            	3.27268257e+02
1439            	3.27268268e+02
1440            	3.27268257e+02
1441            	3.27268237e+02
1442            	3.27268236e+02
1443            	3.27268255e+02
1444            	3.27268285e+02
1445            	3.27268333e+02
1446            	3.27268397e+02
1447            	3.27268460e+02
1448            	3.27268525e+02
1449            	3.27268599e+02
1450            	3.27268674e+02
1451            	3.27268736e+02
1452            	3.27268784e+02
1453            	3.27268797e+02
1454            	3.27268784e+02
1455            	3.27268775e+02
1456            	3.27268755e+02
1457            	3.27268728e+02
1458            	3.27268713e+02
1459            	3.27268703e+02
1460            	3.27268712e+02
1461            	3.27268723e+02
1462            	3.27268727e+02
1463            	3.27268722e+02
1464            	3.27268701e+02
1465            	3.27268652e+02
1466            	3.27268567e+02
1467            	3.27268506e+02
1468            	3.27268473e+02
1469            	3.27268391e+02
1470            	3.27268281e+02
1471            	3.27268163e+02
1472            	3.27268059e+02
1473            	3.27267901e+02
1474            	3.27267770e+02
1475            	3.27267670e+02
1476            	3.27267577e+02
1477            	3.27267476e+02
1478            	3.27267394e+02
1479            	3.27267335e+02
1480            	3.27267276e+02
1481            	3.27267212e+02
1482            	3.27267191e+02
1483            	3.27267199e+02
1484            	3.27267226e+02
1485            	3.27267265e+02
1486            	3.27267321e+02
1487            	3.27267371e+02
1488            	3.27267422e+02
1489            	3.27267488e+02
1490            	3.27267567e+02
1491            	3.27267618e+02
1492            	3.27267694e+02
1493            	3.27267781e+02
1494            	3.27267878e+02
1495            	3.27267982e+02
1496            	3.27268097e+02
1497            	3.27268212e+02
1498            	3.27268339e+02
1499            	3.27268460e+02
1500            	3.27268584e+02
1501            	3.27268692e+02
1502            	3.27268800e+02
1503            	3.27268889e+02
1504            	3.27268986e+02
1505            	3.27269076e+02
1506            	3.27269150e+02
1507            	3.27269214e+02
1508            	3.27269266e+02
1509            	3.27269290e+02
1510            	3.27269289e+02
1511            	3.27269269e+02
1512            	3.27269273e+02
1513            	3.27269245e+02
1514            	3.27269193e+02
1515            	3.27269136e+02
1516            	3.27269080e+02
1517            	3.27269026e+02
1518            	3.27268972e+02
1519            	3.27268917e+02
1520            	3.27268854e+02
1521            	3.27268787e+02
1522            	3.27268707e+02
1523            	3.27268606e+02
1524            	3.27268498e+02
1525            	3.27268407e+02
1526            	3.27268344e+02
1527            	3.27268283e+02
1528            	3.27268219e+02
1529            	3.27268168e+02
1530            	3.27268136e+02
1531            	3.27268123e+02
1532            	3.27268116e+02
1533            	3.27268124e+02
1534            	3.27268144e+02
1535            	3.27268167e+02
1536            	3.27268197e+02
1537            	3.27268230e+02
1538            	3.27268264e+02
1539            	3.27268293e+02
1540            	3.27268319e+02
1541            	3.27268343e+02
1542            	3.27268373e+02
1543            	3.27268397e+02
1544            	3.27268418e+02
1545            	3.27268445e+02
1546            	3.27268479e+02
1547            	3.27268481e+02
1548            	3.27268489e+02
1549            	3.27268506e+02
1550            	3.27268520e+02
1551            	3.27268530e+02
1552            	3.27268542e+02
1553            	3.27268533e+02
1554            	3.27268507e+02
1555            	3.27268487e+02
1556            	3.27268507e+02
1557            	3.27268518e+02
1558            	3.27268513e+02
1559            	3.27268497e+02
1560            	3.27268470e+02
1561            	3.27268440e+02
1562            	3.27268428e+02
1563            	3.27268438e+02
1564            	3.27268435e+02
1565            	3.27268417e+02
1566            	3.27268392e+02
1567            	3.27268378e+02
1568            	3.27268364e+02
1569            	3.27268336e+02
1570            	3.27268293e+02
1571            	3.27268223e+02
1572            	3.27268183e+02
1573            	3.27268173e+02
1574            	3.27268172e+02
1575            	3.27268175e+02
1576            	3.27268183e+02
1577            	3.27268193e+02
1578            	3.27268202e+02
1579            	3.27268216e+02
1580            	3.27268222e+02
1581            	3.27268223e+02
1582            	3.27268223e+02
1583            	3.27268229e+02
1584            	3.27268244e+02
1585            	3.27268272e+02
1586            	3.27268309e+02
1587            	3.27268348e+02
1588            	3.27268406e+02
1589            	3.27268481e+02
1590            	3.27268568e+02
1591            	3.27268640e+02
1592            	3.27268706e+02
1593            	3.27268768e+02
1594            	3.27268824e+02
1595            	3.27268858e+02
1596            	3.27268880e+02
1597            	3.27268892e+02
1598            	3.27268918e+02
1599            	3.27268927e+02
1600            	3.27268933e+02
1601            	3.27268932e+02
1602            	3.27268925e+02
1603            	3.27268918e+02
1604            	3.27268898e+02
1605            	3.27268873e+02
1606            	3.27268850e+02
1607            	3.27268841e+02
1608            	3.27268818e+02
1609            	3.27268779e+02
1610            	3.27268732e+02
1611            	3.27268678e+02
1612            	3.27268617e+02
1613            	3.27268544e+02
1614            	3.27268460e+02
1615            	3.27268387e+02
1616            	3.27268341e+02
1617            	3.27268282e+02
1618            	3.27268214e+02
1619            	3.27268154e+02
1620            	3.27268098e+02
1621            	3.27268048e+02
1622            	3.27268001e+02
1623            	3.27267952e+02
1624            	3.27267915e+02
1625            	3.27267890e+02
1626            	3.27267850e+02
1627            	3.27267791e+02
1628            	3.27267773e+02
1629            	3.27267784e+02
1630            	3.27267798e+02
1631            	3.27267819e+02
1632            	3.27267852e+02
1633            	3.27267899e+02
1634            	3.27267958e+02
1635            	3.27268037e+02
1636            	3.27268167e+02
1637            	3.27268257e+02
1638            	3.27268309e+02
1639            	3.27268324e+02
1640            	3.27268350e+02
1641            	3.27268406e+02
1642            	3.27268507e+02
1643            	3.27268612e+02
1644            	3.27268707e+02
1645            	3.27268796e+02
1646            	3.27268857e+02
1647            	3.27268899e+02
1648            	3.27268922e+02
1649            	3.27268933e+02
1650            	3.27268937e+02
1651            	3.27268951e+02
1652            	3.27268977e+02
1653            	3.27268974e+02
1654            	3.27268957e+02
1655            	3.27268927e+02
1656            	3.27268894e+02
1657            	3.27268855e+02
1658            	3.27268809e+02
1659            	3.27268768e+02
1660            	3.27268717e+02
1661            	3.27268659e+02
1662            	3.27268584e+02
1663            	3.27268505e+02
1664            	3.27268437e+02
1665            	3.27268367e+02
1666            	3.27268310e+02
1667            	3.27268270e+02
1668            	3.27268228e+02
1669            	3.27268178e+02
1670            	3.27268122e+02
1671            	3.27268034e+02
1672            	3.27267969e+02
1673            	3.27267943e+02
1674            	3.27267925e+02
1675            	3.27267906e+02
1676            	3.27267890e+02
1677            	3.27267895e+02
1678            	3.27267907e+02
1679            	3.27267923e+02
1680            	3.27267983e+02
1681            	3.27268035e+02
1682            	3.27268071e+02
1683            	3.27268108e+02
1684            	3.27268158e+02
1685            	3.27268223e+02
1686            	3.27268295e+02
1687            	3.27268349e+02
1688            	3.27268399e+02
1689            	3.27268442e+02
1690            	3.27268474e+02
1691            	3.27268499e+02
1692            	3.27268506e+02
1693            	3.27268491e+02
1694            	3.27268462e+02
1695            	3.27268425e+02
1696            	3.27268390e+02
1697            	3.27268362e+02
1698            	3.27268293e+02
1699            	3.27268259e+02
1700            	3.27268265e+02
1701            	3.27268289e+02
1702            	3.27268319e+02
1703            	3.27268344e+02
1704            	3.27268357e+02
1705            	3.27268372e+02
1706            	3.27268382e+02
1707            	3.27268423e+02
1708            	3.27268499e+02
1709            	3.27268539e+02
1710            	3.27268543e+02
1711            	3.27268542e+02
1712            	3.27268533e+02
1713            	3.27268524e+02
1714            	3.27268519e+02
1715            	3.27268555e+02
1716            	3.27268595e+02
1717            	3.27268570e+02
1718            	3.27268508e+02
1719            	3.27268480e+02
1720            	3.27268497e+02
1721            	3.27268521e+02
1722            	3.27268514e+02
1723            	3.27268480e+02
1724            	3.27268500e+02
1725            	3.27268531e+02
1726            	3.27268539e+02
1727            	3.27268558e+02
1728            	3.27268631e+02
1729            	3.27268631e+02
1730            	3.27268588e+02
1731            	3.27268540e+02
1732            	3.27268510e+02
1733            	3.27268497e+02
1734            	3.27268485e+02
1735            	3.27268452e+02
1736            	3.27268412e+02
1737            	3.27268362e+02
1738            	3.27268289e+02
1739            	3.27268201e+02
1740            	3.27268105e+02
1741            	3.27268007e+02
1742            	3.27267864e+02
1743            	3.27267748e+02
1744            	3.27267654e+02
1745            	3.27267587e+02
1746            	3.27267554e+02
1747            	3.27267553e+02
1748            	3.27267558e+02
1749            	3.27267575e+02
1750            	3.27267605e+02
1751            	3.27267607e+02
1752            	3.27267617e+02
1753            	3.27267661e+02
1754            	3.27267722e+02
1755            	3.27267758e+02
1756            	3.27267814e+02
1757            	3.27267884e+02
1758            	3.27267964e+02
1759            	3.27268037e+02
1760            	3.27268105e+02
1761            	3.27268179e+02
1762            	3.27268258e+02
1763            	3.27268352e+02
1764            	3.27268462e+02
1765            	3.27268532e+02
1766            	3.27268570e+02
1767            	3.27268617e+02
1768            	3.27268657e+02
1769            	3.27268682e+02
1770            	3.27268712e+02
1771            	3.27268756e+02
1772            	3.27268802e+02
1773            	3.27268843e+02
1774            	3.27268876e+02
1775            	3.27268903e+02
1776            	3.27268925e+02
1777            	3.27268943e+02
1778            	3.27268950e+02
1779            	3.27268872e+02
1780            	3.27268821e+02
1781            	3.27268796e+02
1782            	3.27268771e+02
1783            	3.27268773e+02
1784            	3.27268743e+02
1785            	3.27268694e+02
1786            	3.27268642e+02
1787            	3.27268614e+02
1788            	3.27268578e+02
1789            	3.27268540e+02
1790            	3.27268498e+02
1791            	3.27268469e+02
1792            	3.27268444e+02
1793            	3.27268415e+02
1794            	3.27268383e+02
1795            	3.27268350e+02
1796            	3.27268351e+02
1797            	3.27268373e+02
1798            	3.27268398e+02
1799            	3.27268482e+02
1800            	3.27268639e+02
1801            	3.27268758e+02
1802            	3.27268783e+02
1803            	3.27268759e+02
1804            	3.27268710e+02
1805            	3.27268667e+02
1806            	3.27268543e+02
1807            	3.27268438e+02
1808            	3.27268455e+02
1809            	3.27268531e+02
1810            	3.27268664e+02
1811            	3.27268744e+02
1812            	3.27268737e+02
1813            	3.27268642e+02
1814            	3.27268484e+02
1815            	3.27268308e+02
1816            	3.27268184e+02
1817            	3.27268157e+02
1818            	3.27268180e+02
1819            	3.27268214e+02
1820            	3.27268259e+02
1821            	3.27268293e+02
1822            	3.27268318e+02
1823            	3.27268318e+02
1824            	3.27268293e+02
1825            	3.27268256e+02
1826            	3.27268209e+02
1827            	3.27268191e+02
1828            	3.27268227e+02
1829            	3.27268274e+02
1830            	3.27268331e+02
1831            	3.27268404e+02
1832            	3.27268458e+02
1833            	3.27268514e+02
1834            	3.27268565e+02
1835            	3.27268596e+02
1836            	3.27268625e+02
1837            	3.27268641e+02
1838            	3.27268641e+02
1839            	3.27268657e+02
1840            	3.27268668e+02
1841            	3.27268666e+02
1842            	3.27268672e+02
1843            	3.27268678e+02
1844            	3.27268673e+02
1845            	3.27268642e+02
1846            	3.27268590e+02
1847            	3.27268532e+02
1848            	3.27268448e+02
1849            	3.27268350e+02
1850            	3.27268267e+02
1851            	3.27268198e+02
1852            	3.27268132e+02
1853            	3.27268073e+02
1854            	3.27268023e+02
1855            	3.27267996e+02
1856            	3.27267985e+02
1857            	3.27267983e+02
1858            	3.27267987e+02
1859            	3.27267998e+02
1860            	3.27268052e+02
1861            	3.27268102e+02
1862            	3.27268137e+02
1863            	3.27268160e+02
1864            	3.27268164e+02
1865            	3.27268170e+02
1866            	3.27268168e+02
1867            	3.27268190e+02
1868            	3.27268218e+02
1869            	3.27268243e+02
1870            	3.27268260e+02
1871            	3.27268288e+02
1872            	3.27268321e+02
1873            	3.27268346e+02
1874            	3.27268361e+02
1875            	3.27268367e+02
1876            	3.27268368e+02
1877            	3.27268382e+02
1878            	3.27268402e+02
1879            	3.27268410e+02
1880            	3.27268399e+02
1881            	3.27268376e+02
1882            	3.27268348e+02
1883            	3.27268328e+02
1884            	3.27268315e+02
1885            	3.27268305e+02
1886            	3.27268301e+02
1887            	3.27268298e+02
1888            	3.27268304e+02
1889            	3.27268321e+02
1890            	3.27268345e+02
1891            	3.27268341e+02
1892            	3.27268350e+02
1893            	3.27268376e+02
1894            	3.27268411e+02
1895            	3.27268439e+02
1896            	3.27268476e+02
1897            	3.27268525e+02
1898            	3.27268581e+02
1899            	3.27268646e+02
1900            	3.27268719e+02
1901            	3.27268789e+02
1902            	3.27268858e+02
1903            	3.27268931e+02
1904            	3.27268999e+02
1905            	3.27269051e+02
1906            	3.27269088e+02
1907            	3.27269127e+02
1908            	3.27269172e+02
1909            	3.27269197e+02
1910            	3.27269212e+02
1911            	3.27269218e+02
1912            	3.27269221e+02
1913            	3.27269218e+02
1914            	3.27269208e+02
1915            	3.27269183e+02
1916            	3.27269145e+02
1917            	3.27269094e+02
1918            	3.27269034e+02
1919            	3.27268961e+02
1920            	3.27268882e+02
1921            	3.27268801e+02
1922            	3.27268719e+02
1923            	3.27268629e+02
1924            	3.27268539e+02
1925            	3.27268473e+02
1926            	3.27268400e+02
1927            	3.27268332e+02
1928            	3.27268282e+02
1929            	3.27268249e+02
1930            	3.27268232e+02
1931            	3.27268227e+02
1932            	3.27268221e+02
1933            	3.27268221e+02
1934            	3.27268232e+02
1935            	3.27268264e+02
1936            	3.27268304e+02
1937            	3.27268340e+02
1938            	3.27268368e+02
1939            	3.27268406e+02
1940            	3.27268451e+02
1941            	3.27268483e+02
1942            	3.27268515e+02
1943            	3.27268544e+02
1944            	3.27268575e+02
1945            	3.27268599e+02
1946            	3.27268649e+02
1947            	3.27268714e+02
1948            	3.27268780e+02
1949            	3.27268839e+02
1950            	3.27268893e+02
1951            	3.27268939e+02
1952            	3.27268978e+02
1953            	3.27269005e+02
1954            	3.27269029e+02
1955            	3.27269048e+02
1956            	3.27269067e+02
1957            	3.27269092e+02
1958            	3.27269122e+02
1959            	3.27269159e+02
1960            	3.27269203e+02
1961            	3.27269246e+02
1962            	3.27269286e+02
1963            	3.27269325e+02
1964            	3.27269355e+02
1965            	3.27269369e+02
1966            	3.27269345e+02
1967            	3.27269291e+02
1968            	3.27269219e+02
1969            	3.27269138e+02
1970            	3.27269043e+02
1971            	3.27268965e+02
1972            	3.27268884e+02
1973            	3.27268796e+02
1974            	3.27268699e+02
1975            	3.27268606e+02
1976            	3.27268516e+02
1977            	3.27268425e+02
1978            	3.27268333e+02
1979            	3.27268229e+02
1980            	3.27268138e+02
1981            	3.27268041e+02
1982            	3.27267968e+02
1983            	3.27267915e+02
1984            	3.27267870e+02
1985            	3.27267832e+02
1986            	3.27267808e+02
1987            	3.27267794e+02
1988            	3.27267786e+02
1989            	3.27267790e+02
1990            	3.27267804e+02
1991            	3.27267826e+02
1992            	3.27267860e+02
1993            	3.27267910e+02
1994            	3.27267986e+02
1995            	3.27268072e+02
1996            	3.27268166e+02
1997            	3.27268265e+02
1998            	3.27268371e+02
1999            	3.27268467e+02
2000            	3.27268552e+02
