/*--------------------------------*- C++ -*----------------------------------*\
| =========                 |                                                 |
| \\      /  F ield         | OpenFOAM: The Open Source CFD Toolbox           |
|  \\    /   O peration     | Version:  2506                                  |
|   \\  /    A nd           | Website:  www.openfoam.com                      |
|    \\/     M anipulation  |                                                 |
\*---------------------------------------------------------------------------*/
FoamFile
{
    version     2.0;
    format      binary;
    arch        "LSB;label=32;scalar=64";
    class       faceSet;
    location    "constant/polyMesh/sets";
    object      walls;
}
// * * * * * * * * * * * * * * * * * * * * * * * * * * * * * * * * * * * * * //


412
(
1028
1032
1034
1037
1039
1042
1045
1049
1052
1054
2080
1057
1060
2090
2093
2097
2099
1075
2102
2103
1079
2104
1081
1084
1085
1087
1093
2120
1096
2122
1100
2126
1102
2128
1106
1108
1111
2137
2138
2140
2141
1118
2144
2146
1123
2149
1126
2151
1129
1130
1131
1133
1135
1137
1140
1143
1146
1147
1150
1153
1155
1164
1166
1167
1168
1169
1170
1171
1173
1175
1178
1179
1180
1184
1186
165
1190
1191
1192
175
1199
1201
1202
1204
1205
1215
1217
1221
1222
1241
1248
1249
1252
231
232
242
243
1275
1276
285
1328
306
1334
310
313
1339
316
319
1347
324
1349
327
330
341
1370
350
1380
1393
1402
1407
1417
1420
1423
1424
1430
1432
1433
1434
1438
1440
416
418
1444
1446
1449
426
1452
1453
1454
431
1456
1457
434
435
441
444
1469
1474
1476
1477
1484
1485
1488
465
1493
1496
1499
1502
480
1505
1508
485
1511
488
1513
1515
491
493
496
497
498
500
506
508
511
513
1541
524
1551
536
1563
539
542
1568
544
546
548
549
550
1575
551
555
556
558
1587
563
565
568
570
573
575
1601
1604
1605
582
583
585
590
591
1617
594
1621
597
1623
599
1625
602
1628
605
1630
607
1633
610
1635
612
1638
614
1640
617
1642
1643
619
621
625
1650
626
627
628
629
630
632
634
1685
1686
663
1689
667
1692
670
1695
1696
672
675
678
680
1705
682
685
687
688
1713
689
690
691
692
694
1726
705
1731
1733
718
719
720
722
725
729
734
1759
736
742
744
746
749
751
1780
756
758
1783
761
763
766
768
769
770
771
774
1802
781
783
785
1810
787
789
792
795
797
798
799
800
818
821
823
826
829
830
1855
833
1858
836
1861
838
1864
840
1866
843
1869
845
1870
846
847
1872
848
849
1874
850
1876
860
863
867
871
872
874
876
878
1905
881
883
1908
885
1912
1914
891
1917
1920
1921
1922
898
899
900
901
907
909
913
914
918
919
923
924
928
929
930
1956
1957
1960
937
940
943
1969
946
1972
948
1973
950
952
953
955
958
961
962
970
1995
973
1998
977
981
986
2014
990
994
995
999
1002
1005
1006
2032
1008
1010
2035
1013
1019
2046
1023
)


// ************************************************************************* //
