/*--------------------------------*- C++ -*----------------------------------*\
| =========                 |                                                 |
| \\      /  F ield         | OpenFOAM: The Open Source CFD Toolbox           |
|  \\    /   O peration     | Version:  2506                                  |
|   \\  /    A nd           | Website:  www.openfoam.com                      |
|    \\/     M anipulation  |                                                 |
\*---------------------------------------------------------------------------*/
FoamFile
{
    version     2.0;
    format      binary;
    arch        "LSB;label=32;scalar=64";
    class       faceSet;
    location    "constant/polyMesh/sets";
    object      walls;
}
// * * * * * * * * * * * * * * * * * * * * * * * * * * * * * * * * * * * * * //


414
(
1024
1025
1027
1029
1032
1034
1035
1037
1038
1039
1040
1041
1042
1043
1044
1046
1048
1050
1052
1053
1055
1056
1059
1060
1061
1062
1063
1074
1075
1084
1087
1090
1091
1093
1095
1104
1107
1109
1111
1113
1115
1116
1117
1139
1140
1143
1146
1147
1159
1166
1168
1180
1204
1215
1228
1230
1237
1243
1244
1245
1253
1258
1260
1262
1266
1267
1268
1276
1279
1280
1283
1286
1288
1291
1293
1296
1300
1305
1309
1312
1313
1314
1315
1318
1320
1324
1326
1327
1329
1330
1331
4423
1356
1357
334
1360
1361
1364
347
1375
3438
1393
1395
1401
381
383
387
388
391
392
411
412
416
418
421
424
1449
427
430
433
436
437
439
441
1466
1468
444
445
19902
447
1473
449
452
455
1480
458
461
463
464
465
467
468
469
472
1497
474
477
478
480
482
1509
486
489
491
494
1521
497
499
1527
503
505
1532
508
1533
511
513
1538
515
516
519
1544
520
521
524
525
527
529
531
1556
534
535
1563
540
541
544
546
549
551
554
556
560
3634
563
565
568
1593
571
573
576
580
581
583
585
586
588
1613
590
591
592
1618
1619
595
1621
598
601
1627
603
1629
605
607
1632
609
1635
1637
613
1638
1639
617
619
620
621
622
1648
1649
625
1650
628
630
632
634
635
637
638
639
641
643
646
649
652
655
657
660
662
665
666
668
669
671
673
677
680
683
686
689
3762
691
692
694
696
697
698
702
706
708
710
20169
713
715
718
720
723
725
727
20185
730
732
20189
735
737
738
739
740
741
742
743
752
755
758
761
764
769
770
772
774
777
780
782
785
789
791
794
796
799
803
806
808
810
812
815
818
820
823
826
829
831
834
837
840
842
845
848
851
853
856
858
861
865
868
871
874
876
878
880
882
884
886
890
892
893
895
896
898
901
905
908
911
914
918
920
923
925
927
929
930
932
933
936
937
938
941
942
943
944
948
950
951
952
954
956
958
960
961
962
963
964
965
967
970
971
972
973
975
976
978
5077
981
984
987
989
991
993
996
998
1001
1003
1006
1008
1010
1011
1013
1016
1018
1021
1023
)


// ************************************************************************* //
