# Region        : cellZone component_3
# Cells         : 224
# Volume        : 3.95615328e-01
# Time          	volAverage(T)
1               	3.00178841e+02
2               	3.00355490e+02
3               	3.00523465e+02
4               	3.00685047e+02
5               	3.00842222e+02
6               	3.00995838e+02
7               	3.01146293e+02
8               	3.01293956e+02
9               	3.01439169e+02
10              	3.01582404e+02
11              	3.01723767e+02
12              	3.01863422e+02
13              	3.01999852e+02
14              	3.02134090e+02
15              	3.02265976e+02
16              	3.02397135e+02
17              	3.02527187e+02
18              	3.02656156e+02
19              	3.02783682e+02
20              	3.02907458e+02
21              	3.03031742e+02
22              	3.03153074e+02
23              	3.03272731e+02
24              	3.03392534e+02
25              	3.03509851e+02
26              	3.03624472e+02
27              	3.03736991e+02
28              	3.03847482e+02
29              	3.03956420e+02
30              	3.04064173e+02
31              	3.04171335e+02
32              	3.04278478e+02
33              	3.04384346e+02
34              	3.04488233e+02
35              	3.04590015e+02
36              	3.04691051e+02
37              	3.04791311e+02
38              	3.04889754e+02
39              	3.04987444e+02
40              	3.05085748e+02
41              	3.05178234e+02
42              	3.05262332e+02
43              	3.05340723e+02
44              	3.05416780e+02
45              	3.05492114e+02
46              	3.05567250e+02
47              	3.05642909e+02
48              	3.05718144e+02
49              	3.05793923e+02
50              	3.05869552e+02
51              	3.05946442e+02
52              	3.06023284e+02
53              	3.06100464e+02
54              	3.06175158e+02
55              	3.06250646e+02
56              	3.06317939e+02
57              	3.06387292e+02
58              	3.06458242e+02
59              	3.06529110e+02
60              	3.06598612e+02
61              	3.06670742e+02
62              	3.06741058e+02
63              	3.06809153e+02
64              	3.06877552e+02
65              	3.06944270e+02
66              	3.07009686e+02
67              	3.07072829e+02
68              	3.07134751e+02
69              	3.07196341e+02
70              	3.07257355e+02
71              	3.07318676e+02
72              	3.07376111e+02
73              	3.07434951e+02
74              	3.07493263e+02
75              	3.07545999e+02
76              	3.07594137e+02
77              	3.07642446e+02
78              	3.07692301e+02
79              	3.07741622e+02
80              	3.07789325e+02
81              	3.07836233e+02
82              	3.07879641e+02
83              	3.07924240e+02
84              	3.07968861e+02
85              	3.08012231e+02
86              	3.08055421e+02
87              	3.08101194e+02
88              	3.08124367e+02
89              	3.08132751e+02
90              	3.08141823e+02
91              	3.08161012e+02
92              	3.08184537e+02
93              	3.08211260e+02
94              	3.08240086e+02
95              	3.08270933e+02
96              	3.08301897e+02
97              	3.08335845e+02
98              	3.08373148e+02
99              	3.08413807e+02
100             	3.08453949e+02
101             	3.08486089e+02
102             	3.08508865e+02
103             	3.08523513e+02
104             	3.08547447e+02
105             	3.08572269e+02
106             	3.08603303e+02
107             	3.08635482e+02
108             	3.08667689e+02
109             	3.08698810e+02
110             	3.08727056e+02
111             	3.08753203e+02
112             	3.08777816e+02
113             	3.08804425e+02
114             	3.08841777e+02
115             	3.08867602e+02
116             	3.08866590e+02
117             	3.08856951e+02
118             	3.08848458e+02
119             	3.08852944e+02
120             	3.08864912e+02
121             	3.08875804e+02
122             	3.08890192e+02
123             	3.08907958e+02
124             	3.08926379e+02
125             	3.08940705e+02
126             	3.08950079e+02
127             	3.08959717e+02
128             	3.08974255e+02
129             	3.08997270e+02
130             	3.09021436e+02
131             	3.09044428e+02
132             	3.09067684e+02
133             	3.09091063e+02
134             	3.09115246e+02
135             	3.09141434e+02
136             	3.09169666e+02
137             	3.09200710e+02
138             	3.09234578e+02
139             	3.09269073e+02
140             	3.09304508e+02
141             	3.09340261e+02
142             	3.09376599e+02
143             	3.09412272e+02
144             	3.09448204e+02
145             	3.09482258e+02
146             	3.09514894e+02
147             	3.09547216e+02
148             	3.09578733e+02
149             	3.09609682e+02
150             	3.09640408e+02
151             	3.09671496e+02
152             	3.09701742e+02
153             	3.09730198e+02
154             	3.09757489e+02
155             	3.09785292e+02
156             	3.09813031e+02
157             	3.09841568e+02
158             	3.09870807e+02
159             	3.09900683e+02
160             	3.09930233e+02
161             	3.09960558e+02
162             	3.09989741e+02
163             	3.10017676e+02
164             	3.10044453e+02
165             	3.10069599e+02
166             	3.10093491e+02
167             	3.10116739e+02
168             	3.10140115e+02
169             	3.10164368e+02
170             	3.10190059e+02
171             	3.10216831e+02
172             	3.10246063e+02
173             	3.10275146e+02
174             	3.10304521e+02
175             	3.10332633e+02
176             	3.10357621e+02
177             	3.10378866e+02
178             	3.10397412e+02
179             	3.10413889e+02
180             	3.10430889e+02
181             	3.10445417e+02
182             	3.10457523e+02
183             	3.10475515e+02
184             	3.10493052e+02
185             	3.10512240e+02
186             	3.10526746e+02
187             	3.10540543e+02
188             	3.10555002e+02
189             	3.10568788e+02
190             	3.10581940e+02
191             	3.10595669e+02
192             	3.10610521e+02
193             	3.10626523e+02
194             	3.10643151e+02
195             	3.10661315e+02
196             	3.10679972e+02
197             	3.10700308e+02
198             	3.10721002e+02
199             	3.10741267e+02
200             	3.10761126e+02
201             	3.10780195e+02
202             	3.10798365e+02
203             	3.10815962e+02
204             	3.10832671e+02
205             	3.10848358e+02
206             	3.10863322e+02
207             	3.10877805e+02
208             	3.10892285e+02
209             	3.10907118e+02
210             	3.10922956e+02
211             	3.10939691e+02
212             	3.10957555e+02
213             	3.10975643e+02
214             	3.10993936e+02
215             	3.11012051e+02
216             	3.11029884e+02
217             	3.11047281e+02
218             	3.11064157e+02
219             	3.11080710e+02
220             	3.11096713e+02
221             	3.11112055e+02
222             	3.11126715e+02
223             	3.11140842e+02
224             	3.11154440e+02
225             	3.11168001e+02
226             	3.11181966e+02
227             	3.11196370e+02
228             	3.11211193e+02
229             	3.11226328e+02
230             	3.11241400e+02
231             	3.11256767e+02
232             	3.11272086e+02
233             	3.11286647e+02
234             	3.11300652e+02
235             	3.11313984e+02
236             	3.11326743e+02
237             	3.11339243e+02
238             	3.11351142e+02
239             	3.11363015e+02
240             	3.11374991e+02
241             	3.11387045e+02
242             	3.11399319e+02
243             	3.11411596e+02
244             	3.11424181e+02
245             	3.11435684e+02
246             	3.11447041e+02
247             	3.11458056e+02
248             	3.11468919e+02
249             	3.11479678e+02
250             	3.11490289e+02
251             	3.11500673e+02
252             	3.11510936e+02
253             	3.11521078e+02
254             	3.11531221e+02
255             	3.11541405e+02
256             	3.11551625e+02
257             	3.11561664e+02
258             	3.11571707e+02
259             	3.11581776e+02
260             	3.11591767e+02
261             	3.11601635e+02
262             	3.11611354e+02
263             	3.11620822e+02
264             	3.11630127e+02
265             	3.11639296e+02
266             	3.11648293e+02
267             	3.11657139e+02
268             	3.11665786e+02
269             	3.11674331e+02
270             	3.11682820e+02
271             	3.11691284e+02
272             	3.11699783e+02
273             	3.11708219e+02
274             	3.11716499e+02
275             	3.11724345e+02
276             	3.11731907e+02
277             	3.11739177e+02
278             	3.11746272e+02
279             	3.11753355e+02
280             	3.11760492e+02
281             	3.11767753e+02
282             	3.11775042e+02
283             	3.11782386e+02
284             	3.11789740e+02
285             	3.11797260e+02
286             	3.11804789e+02
287             	3.11812416e+02
288             	3.11820209e+02
289             	3.11827965e+02
290             	3.11835485e+02
291             	3.11842716e+02
292             	3.11849548e+02
293             	3.11856114e+02
294             	3.11862434e+02
295             	3.11868824e+02
296             	3.11875178e+02
297             	3.11881530e+02
298             	3.11888095e+02
299             	3.11894741e+02
300             	3.11901322e+02
301             	3.11908118e+02
302             	3.11914607e+02
303             	3.11920942e+02
304             	3.11927073e+02
305             	3.11932943e+02
306             	3.11938625e+02
307             	3.11944164e+02
308             	3.11949580e+02
309             	3.11954884e+02
310             	3.11960156e+02
311             	3.11965453e+02
312             	3.11970936e+02
313             	3.11976443e+02
314             	3.11981857e+02
315             	3.11987298e+02
316             	3.11992671e+02
317             	3.11998058e+02
318             	3.12003304e+02
319             	3.12008533e+02
320             	3.12013593e+02
321             	3.12018520e+02
322             	3.12023297e+02
323             	3.12027969e+02
324             	3.12032578e+02
325             	3.12037106e+02
326             	3.12041626e+02
327             	3.12045767e+02
328             	3.12049771e+02
329             	3.12053770e+02
330             	3.12057913e+02
331             	3.12062116e+02
332             	3.12066253e+02
333             	3.12070546e+02
334             	3.12074848e+02
335             	3.12079133e+02
336             	3.12083275e+02
337             	3.12087368e+02
338             	3.12091480e+02
339             	3.12095659e+02
340             	3.12099647e+02
341             	3.12103607e+02
342             	3.12107950e+02
343             	3.12112445e+02
344             	3.12117029e+02
345             	3.12121589e+02
346             	3.12126322e+02
347             	3.12130524e+02
348             	3.12134256e+02
349             	3.12137593e+02
350             	3.12140671e+02
351             	3.12143573e+02
352             	3.12146445e+02
353             	3.12149334e+02
354             	3.12152350e+02
355             	3.12155543e+02
356             	3.12158971e+02
357             	3.12162546e+02
358             	3.12166307e+02
359             	3.12170117e+02
360             	3.12173958e+02
361             	3.12177720e+02
362             	3.12181380e+02
363             	3.12184800e+02
364             	3.12188075e+02
365             	3.12191174e+02
366             	3.12194090e+02
367             	3.12196836e+02
368             	3.12199593e+02
369             	3.12202127e+02
370             	3.12204633e+02
371             	3.12207163e+02
372             	3.12209771e+02
373             	3.12212485e+02
374             	3.12215339e+02
375             	3.12218182e+02
376             	3.12221115e+02
377             	3.12223983e+02
378             	3.12226805e+02
379             	3.12229501e+02
380             	3.12232075e+02
381             	3.12234518e+02
382             	3.12236824e+02
383             	3.12239077e+02
384             	3.12241255e+02
385             	3.12243345e+02
386             	3.12245410e+02
387             	3.12247448e+02
388             	3.12249462e+02
389             	3.12251447e+02
390             	3.12253370e+02
391             	3.12255289e+02
392             	3.12257304e+02
393             	3.12259373e+02
394             	3.12261567e+02
395             	3.12263865e+02
396             	3.12266185e+02
397             	3.12268469e+02
398             	3.12270677e+02
399             	3.12272777e+02
400             	3.12274655e+02
401             	3.12276345e+02
402             	3.12277908e+02
403             	3.12279436e+02
404             	3.12281001e+02
405             	3.12282667e+02
406             	3.12284497e+02
407             	3.12286508e+02
408             	3.12288740e+02
409             	3.12291176e+02
410             	3.12293669e+02
411             	3.12296100e+02
412             	3.12298396e+02
413             	3.12300635e+02
414             	3.12302709e+02
415             	3.12304763e+02
416             	3.12306698e+02
417             	3.12308509e+02
418             	3.12310243e+02
419             	3.12311890e+02
420             	3.12313474e+02
421             	3.12314992e+02
422             	3.12316470e+02
423             	3.12317919e+02
424             	3.12319336e+02
425             	3.12320698e+02
426             	3.12321996e+02
427             	3.12323234e+02
428             	3.12324415e+02
429             	3.12325516e+02
430             	3.12326507e+02
431             	3.12327413e+02
432             	3.12328278e+02
433             	3.12329134e+02
434             	3.12330020e+02
435             	3.12330960e+02
436             	3.12331956e+02
437             	3.12333000e+02
438             	3.12334091e+02
439             	3.12335213e+02
440             	3.12336393e+02
441             	3.12337616e+02
442             	3.12338865e+02
443             	3.12340096e+02
444             	3.12341348e+02
445             	3.12342600e+02
446             	3.12343899e+02
447             	3.12345220e+02
448             	3.12346551e+02
449             	3.12347899e+02
450             	3.12349237e+02
451             	3.12350534e+02
452             	3.12351808e+02
453             	3.12353065e+02
454             	3.12354309e+02
455             	3.12355547e+02
456             	3.12356787e+02
457             	3.12358005e+02
458             	3.12359241e+02
459             	3.12360456e+02
460             	3.12361660e+02
461             	3.12362856e+02
462             	3.12364010e+02
463             	3.12365176e+02
464             	3.12366318e+02
465             	3.12367470e+02
466             	3.12368647e+02
467             	3.12369881e+02
468             	3.12371176e+02
469             	3.12372465e+02
470             	3.12373784e+02
471             	3.12375160e+02
472             	3.12376558e+02
473             	3.12377987e+02
474             	3.12379403e+02
475             	3.12380756e+02
476             	3.12381973e+02
477             	3.12383102e+02
478             	3.12384099e+02
479             	3.12384970e+02
480             	3.12385719e+02
481             	3.12386426e+02
482             	3.12387144e+02
483             	3.12387894e+02
484             	3.12388654e+02
485             	3.12389402e+02
486             	3.12390112e+02
487             	3.12390777e+02
488             	3.12391378e+02
489             	3.12391888e+02
490             	3.12392361e+02
491             	3.12392785e+02
492             	3.12393191e+02
493             	3.12393651e+02
494             	3.12394098e+02
495             	3.12394537e+02
496             	3.12394942e+02
497             	3.12395313e+02
498             	3.12395657e+02
499             	3.12396049e+02
500             	3.12396487e+02
501             	3.12396990e+02
502             	3.12397598e+02
503             	3.12398340e+02
504             	3.12399182e+02
505             	3.12400065e+02
506             	3.12400980e+02
507             	3.12401877e+02
508             	3.12402782e+02
509             	3.12403693e+02
510             	3.12404587e+02
511             	3.12405458e+02
512             	3.12406329e+02
513             	3.12407236e+02
514             	3.12408150e+02
515             	3.12409008e+02
516             	3.12409889e+02
517             	3.12410794e+02
518             	3.12411704e+02
519             	3.12412617e+02
520             	3.12413537e+02
521             	3.12414452e+02
522             	3.12415369e+02
523             	3.12416267e+02
524             	3.12417170e+02
525             	3.12418066e+02
526             	3.12418952e+02
527             	3.12419818e+02
528             	3.12420670e+02
529             	3.12421513e+02
530             	3.12422337e+02
531             	3.12423153e+02
532             	3.12423950e+02
533             	3.12424683e+02
534             	3.12425354e+02
535             	3.12425957e+02
536             	3.12426490e+02
537             	3.12426960e+02
538             	3.12427375e+02
539             	3.12427749e+02
540             	3.12428111e+02
541             	3.12428464e+02
542             	3.12428810e+02
543             	3.12429155e+02
544             	3.12429469e+02
545             	3.12429743e+02
546             	3.12430014e+02
547             	3.12430282e+02
548             	3.12430537e+02
549             	3.12430766e+02
550             	3.12430955e+02
551             	3.12431100e+02
552             	3.12431214e+02
553             	3.12431318e+02
554             	3.12431432e+02
555             	3.12431559e+02
556             	3.12431699e+02
557             	3.12431850e+02
558             	3.12431919e+02
559             	3.12432002e+02
560             	3.12432088e+02
561             	3.12432210e+02
562             	3.12432356e+02
563             	3.12432550e+02
564             	3.12432786e+02
565             	3.12433087e+02
566             	3.12433428e+02
567             	3.12433818e+02
568             	3.12434225e+02
569             	3.12434656e+02
570             	3.12435129e+02
571             	3.12435654e+02
572             	3.12436245e+02
573             	3.12436906e+02
574             	3.12437634e+02
575             	3.12438411e+02
576             	3.12439228e+02
577             	3.12440073e+02
578             	3.12440945e+02
579             	3.12441844e+02
580             	3.12442751e+02
581             	3.12443647e+02
582             	3.12444520e+02
583             	3.12445351e+02
584             	3.12446136e+02
585             	3.12446876e+02
586             	3.12447563e+02
587             	3.12448199e+02
588             	3.12448789e+02
589             	3.12449339e+02
590             	3.12449858e+02
591             	3.12450371e+02
592             	3.12450869e+02
593             	3.12451347e+02
594             	3.12451800e+02
595             	3.12452136e+02
596             	3.12452413e+02
597             	3.12452589e+02
598             	3.12452695e+02
599             	3.12452732e+02
600             	3.12452784e+02
601             	3.12452857e+02
602             	3.12453005e+02
603             	3.12453228e+02
604             	3.12453491e+02
605             	3.12453748e+02
606             	3.12453962e+02
607             	3.12454140e+02
608             	3.12454312e+02
609             	3.12454484e+02
610             	3.12454668e+02
611             	3.12454882e+02
612             	3.12455139e+02
613             	3.12455459e+02
614             	3.12455847e+02
615             	3.12456239e+02
616             	3.12456610e+02
617             	3.12456992e+02
618             	3.12457396e+02
619             	3.12457799e+02
620             	3.12458252e+02
621             	3.12458733e+02
622             	3.12459261e+02
623             	3.12459858e+02
624             	3.12460528e+02
625             	3.12461264e+02
626             	3.12462042e+02
627             	3.12462827e+02
628             	3.12463590e+02
629             	3.12464297e+02
630             	3.12464956e+02
631             	3.12465555e+02
632             	3.12466113e+02
633             	3.12466646e+02
634             	3.12467192e+02
635             	3.12467718e+02
636             	3.12468279e+02
637             	3.12468872e+02
638             	3.12469489e+02
639             	3.12470098e+02
640             	3.12470710e+02
641             	3.12471279e+02
642             	3.12471806e+02
643             	3.12472255e+02
644             	3.12472591e+02
645             	3.12472804e+02
646             	3.12472900e+02
647             	3.12472878e+02
648             	3.12472748e+02
649             	3.12472530e+02
650             	3.12472249e+02
651             	3.12472013e+02
652             	3.12471789e+02
653             	3.12471617e+02
654             	3.12471518e+02
655             	3.12471461e+02
656             	3.12471439e+02
657             	3.12471434e+02
658             	3.12471419e+02
659             	3.12471377e+02
660             	3.12471314e+02
661             	3.12471237e+02
662             	3.12471162e+02
663             	3.12471095e+02
664             	3.12471011e+02
665             	3.12470940e+02
666             	3.12470894e+02
667             	3.12470879e+02
668             	3.12470903e+02
669             	3.12470961e+02
670             	3.12471038e+02
671             	3.12471156e+02
672             	3.12471304e+02
673             	3.12471411e+02
674             	3.12471520e+02
675             	3.12471609e+02
676             	3.12471699e+02
677             	3.12471806e+02
678             	3.12471932e+02
679             	3.12472109e+02
680             	3.12472346e+02
681             	3.12472576e+02
682             	3.12472824e+02
683             	3.12473079e+02
684             	3.12473346e+02
685             	3.12473644e+02
686             	3.12473982e+02
687             	3.12474364e+02
688             	3.12474789e+02
689             	3.12475259e+02
690             	3.12475783e+02
691             	3.12476254e+02
692             	3.12476658e+02
693             	3.12476936e+02
694             	3.12477097e+02
695             	3.12477162e+02
696             	3.12477154e+02
697             	3.12477246e+02
698             	3.12477300e+02
699             	3.12477492e+02
700             	3.12477842e+02
701             	3.12478284e+02
702             	3.12478716e+02
703             	3.12479057e+02
704             	3.12479286e+02
705             	3.12479426e+02
706             	3.12479451e+02
707             	3.12479292e+02
708             	3.12479025e+02
709             	3.12478768e+02
710             	3.12478499e+02
711             	3.12478086e+02
712             	3.12477502e+02
713             	3.12476976e+02
714             	3.12476392e+02
715             	3.12475980e+02
716             	3.12475771e+02
717             	3.12475725e+02
718             	3.12475839e+02
719             	3.12475945e+02
720             	3.12476070e+02
721             	3.12476070e+02
722             	3.12476001e+02
723             	3.12475920e+02
724             	3.12475853e+02
725             	3.12475832e+02
726             	3.12475789e+02
727             	3.12475658e+02
728             	3.12475588e+02
729             	3.12475645e+02
730             	3.12475857e+02
731             	3.12476226e+02
732             	3.12476778e+02
733             	3.12477458e+02
734             	3.12478192e+02
735             	3.12478892e+02
736             	3.12479521e+02
737             	3.12480020e+02
738             	3.12480375e+02
739             	3.12480615e+02
740             	3.12480790e+02
741             	3.12480874e+02
742             	3.12480996e+02
743             	3.12481110e+02
744             	3.12481204e+02
745             	3.12481307e+02
746             	3.12481433e+02
747             	3.12481562e+02
748             	3.12481788e+02
749             	3.12481952e+02
750             	3.12482022e+02
751             	3.12481980e+02
752             	3.12481821e+02
753             	3.12481582e+02
754             	3.12481300e+02
755             	3.12480995e+02
756             	3.12480677e+02
757             	3.12480350e+02
758             	3.12480010e+02
759             	3.12479714e+02
760             	3.12479379e+02
761             	3.12479050e+02
762             	3.12478728e+02
763             	3.12478402e+02
764             	3.12478063e+02
765             	3.12477741e+02
766             	3.12477409e+02
767             	3.12477070e+02
768             	3.12476741e+02
769             	3.12476417e+02
770             	3.12476095e+02
771             	3.12475747e+02
772             	3.12475368e+02
773             	3.12474969e+02
774             	3.12474576e+02
775             	3.12474188e+02
776             	3.12473811e+02
777             	3.12473463e+02
778             	3.12473121e+02
779             	3.12472790e+02
780             	3.12472454e+02
781             	3.12472147e+02
782             	3.12471862e+02
783             	3.12471623e+02
784             	3.12471424e+02
785             	3.12471267e+02
786             	3.12471134e+02
787             	3.12471017e+02
788             	3.12470942e+02
789             	3.12470927e+02
790             	3.12470973e+02
791             	3.12471106e+02
792             	3.12471351e+02
793             	3.12471713e+02
794             	3.12472177e+02
795             	3.12472708e+02
796             	3.12473296e+02
797             	3.12473918e+02
798             	3.12474535e+02
799             	3.12475130e+02
800             	3.12475731e+02
801             	3.12476332e+02
802             	3.12476927e+02
803             	3.12477532e+02
804             	3.12478117e+02
805             	3.12478693e+02
806             	3.12479258e+02
807             	3.12479903e+02
808             	3.12480527e+02
809             	3.12481265e+02
810             	3.12482043e+02
811             	3.12482735e+02
812             	3.12483338e+02
813             	3.12483766e+02
814             	3.12484020e+02
815             	3.12484127e+02
816             	3.12484093e+02
817             	3.12483889e+02
818             	3.12483616e+02
819             	3.12483337e+02
820             	3.12483031e+02
821             	3.12482757e+02
822             	3.12482509e+02
823             	3.12482283e+02
824             	3.12482074e+02
825             	3.12481869e+02
826             	3.12481606e+02
827             	3.12481259e+02
828             	3.12480837e+02
829             	3.12480317e+02
830             	3.12479755e+02
831             	3.12479405e+02
832             	3.12479110e+02
833             	3.12479081e+02
834             	3.12479299e+02
835             	3.12479757e+02
836             	3.12480253e+02
837             	3.12480826e+02
838             	3.12481428e+02
839             	3.12482035e+02
840             	3.12482647e+02
841             	3.12483260e+02
842             	3.12483883e+02
843             	3.12484490e+02
844             	3.12485024e+02
845             	3.12485454e+02
846             	3.12485771e+02
847             	3.12486000e+02
848             	3.12486150e+02
849             	3.12486349e+02
850             	3.12486565e+02
851             	3.12486967e+02
852             	3.12487491e+02
853             	3.12487979e+02
854             	3.12488480e+02
855             	3.12488949e+02
856             	3.12489390e+02
857             	3.12489769e+02
858             	3.12490074e+02
859             	3.12490304e+02
860             	3.12490469e+02
861             	3.12490458e+02
862             	3.12490243e+02
863             	3.12489774e+02
864             	3.12489257e+02
865             	3.12488997e+02
866             	3.12488920e+02
867             	3.12489344e+02
868             	3.12490263e+02
869             	3.12491334e+02
870             	3.12492390e+02
871             	3.12493250e+02
872             	3.12493761e+02
873             	3.12493897e+02
874             	3.12493682e+02
875             	3.12493150e+02
876             	3.12492349e+02
877             	3.12491564e+02
878             	3.12490816e+02
879             	3.12490079e+02
880             	3.12489709e+02
881             	3.12489617e+02
882             	3.12489659e+02
883             	3.12489638e+02
884             	3.12489527e+02
885             	3.12489268e+02
886             	3.12488925e+02
887             	3.12488545e+02
888             	3.12488180e+02
889             	3.12487882e+02
890             	3.12487687e+02
891             	3.12487667e+02
892             	3.12487896e+02
893             	3.12488040e+02
894             	3.12488109e+02
895             	3.12488170e+02
896             	3.12488174e+02
897             	3.12488258e+02
898             	3.12488479e+02
899             	3.12488818e+02
900             	3.12489256e+02
901             	3.12489783e+02
902             	3.12490348e+02
903             	3.12490903e+02
904             	3.12491429e+02
905             	3.12491888e+02
906             	3.12492263e+02
907             	3.12492585e+02
908             	3.12492888e+02
909             	3.12493116e+02
910             	3.12493127e+02
911             	3.12492925e+02
912             	3.12492564e+02
913             	3.12492112e+02
914             	3.12491614e+02
915             	3.12491092e+02
916             	3.12490593e+02
917             	3.12490101e+02
918             	3.12489670e+02
919             	3.12489301e+02
920             	3.12488945e+02
921             	3.12488588e+02
922             	3.12488214e+02
923             	3.12487821e+02
924             	3.12487429e+02
925             	3.12487044e+02
926             	3.12486654e+02
927             	3.12486279e+02
928             	3.12485854e+02
929             	3.12485369e+02
930             	3.12484801e+02
931             	3.12484154e+02
932             	3.12483415e+02
933             	3.12482642e+02
934             	3.12481928e+02
935             	3.12481227e+02
936             	3.12480669e+02
937             	3.12480277e+02
938             	3.12480031e+02
939             	3.12479915e+02
940             	3.12479831e+02
941             	3.12479692e+02
942             	3.12479482e+02
943             	3.12479193e+02
944             	3.12478818e+02
945             	3.12478390e+02
946             	3.12477908e+02
947             	3.12477400e+02
948             	3.12476897e+02
949             	3.12476441e+02
950             	3.12476145e+02
951             	3.12476014e+02
952             	3.12475997e+02
953             	3.12476136e+02
954             	3.12476500e+02
955             	3.12476930e+02
956             	3.12477367e+02
957             	3.12477782e+02
958             	3.12478121e+02
959             	3.12478395e+02
960             	3.12478563e+02
961             	3.12478726e+02
962             	3.12478823e+02
963             	3.12478997e+02
964             	3.12479235e+02
965             	3.12479475e+02
966             	3.12479628e+02
967             	3.12479717e+02
968             	3.12479802e+02
969             	3.12479930e+02
970             	3.12480017e+02
971             	3.12480091e+02
972             	3.12480112e+02
973             	3.12480084e+02
974             	3.12479958e+02
975             	3.12479791e+02
976             	3.12479499e+02
977             	3.12478902e+02
978             	3.12478048e+02
979             	3.12477023e+02
980             	3.12475909e+02
981             	3.12474780e+02
982             	3.12473689e+02
983             	3.12472683e+02
984             	3.12471789e+02
985             	3.12471020e+02
986             	3.12470364e+02
987             	3.12469888e+02
988             	3.12469571e+02
989             	3.12469353e+02
990             	3.12469343e+02
991             	3.12469410e+02
992             	3.12469465e+02
993             	3.12469541e+02
994             	3.12469610e+02
995             	3.12469717e+02
996             	3.12469748e+02
997             	3.12469771e+02
998             	3.12469704e+02
999             	3.12469517e+02
1000            	3.12469290e+02
1001            	3.12469008e+02
1002            	3.12468696e+02
1003            	3.12468398e+02
1004            	3.12468228e+02
1005            	3.12468127e+02
1006            	3.12468126e+02
1007            	3.12468271e+02
1008            	3.12468587e+02
1009            	3.12469085e+02
1010            	3.12469758e+02
1011            	3.12470535e+02
1012            	3.12471291e+02
1013            	3.12471978e+02
1014            	3.12472677e+02
1015            	3.12473235e+02
1016            	3.12473727e+02
1017            	3.12474130e+02
1018            	3.12474485e+02
1019            	3.12474897e+02
1020            	3.12475325e+02
1021            	3.12475798e+02
1022            	3.12476321e+02
1023            	3.12476876e+02
1024            	3.12477478e+02
1025            	3.12478121e+02
1026            	3.12478785e+02
1027            	3.12479360e+02
1028            	3.12479887e+02
1029            	3.12480354e+02
1030            	3.12480728e+02
1031            	3.12480977e+02
1032            	3.12481106e+02
1033            	3.12481098e+02
1034            	3.12480990e+02
1035            	3.12480796e+02
1036            	3.12480532e+02
1037            	3.12480216e+02
1038            	3.12479872e+02
1039            	3.12479511e+02
1040            	3.12479196e+02
1041            	3.12478832e+02
1042            	3.12478495e+02
1043            	3.12478181e+02
1044            	3.12477790e+02
1045            	3.12477456e+02
1046            	3.12477137e+02
1047            	3.12476825e+02
1048            	3.12476537e+02
1049            	3.12476283e+02
1050            	3.12476082e+02
1051            	3.12475911e+02
1052            	3.12475729e+02
1053            	3.12475570e+02
1054            	3.12475436e+02
1055            	3.12475323e+02
1056            	3.12475234e+02
1057            	3.12475171e+02
1058            	3.12475128e+02
1059            	3.12475093e+02
1060            	3.12475056e+02
1061            	3.12475040e+02
1062            	3.12475025e+02
1063            	3.12475066e+02
1064            	3.12475104e+02
1065            	3.12475144e+02
1066            	3.12475176e+02
1067            	3.12475186e+02
1068            	3.12475192e+02
1069            	3.12475238e+02
1070            	3.12475349e+02
1071            	3.12475548e+02
1072            	3.12475843e+02
1073            	3.12476180e+02
1074            	3.12476474e+02
1075            	3.12476586e+02
1076            	3.12476502e+02
1077            	3.12476305e+02
1078            	3.12476051e+02
1079            	3.12475821e+02
1080            	3.12475623e+02
1081            	3.12475480e+02
1082            	3.12475416e+02
1083            	3.12475397e+02
1084            	3.12475480e+02
1085            	3.12475640e+02
1086            	3.12475861e+02
1087            	3.12476143e+02
1088            	3.12476461e+02
1089            	3.12476768e+02
1090            	3.12477039e+02
1091            	3.12477231e+02
1092            	3.12477310e+02
1093            	3.12477261e+02
1094            	3.12477078e+02
1095            	3.12476819e+02
1096            	3.12476642e+02
1097            	3.12476403e+02
1098            	3.12476282e+02
1099            	3.12476299e+02
1100            	3.12476466e+02
1101            	3.12476728e+02
1102            	3.12477003e+02
1103            	3.12477247e+02
1104            	3.12477418e+02
1105            	3.12477540e+02
1106            	3.12477592e+02
1107            	3.12477536e+02
1108            	3.12477363e+02
1109            	3.12477057e+02
1110            	3.12476716e+02
1111            	3.12476425e+02
1112            	3.12476215e+02
1113            	3.12476068e+02
1114            	3.12476051e+02
1115            	3.12476154e+02
1116            	3.12476381e+02
1117            	3.12476713e+02
1118            	3.12477118e+02
1119            	3.12477588e+02
1120            	3.12478122e+02
1121            	3.12478711e+02
1122            	3.12479357e+02
1123            	3.12480053e+02
1124            	3.12480745e+02
1125            	3.12481437e+02
1126            	3.12482102e+02
1127            	3.12482738e+02
1128            	3.12483350e+02
1129            	3.12483987e+02
1130            	3.12484622e+02
1131            	3.12485215e+02
1132            	3.12485768e+02
1133            	3.12486271e+02
1134            	3.12486717e+02
1135            	3.12487112e+02
1136            	3.12487478e+02
1137            	3.12487833e+02
1138            	3.12488116e+02
1139            	3.12488341e+02
1140            	3.12488610e+02
1141            	3.12488822e+02
1142            	3.12489005e+02
1143            	3.12489150e+02
1144            	3.12489281e+02
1145            	3.12489394e+02
1146            	3.12489440e+02
1147            	3.12489453e+02
1148            	3.12489432e+02
1149            	3.12489383e+02
1150            	3.12489318e+02
1151            	3.12489243e+02
1152            	3.12489164e+02
1153            	3.12489149e+02
1154            	3.12489116e+02
1155            	3.12489043e+02
1156            	3.12488914e+02
1157            	3.12488697e+02
1158            	3.12488451e+02
1159            	3.12488139e+02
1160            	3.12487819e+02
1161            	3.12487491e+02
1162            	3.12487164e+02
1163            	3.12486839e+02
1164            	3.12486520e+02
1165            	3.12486178e+02
1166            	3.12485787e+02
1167            	3.12485352e+02
1168            	3.12484894e+02
1169            	3.12484450e+02
1170            	3.12483987e+02
1171            	3.12483532e+02
1172            	3.12483088e+02
1173            	3.12482689e+02
1174            	3.12482339e+02
1175            	3.12481999e+02
1176            	3.12481673e+02
1177            	3.12481362e+02
1178            	3.12481068e+02
1179            	3.12480793e+02
1180            	3.12480547e+02
1181            	3.12480375e+02
1182            	3.12480282e+02
1183            	3.12480254e+02
1184            	3.12480318e+02
1185            	3.12480518e+02
1186            	3.12480731e+02
1187            	3.12480968e+02
1188            	3.12481199e+02
1189            	3.12481431e+02
1190            	3.12481678e+02
1191            	3.12481939e+02
1192            	3.12482191e+02
1193            	3.12482425e+02
1194            	3.12482624e+02
1195            	3.12482776e+02
1196            	3.12482880e+02
1197            	3.12482942e+02
1198            	3.12482970e+02
1199            	3.12482977e+02
1200            	3.12482987e+02
1201            	3.12483009e+02
1202            	3.12483059e+02
1203            	3.12483158e+02
1204            	3.12483280e+02
1205            	3.12483424e+02
1206            	3.12483569e+02
1207            	3.12483703e+02
1208            	3.12483824e+02
1209            	3.12483913e+02
1210            	3.12483900e+02
1211            	3.12483794e+02
1212            	3.12483582e+02
1213            	3.12483364e+02
1214            	3.12483084e+02
1215            	3.12482768e+02
1216            	3.12482520e+02
1217            	3.12482277e+02
1218            	3.12482052e+02
1219            	3.12481849e+02
1220            	3.12481655e+02
1221            	3.12481461e+02
1222            	3.12481276e+02
1223            	3.12481095e+02
1224            	3.12480934e+02
1225            	3.12480839e+02
1226            	3.12480660e+02
1227            	3.12480368e+02
1228            	3.12479966e+02
1229            	3.12479484e+02
1230            	3.12478959e+02
1231            	3.12478537e+02
1232            	3.12478211e+02
1233            	3.12477940e+02
1234            	3.12477741e+02
1235            	3.12477563e+02
1236            	3.12477419e+02
1237            	3.12477307e+02
1238            	3.12477312e+02
1239            	3.12477420e+02
1240            	3.12477688e+02
1241            	3.12478061e+02
1242            	3.12478543e+02
1243            	3.12479011e+02
1244            	3.12479476e+02
1245            	3.12479910e+02
1246            	3.12480262e+02
1247            	3.12480613e+02
1248            	3.12480963e+02
1249            	3.12481328e+02
1250            	3.12481722e+02
1251            	3.12482076e+02
1252            	3.12482439e+02
1253            	3.12482841e+02
1254            	3.12483312e+02
1255            	3.12483801e+02
1256            	3.12484297e+02
1257            	3.12484771e+02
1258            	3.12485190e+02
1259            	3.12485534e+02
1260            	3.12485789e+02
1261            	3.12485950e+02
1262            	3.12486020e+02
1263            	3.12486006e+02
1264            	3.12485900e+02
1265            	3.12485744e+02
1266            	3.12485533e+02
1267            	3.12485284e+02
1268            	3.12485022e+02
1269            	3.12484721e+02
1270            	3.12484394e+02
1271            	3.12484033e+02
1272            	3.12483669e+02
1273            	3.12483304e+02
1274            	3.12482933e+02
1275            	3.12482621e+02
1276            	3.12482353e+02
1277            	3.12482229e+02
1278            	3.12482264e+02
1279            	3.12482275e+02
1280            	3.12482266e+02
1281            	3.12482237e+02
1282            	3.12482129e+02
1283            	3.12481946e+02
1284            	3.12481752e+02
1285            	3.12481605e+02
1286            	3.12481454e+02
1287            	3.12481350e+02
1288            	3.12481325e+02
1289            	3.12481361e+02
1290            	3.12481481e+02
1291            	3.12481691e+02
1292            	3.12481983e+02
1293            	3.12482347e+02
1294            	3.12482776e+02
1295            	3.12483207e+02
1296            	3.12483614e+02
1297            	3.12483984e+02
1298            	3.12484318e+02
1299            	3.12484627e+02
1300            	3.12484932e+02
1301            	3.12485246e+02
1302            	3.12485573e+02
1303            	3.12485916e+02
1304            	3.12486241e+02
1305            	3.12486537e+02
1306            	3.12486778e+02
1307            	3.12486936e+02
1308            	3.12487044e+02
1309            	3.12487131e+02
1310            	3.12487190e+02
1311            	3.12487233e+02
1312            	3.12487339e+02
1313            	3.12487387e+02
1314            	3.12487419e+02
1315            	3.12487396e+02
1316            	3.12487307e+02
1317            	3.12487154e+02
1318            	3.12486954e+02
1319            	3.12486694e+02
1320            	3.12486372e+02
1321            	3.12485989e+02
1322            	3.12485616e+02
1323            	3.12485237e+02
1324            	3.12484882e+02
1325            	3.12484546e+02
1326            	3.12484239e+02
1327            	3.12483958e+02
1328            	3.12483679e+02
1329            	3.12483411e+02
1330            	3.12483150e+02
1331            	3.12482926e+02
1332            	3.12482678e+02
1333            	3.12482372e+02
1334            	3.12481968e+02
1335            	3.12481231e+02
1336            	3.12480268e+02
1337            	3.12479210e+02
1338            	3.12478117e+02
1339            	3.12477088e+02
1340            	3.12476187e+02
1341            	3.12475527e+02
1342            	3.12475116e+02
1343            	3.12474840e+02
1344            	3.12474869e+02
1345            	3.12475130e+02
1346            	3.12475522e+02
1347            	3.12475967e+02
1348            	3.12476443e+02
1349            	3.12476922e+02
1350            	3.12477369e+02
1351            	3.12477777e+02
1352            	3.12478144e+02
1353            	3.12478478e+02
1354            	3.12478783e+02
1355            	3.12479040e+02
1356            	3.12479316e+02
1357            	3.12479510e+02
1358            	3.12479682e+02
1359            	3.12479830e+02
1360            	3.12479990e+02
1361            	3.12480178e+02
1362            	3.12480381e+02
1363            	3.12480602e+02
1364            	3.12480809e+02
1365            	3.12480999e+02
1366            	3.12481203e+02
1367            	3.12481428e+02
1368            	3.12481674e+02
1369            	3.12481900e+02
1370            	3.12482075e+02
1371            	3.12482270e+02
1372            	3.12482430e+02
1373            	3.12482554e+02
1374            	3.12482620e+02
1375            	3.12482591e+02
1376            	3.12482511e+02
1377            	3.12482417e+02
1378            	3.12482337e+02
1379            	3.12482305e+02
1380            	3.12482263e+02
1381            	3.12482224e+02
1382            	3.12482228e+02
1383            	3.12482299e+02
1384            	3.12482449e+02
1385            	3.12482616e+02
1386            	3.12482752e+02
1387            	3.12482882e+02
1388            	3.12482956e+02
1389            	3.12482981e+02
1390            	3.12482965e+02
1391            	3.12482866e+02
1392            	3.12482705e+02
1393            	3.12482455e+02
1394            	3.12482121e+02
1395            	3.12481814e+02
1396            	3.12481548e+02
1397            	3.12481517e+02
1398            	3.12481676e+02
1399            	3.12482077e+02
1400            	3.12482541e+02
1401            	3.12483095e+02
1402            	3.12483690e+02
1403            	3.12484317e+02
1404            	3.12484845e+02
1405            	3.12485290e+02
1406            	3.12485634e+02
1407            	3.12485872e+02
1408            	3.12485994e+02
1409            	3.12486018e+02
1410            	3.12486065e+02
1411            	3.12486251e+02
1412            	3.12486557e+02
1413            	3.12486952e+02
1414            	3.12487568e+02
1415            	3.12488299e+02
1416            	3.12489095e+02
1417            	3.12489820e+02
1418            	3.12490346e+02
1419            	3.12490655e+02
1420            	3.12490763e+02
1421            	3.12490714e+02
1422            	3.12490568e+02
1423            	3.12490304e+02
1424            	3.12489964e+02
1425            	3.12489588e+02
1426            	3.12489172e+02
1427            	3.12488725e+02
1428            	3.12488246e+02
1429            	3.12487740e+02
1430            	3.12487198e+02
1431            	3.12486605e+02
1432            	3.12485953e+02
1433            	3.12485245e+02
1434            	3.12484498e+02
1435            	3.12483735e+02
1436            	3.12482963e+02
1437            	3.12482234e+02
1438            	3.12481496e+02
1439            	3.12480780e+02
1440            	3.12480078e+02
1441            	3.12479388e+02
1442            	3.12478718e+02
1443            	3.12478082e+02
1444            	3.12477495e+02
1445            	3.12476975e+02
1446            	3.12476500e+02
1447            	3.12476060e+02
1448            	3.12475665e+02
1449            	3.12475337e+02
1450            	3.12475111e+02
1451            	3.12474916e+02
1452            	3.12474757e+02
1453            	3.12474617e+02
1454            	3.12474492e+02
1455            	3.12474409e+02
1456            	3.12474386e+02
1457            	3.12474431e+02
1458            	3.12474599e+02
1459            	3.12474840e+02
1460            	3.12475182e+02
1461            	3.12475614e+02
1462            	3.12476123e+02
1463            	3.12476630e+02
1464            	3.12477082e+02
1465            	3.12477446e+02
1466            	3.12477754e+02
1467            	3.12478011e+02
1468            	3.12478226e+02
1469            	3.12478448e+02
1470            	3.12478682e+02
1471            	3.12478948e+02
1472            	3.12479250e+02
1473            	3.12479588e+02
1474            	3.12479937e+02
1475            	3.12480300e+02
1476            	3.12480665e+02
1477            	3.12481044e+02
1478            	3.12481405e+02
1479            	3.12481755e+02
1480            	3.12482094e+02
1481            	3.12482422e+02
1482            	3.12482721e+02
1483            	3.12482942e+02
1484            	3.12483063e+02
1485            	3.12483077e+02
1486            	3.12483005e+02
1487            	3.12482817e+02
1488            	3.12482549e+02
1489            	3.12482301e+02
1490            	3.12482160e+02
1491            	3.12482127e+02
1492            	3.12482304e+02
1493            	3.12482677e+02
1494            	3.12483158e+02
1495            	3.12483616e+02
1496            	3.12484047e+02
1497            	3.12484375e+02
1498            	3.12484565e+02
1499            	3.12484554e+02
1500            	3.12484406e+02
1501            	3.12484149e+02
1502            	3.12483804e+02
1503            	3.12483431e+02
1504            	3.12483059e+02
1505            	3.12482773e+02
1506            	3.12482561e+02
1507            	3.12482596e+02
1508            	3.12482839e+02
1509            	3.12483180e+02
1510            	3.12483593e+02
1511            	3.12483958e+02
1512            	3.12484263e+02
1513            	3.12484490e+02
1514            	3.12484605e+02
1515            	3.12484631e+02
1516            	3.12484583e+02
1517            	3.12484508e+02
1518            	3.12484439e+02
1519            	3.12484434e+02
1520            	3.12484518e+02
1521            	3.12484701e+02
1522            	3.12484968e+02
1523            	3.12485302e+02
1524            	3.12485686e+02
1525            	3.12486098e+02
1526            	3.12486510e+02
1527            	3.12486906e+02
1528            	3.12487288e+02
1529            	3.12487684e+02
1530            	3.12488063e+02
1531            	3.12488401e+02
1532            	3.12488604e+02
1533            	3.12488678e+02
1534            	3.12488651e+02
1535            	3.12488548e+02
1536            	3.12488395e+02
1537            	3.12488188e+02
1538            	3.12487958e+02
1539            	3.12487672e+02
1540            	3.12487343e+02
1541            	3.12487011e+02
1542            	3.12486677e+02
1543            	3.12486449e+02
1544            	3.12486322e+02
1545            	3.12486360e+02
1546            	3.12486465e+02
1547            	3.12486566e+02
1548            	3.12486570e+02
1549            	3.12486427e+02
1550            	3.12486124e+02
1551            	3.12485661e+02
1552            	3.12485066e+02
1553            	3.12484369e+02
1554            	3.12483684e+02
1555            	3.12483048e+02
1556            	3.12482489e+02
1557            	3.12482049e+02
1558            	3.12481722e+02
1559            	3.12481482e+02
1560            	3.12481304e+02
1561            	3.12481152e+02
1562            	3.12480983e+02
1563            	3.12480809e+02
1564            	3.12480612e+02
1565            	3.12480475e+02
1566            	3.12480289e+02
1567            	3.12480091e+02
1568            	3.12479878e+02
1569            	3.12479646e+02
1570            	3.12479386e+02
1571            	3.12479128e+02
1572            	3.12478945e+02
1573            	3.12478857e+02
1574            	3.12478876e+02
1575            	3.12479032e+02
1576            	3.12479225e+02
1577            	3.12479473e+02
1578            	3.12479729e+02
1579            	3.12479975e+02
1580            	3.12480214e+02
1581            	3.12480438e+02
1582            	3.12480648e+02
1583            	3.12480881e+02
1584            	3.12481170e+02
1585            	3.12481448e+02
1586            	3.12481777e+02
1587            	3.12482108e+02
1588            	3.12482437e+02
1589            	3.12482772e+02
1590            	3.12483128e+02
1591            	3.12483504e+02
1592            	3.12483887e+02
1593            	3.12484215e+02
1594            	3.12484509e+02
1595            	3.12484756e+02
1596            	3.12484957e+02
1597            	3.12485114e+02
1598            	3.12485222e+02
1599            	3.12485278e+02
1600            	3.12485279e+02
1601            	3.12485252e+02
1602            	3.12485202e+02
1603            	3.12485178e+02
1604            	3.12485049e+02
1605            	3.12484858e+02
1606            	3.12484639e+02
1607            	3.12484373e+02
1608            	3.12484041e+02
1609            	3.12483620e+02
1610            	3.12483127e+02
1611            	3.12482603e+02
1612            	3.12482054e+02
1613            	3.12481496e+02
1614            	3.12481037e+02
1615            	3.12480547e+02
1616            	3.12480065e+02
1617            	3.12479660e+02
1618            	3.12479277e+02
1619            	3.12478920e+02
1620            	3.12478627e+02
1621            	3.12478369e+02
1622            	3.12478134e+02
1623            	3.12477938e+02
1624            	3.12477785e+02
1625            	3.12477710e+02
1626            	3.12477641e+02
1627            	3.12477614e+02
1628            	3.12477618e+02
1629            	3.12477656e+02
1630            	3.12477766e+02
1631            	3.12477963e+02
1632            	3.12478247e+02
1633            	3.12478580e+02
1634            	3.12478927e+02
1635            	3.12479256e+02
1636            	3.12479573e+02
1637            	3.12479859e+02
1638            	3.12480114e+02
1639            	3.12480345e+02
1640            	3.12480576e+02
1641            	3.12480858e+02
1642            	3.12481168e+02
1643            	3.12481519e+02
1644            	3.12481917e+02
1645            	3.12482370e+02
1646            	3.12482875e+02
1647            	3.12483369e+02
1648            	3.12483830e+02
1649            	3.12484210e+02
1650            	3.12484493e+02
1651            	3.12484675e+02
1652            	3.12484724e+02
1653            	3.12484660e+02
1654            	3.12484502e+02
1655            	3.12484276e+02
1656            	3.12484105e+02
1657            	3.12484084e+02
1658            	3.12484181e+02
1659            	3.12484384e+02
1660            	3.12484695e+02
1661            	3.12485107e+02
1662            	3.12485522e+02
1663            	3.12485861e+02
1664            	3.12486109e+02
1665            	3.12486251e+02
1666            	3.12486272e+02
1667            	3.12486171e+02
1668            	3.12485984e+02
1669            	3.12485828e+02
1670            	3.12485657e+02
1671            	3.12485494e+02
1672            	3.12485379e+02
1673            	3.12485355e+02
1674            	3.12485473e+02
1675            	3.12485768e+02
1676            	3.12486087e+02
1677            	3.12486403e+02
1678            	3.12486586e+02
1679            	3.12486682e+02
1680            	3.12486631e+02
1681            	3.12486528e+02
1682            	3.12486473e+02
1683            	3.12486339e+02
1684            	3.12486359e+02
1685            	3.12486579e+02
1686            	3.12487134e+02
1687            	3.12487892e+02
1688            	3.12488600e+02
1689            	3.12489178e+02
1690            	3.12489640e+02
1691            	3.12489813e+02
1692            	3.12489708e+02
1693            	3.12489410e+02
1694            	3.12488991e+02
1695            	3.12488554e+02
1696            	3.12488169e+02
1697            	3.12487829e+02
1698            	3.12487647e+02
1699            	3.12487665e+02
1700            	3.12487758e+02
1701            	3.12487861e+02
1702            	3.12487893e+02
1703            	3.12487875e+02
1704            	3.12487783e+02
1705            	3.12487649e+02
1706            	3.12487539e+02
1707            	3.12487428e+02
1708            	3.12487343e+02
1709            	3.12487319e+02
1710            	3.12487233e+02
1711            	3.12487053e+02
1712            	3.12486647e+02
1713            	3.12486011e+02
1714            	3.12485198e+02
1715            	3.12484295e+02
1716            	3.12483398e+02
1717            	3.12482571e+02
1718            	3.12481839e+02
1719            	3.12481115e+02
1720            	3.12480558e+02
1721            	3.12480040e+02
1722            	3.12479563e+02
1723            	3.12479231e+02
1724            	3.12479041e+02
1725            	3.12478989e+02
1726            	3.12479103e+02
1727            	3.12479308e+02
1728            	3.12479515e+02
1729            	3.12479718e+02
1730            	3.12479913e+02
1731            	3.12480095e+02
1732            	3.12480124e+02
1733            	3.12479972e+02
1734            	3.12479605e+02
1735            	3.12479101e+02
1736            	3.12478619e+02
1737            	3.12478319e+02
1738            	3.12478180e+02
1739            	3.12478330e+02
1740            	3.12478787e+02
1741            	3.12479488e+02
1742            	3.12480275e+02
1743            	3.12481058e+02
1744            	3.12481800e+02
1745            	3.12482455e+02
1746            	3.12482952e+02
1747            	3.12483303e+02
1748            	3.12483537e+02
1749            	3.12483660e+02
1750            	3.12483670e+02
1751            	3.12483546e+02
1752            	3.12483328e+02
1753            	3.12483040e+02
1754            	3.12482730e+02
1755            	3.12482430e+02
1756            	3.12482196e+02
1757            	3.12482056e+02
1758            	3.12481969e+02
1759            	3.12481927e+02
1760            	3.12481926e+02
1761            	3.12481925e+02
1762            	3.12481891e+02
1763            	3.12481805e+02
1764            	3.12481677e+02
1765            	3.12481498e+02
1766            	3.12481240e+02
1767            	3.12480869e+02
1768            	3.12480422e+02
1769            	3.12479896e+02
1770            	3.12479329e+02
1771            	3.12478726e+02
1772            	3.12478096e+02
1773            	3.12477543e+02
1774            	3.12477023e+02
1775            	3.12476591e+02
1776            	3.12476252e+02
1777            	3.12475993e+02
1778            	3.12475812e+02
1779            	3.12475698e+02
1780            	3.12475624e+02
1781            	3.12475577e+02
1782            	3.12475550e+02
1783            	3.12475492e+02
1784            	3.12475401e+02
1785            	3.12475219e+02
1786            	3.12474982e+02
1787            	3.12474692e+02
1788            	3.12474364e+02
1789            	3.12474041e+02
1790            	3.12473741e+02
1791            	3.12473484e+02
1792            	3.12473303e+02
1793            	3.12473251e+02
1794            	3.12473357e+02
1795            	3.12473600e+02
1796            	3.12473997e+02
1797            	3.12474494e+02
1798            	3.12475034e+02
1799            	3.12475563e+02
1800            	3.12476046e+02
1801            	3.12476469e+02
1802            	3.12476820e+02
1803            	3.12477061e+02
1804            	3.12477219e+02
1805            	3.12477348e+02
1806            	3.12477475e+02
1807            	3.12477611e+02
1808            	3.12477805e+02
1809            	3.12478027e+02
1810            	3.12478287e+02
1811            	3.12478590e+02
1812            	3.12478935e+02
1813            	3.12479304e+02
1814            	3.12479693e+02
1815            	3.12480093e+02
1816            	3.12480493e+02
1817            	3.12480887e+02
1818            	3.12481258e+02
1819            	3.12481578e+02
1820            	3.12481783e+02
1821            	3.12481852e+02
1822            	3.12481754e+02
1823            	3.12481596e+02
1824            	3.12481438e+02
1825            	3.12481453e+02
1826            	3.12481474e+02
1827            	3.12481605e+02
1828            	3.12481824e+02
1829            	3.12482059e+02
1830            	3.12482234e+02
1831            	3.12482294e+02
1832            	3.12482251e+02
1833            	3.12482142e+02
1834            	3.12481950e+02
1835            	3.12481669e+02
1836            	3.12481403e+02
1837            	3.12481208e+02
1838            	3.12480821e+02
1839            	3.12480391e+02
1840            	3.12479980e+02
1841            	3.12479500e+02
1842            	3.12478961e+02
1843            	3.12478494e+02
1844            	3.12478122e+02
1845            	3.12477857e+02
1846            	3.12477787e+02
1847            	3.12477977e+02
1848            	3.12478311e+02
1849            	3.12478860e+02
1850            	3.12479188e+02
1851            	3.12479568e+02
1852            	3.12480001e+02
1853            	3.12480485e+02
1854            	3.12480934e+02
1855            	3.12481326e+02
1856            	3.12481670e+02
1857            	3.12482023e+02
1858            	3.12482419e+02
1859            	3.12482844e+02
1860            	3.12483214e+02
1861            	3.12483475e+02
1862            	3.12483629e+02
1863            	3.12483728e+02
1864            	3.12483837e+02
1865            	3.12483975e+02
1866            	3.12484118e+02
1867            	3.12484224e+02
1868            	3.12484296e+02
1869            	3.12484336e+02
1870            	3.12484326e+02
1871            	3.12484286e+02
1872            	3.12484237e+02
1873            	3.12484192e+02
1874            	3.12484156e+02
1875            	3.12484127e+02
1876            	3.12484076e+02
1877            	3.12483970e+02
1878            	3.12483829e+02
1879            	3.12483635e+02
1880            	3.12483379e+02
1881            	3.12483049e+02
1882            	3.12482658e+02
1883            	3.12482265e+02
1884            	3.12481919e+02
1885            	3.12481586e+02
1886            	3.12481306e+02
1887            	3.12481083e+02
1888            	3.12480896e+02
1889            	3.12480738e+02
1890            	3.12480573e+02
1891            	3.12480401e+02
1892            	3.12480127e+02
1893            	3.12479863e+02
1894            	3.12479585e+02
1895            	3.12479278e+02
1896            	3.12478936e+02
1897            	3.12478567e+02
1898            	3.12478259e+02
1899            	3.12477944e+02
1900            	3.12477655e+02
1901            	3.12477469e+02
1902            	3.12477337e+02
1903            	3.12477293e+02
1904            	3.12477362e+02
1905            	3.12477500e+02
1906            	3.12477708e+02
1907            	3.12477885e+02
1908            	3.12478001e+02
1909            	3.12478043e+02
1910            	3.12478044e+02
1911            	3.12478055e+02
1912            	3.12478093e+02
1913            	3.12478197e+02
1914            	3.12478375e+02
1915            	3.12478635e+02
1916            	3.12478968e+02
1917            	3.12479360e+02
1918            	3.12479810e+02
1919            	3.12480332e+02
1920            	3.12480853e+02
1921            	3.12481345e+02
1922            	3.12481800e+02
1923            	3.12482238e+02
1924            	3.12482633e+02
1925            	3.12482901e+02
1926            	3.12483094e+02
1927            	3.12483225e+02
1928            	3.12483195e+02
1929            	3.12483107e+02
1930            	3.12482964e+02
1931            	3.12482765e+02
1932            	3.12482567e+02
1933            	3.12482371e+02
1934            	3.12482153e+02
1935            	3.12481917e+02
1936            	3.12481652e+02
1937            	3.12481413e+02
1938            	3.12481201e+02
1939            	3.12481006e+02
1940            	3.12480833e+02
1941            	3.12480689e+02
1942            	3.12480433e+02
1943            	3.12480103e+02
1944            	3.12479775e+02
1945            	3.12479423e+02
1946            	3.12479201e+02
1947            	3.12479118e+02
1948            	3.12479255e+02
1949            	3.12479478e+02
1950            	3.12479797e+02
1951            	3.12480112e+02
1952            	3.12480430e+02
1953            	3.12480637e+02
1954            	3.12480752e+02
1955            	3.12480450e+02
1956            	3.12479730e+02
1957            	3.12478872e+02
1958            	3.12478003e+02
1959            	3.12477172e+02
1960            	3.12476450e+02
1961            	3.12475893e+02
1962            	3.12475518e+02
1963            	3.12475368e+02
1964            	3.12475474e+02
1965            	3.12475530e+02
1966            	3.12475759e+02
1967            	3.12476249e+02
1968            	3.12476881e+02
1969            	3.12477504e+02
1970            	3.12478085e+02
1971            	3.12478607e+02
1972            	3.12479042e+02
1973            	3.12479386e+02
1974            	3.12479669e+02
1975            	3.12479919e+02
1976            	3.12479989e+02
1977            	3.12479924e+02
1978            	3.12479729e+02
1979            	3.12479503e+02
1980            	3.12479338e+02
1981            	3.12478989e+02
1982            	3.12478452e+02
1983            	3.12477794e+02
1984            	3.12477047e+02
1985            	3.12476306e+02
1986            	3.12475632e+02
1987            	3.12475169e+02
1988            	3.12474750e+02
1989            	3.12474670e+02
1990            	3.12474891e+02
1991            	3.12475339e+02
1992            	3.12475987e+02
1993            	3.12476709e+02
1994            	3.12477290e+02
1995            	3.12477624e+02
1996            	3.12477635e+02
1997            	3.12477258e+02
1998            	3.12476623e+02
1999            	3.12475738e+02
2000            	3.12474819e+02
