# Region        : cellZone component_0
# Cells         : 45
# Volume        : 7.42322192e-02
# Time          	volAverage(T)
1               	3.01452128e+02
2               	3.02857894e+02
3               	3.04028143e+02
4               	3.05046406e+02
5               	3.06013831e+02
6               	3.06954657e+02
7               	3.07863928e+02
8               	3.08741943e+02
9               	3.09590953e+02
10              	3.10390619e+02
11              	3.11117739e+02
12              	3.11787315e+02
13              	3.12420699e+02
14              	3.13060427e+02
15              	3.13669513e+02
16              	3.14242310e+02
17              	3.14768857e+02
18              	3.15284993e+02
19              	3.15765555e+02
20              	3.16231693e+02
21              	3.16704519e+02
22              	3.17229174e+02
23              	3.17740635e+02
24              	3.18226371e+02
25              	3.18710959e+02
26              	3.19175259e+02
27              	3.19630698e+02
28              	3.20052541e+02
29              	3.20417072e+02
30              	3.20791899e+02
31              	3.21157485e+02
32              	3.21528608e+02
33              	3.21932487e+02
34              	3.22346528e+02
35              	3.22746785e+02
36              	3.23161405e+02
37              	3.23585272e+02
38              	3.24012148e+02
39              	3.24395187e+02
40              	3.24718136e+02
41              	3.25023608e+02
42              	3.25323816e+02
43              	3.25621847e+02
44              	3.25916692e+02
45              	3.26265255e+02
46              	3.26561373e+02
47              	3.26822767e+02
48              	3.27061839e+02
49              	3.27299324e+02
50              	3.27523443e+02
51              	3.27809300e+02
52              	3.28081887e+02
53              	3.28306681e+02
54              	3.28470292e+02
55              	3.28647723e+02
56              	3.28860754e+02
57              	3.29136217e+02
58              	3.29416713e+02
59              	3.29696410e+02
60              	3.29956134e+02
61              	3.30156585e+02
62              	3.30405997e+02
63              	3.30600903e+02
64              	3.30814575e+02
65              	3.31040492e+02
66              	3.31276730e+02
67              	3.31480583e+02
68              	3.31706242e+02
69              	3.31959570e+02
70              	3.32216043e+02
71              	3.32460444e+02
72              	3.32698263e+02
73              	3.32926553e+02
74              	3.33147578e+02
75              	3.33334832e+02
76              	3.33524186e+02
77              	3.33667264e+02
78              	3.33811995e+02
79              	3.33987027e+02
80              	3.34129315e+02
81              	3.34284729e+02
82              	3.34436802e+02
83              	3.34600273e+02
84              	3.34772479e+02
85              	3.34946788e+02
86              	3.35123484e+02
87              	3.35311755e+02
88              	3.35505489e+02
89              	3.35708521e+02
90              	3.35901813e+02
91              	3.36038937e+02
92              	3.36208077e+02
93              	3.36389093e+02
94              	3.36557594e+02
95              	3.36718096e+02
96              	3.36892307e+02
97              	3.36972705e+02
98              	3.37068262e+02
99              	3.37169033e+02
100             	3.37261992e+02
101             	3.37345521e+02
102             	3.37429822e+02
103             	3.37512062e+02
104             	3.37589453e+02
105             	3.37663956e+02
106             	3.37738849e+02
107             	3.37827970e+02
108             	3.37935019e+02
109             	3.38071131e+02
110             	3.38145195e+02
111             	3.38258710e+02
112             	3.38359523e+02
113             	3.38489018e+02
114             	3.38548424e+02
115             	3.38649703e+02
116             	3.38776837e+02
117             	3.38811503e+02
118             	3.38886167e+02
119             	3.38964493e+02
120             	3.39025856e+02
121             	3.39095275e+02
122             	3.39158130e+02
123             	3.39222732e+02
124             	3.39279463e+02
125             	3.39346072e+02
126             	3.39416598e+02
127             	3.39519423e+02
128             	3.39549358e+02
129             	3.39623930e+02
130             	3.39713584e+02
131             	3.39805425e+02
132             	3.39832240e+02
133             	3.39895721e+02
134             	3.39974233e+02
135             	3.40063716e+02
136             	3.40062224e+02
137             	3.40104902e+02
138             	3.40166447e+02
139             	3.40174235e+02
140             	3.40218821e+02
141             	3.40283488e+02
142             	3.40314458e+02
143             	3.40342965e+02
144             	3.40377733e+02
145             	3.40420423e+02
146             	3.40458247e+02
147             	3.40498790e+02
148             	3.40536666e+02
149             	3.40588107e+02
150             	3.40584520e+02
151             	3.40634404e+02
152             	3.40705838e+02
153             	3.40716132e+02
154             	3.40764046e+02
155             	3.40852261e+02
156             	3.40844815e+02
157             	3.40880504e+02
158             	3.40908074e+02
159             	3.40924290e+02
160             	3.40949668e+02
161             	3.40982226e+02
162             	3.41007443e+02
163             	3.41045020e+02
164             	3.41087526e+02
165             	3.41065254e+02
166             	3.41086344e+02
167             	3.41131994e+02
168             	3.41120861e+02
169             	3.41150582e+02
170             	3.41205650e+02
171             	3.41177630e+02
172             	3.41185369e+02
173             	3.41199152e+02
174             	3.41228793e+02
175             	3.41195236e+02
176             	3.41208154e+02
177             	3.41232935e+02
178             	3.41266132e+02
179             	3.41291416e+02
180             	3.41324311e+02
181             	3.41356408e+02
182             	3.41328654e+02
183             	3.41350056e+02
184             	3.41389395e+02
185             	3.41458804e+02
186             	3.41430115e+02
187             	3.41449810e+02
188             	3.41425428e+02
189             	3.41447365e+02
190             	3.41483645e+02
191             	3.41523846e+02
192             	3.41482109e+02
193             	3.41488857e+02
194             	3.41504658e+02
195             	3.41526361e+02
196             	3.41542053e+02
197             	3.41576602e+02
198             	3.41538398e+02
199             	3.41554412e+02
200             	3.41594426e+02
201             	3.41568966e+02
202             	3.41581493e+02
203             	3.41611705e+02
204             	3.41576240e+02
205             	3.41588508e+02
206             	3.41616569e+02
207             	3.41660644e+02
208             	3.41622003e+02
209             	3.41625160e+02
210             	3.41636297e+02
211             	3.41651170e+02
212             	3.41683756e+02
213             	3.41649019e+02
214             	3.41666230e+02
215             	3.41704638e+02
216             	3.41682035e+02
217             	3.41696632e+02
218             	3.41733704e+02
219             	3.41774204e+02
220             	3.41734624e+02
221             	3.41732632e+02
222             	3.41752098e+02
223             	3.41791765e+02
224             	3.41754259e+02
225             	3.41751695e+02
226             	3.41772916e+02
227             	3.41796735e+02
228             	3.41844896e+02
229             	3.41800417e+02
230             	3.41808190e+02
231             	3.41831071e+02
232             	3.41800854e+02
233             	3.41811398e+02
234             	3.41851380e+02
235             	3.41816767e+02
236             	3.41833184e+02
237             	3.41863899e+02
238             	3.41828663e+02
239             	3.41831332e+02
240             	3.41864489e+02
241             	3.41880808e+02
242             	3.41914570e+02
243             	3.41950859e+02
244             	3.41904304e+02
245             	3.41900853e+02
246             	3.41913141e+02
247             	3.41940882e+02
248             	3.41903983e+02
249             	3.41907206e+02
250             	3.41934212e+02
251             	3.41894540e+02
252             	3.41906722e+02
253             	3.41871906e+02
254             	3.41883383e+02
255             	3.41909967e+02
256             	3.41870747e+02
257             	3.41869140e+02
258             	3.41883204e+02
259             	3.41902245e+02
260             	3.41915848e+02
261             	3.41922239e+02
262             	3.41935665e+02
263             	3.41884580e+02
264             	3.41892474e+02
265             	3.41911911e+02
266             	3.41879493e+02
267             	3.41885527e+02
268             	3.41931070e+02
269             	3.41888347e+02
270             	3.41886810e+02
271             	3.41894984e+02
272             	3.41914197e+02
273             	3.41934292e+02
274             	3.41889815e+02
275             	3.41897739e+02
276             	3.41928083e+02
277             	3.41890594e+02
278             	3.41901646e+02
279             	3.41926414e+02
280             	3.41892064e+02
281             	3.41893331e+02
282             	3.41909794e+02
283             	3.41926638e+02
284             	3.41959209e+02
285             	3.41986798e+02
286             	3.42027904e+02
287             	3.41969775e+02
288             	3.41969403e+02
289             	3.41983396e+02
290             	3.41945507e+02
291             	3.41945712e+02
292             	3.41974768e+02
293             	3.41933163e+02
294             	3.41936599e+02
295             	3.41945164e+02
296             	3.41968386e+02
297             	3.41921866e+02
298             	3.41925864e+02
299             	3.41955760e+02
300             	3.41917735e+02
301             	3.41920740e+02
302             	3.41958109e+02
303             	3.41998181e+02
304             	3.41949671e+02
305             	3.41940344e+02
306             	3.41950388e+02
307             	3.41966617e+02
308             	3.41993516e+02
309             	3.42021569e+02
310             	3.42062003e+02
311             	3.42004375e+02
312             	3.42002279e+02
313             	3.42016429e+02
314             	3.41978792e+02
315             	3.41979316e+02
316             	3.42008064e+02
317             	3.41963296e+02
318             	3.41970359e+02
319             	3.41987279e+02
320             	3.42035083e+02
321             	3.41987833e+02
322             	3.41992168e+02
323             	3.42005606e+02
324             	3.42043053e+02
325             	3.41994044e+02
326             	3.41996704e+02
327             	3.42015824e+02
328             	3.41978302e+02
329             	3.41977948e+02
330             	3.42008608e+02
331             	3.41963959e+02
332             	3.41969502e+02
333             	3.41982014e+02
334             	3.42013557e+02
335             	3.42043837e+02
336             	3.41995140e+02
337             	3.41988049e+02
338             	3.42006663e+02
339             	3.41961662e+02
340             	3.41968170e+02
341             	3.41987886e+02
342             	3.41951709e+02
343             	3.41951262e+02
344             	3.41974561e+02
345             	3.42001441e+02
346             	3.41959747e+02
347             	3.41957572e+02
348             	3.41978619e+02
349             	3.42012936e+02
350             	3.41971264e+02
351             	3.41968590e+02
352             	3.41993721e+02
353             	3.41949342e+02
354             	3.41956246e+02
355             	3.41975885e+02
356             	3.41939146e+02
357             	3.41939383e+02
358             	3.41965496e+02
359             	3.41921557e+02
360             	3.41926441e+02
361             	3.41941278e+02
362             	3.41980046e+02
363             	3.41931177e+02
364             	3.41933703e+02
365             	3.41947421e+02
366             	3.41990664e+02
367             	3.41941727e+02
368             	3.41944750e+02
369             	3.41959297e+02
370             	3.42003113e+02
371             	3.41953672e+02
372             	3.41955880e+02
373             	3.41970078e+02
374             	3.42014694e+02
375             	3.41964524e+02
376             	3.41966560e+02
377             	3.41980994e+02
378             	3.41943947e+02
379             	3.41942758e+02
380             	3.41966231e+02
381             	3.41923672e+02
382             	3.41930497e+02
383             	3.41947688e+02
384             	3.41911594e+02
385             	3.41911776e+02
386             	3.41935845e+02
387             	3.41892997e+02
388             	3.41900231e+02
389             	3.41917178e+02
390             	3.41966047e+02
391             	3.41917232e+02
392             	3.41919577e+02
393             	3.41934023e+02
394             	3.41978441e+02
395             	3.41930141e+02
396             	3.41933728e+02
397             	3.41949185e+02
398             	3.41993894e+02
399             	3.41945824e+02
400             	3.41949486e+02
401             	3.41964121e+02
402             	3.42006457e+02
403             	3.41958245e+02
404             	3.41962161e+02
405             	3.41978563e+02
406             	3.41942988e+02
407             	3.41943280e+02
408             	3.41968382e+02
409             	3.41926105e+02
410             	3.41933381e+02
411             	3.41951656e+02
412             	3.41916659e+02
413             	3.41917663e+02
414             	3.41943754e+02
415             	3.41902149e+02
416             	3.41910447e+02
417             	3.41929651e+02
418             	3.41895387e+02
419             	3.41896701e+02
420             	3.41922309e+02
421             	3.41959204e+02
422             	3.41918834e+02
423             	3.41915946e+02
424             	3.41937744e+02
425             	3.41970847e+02
426             	3.41930713e+02
427             	3.41927941e+02
428             	3.41950984e+02
429             	3.41991094e+02
430             	3.41949026e+02
431             	3.41945538e+02
432             	3.41968235e+02
433             	3.41924693e+02
434             	3.41931248e+02
435             	3.41949359e+02
436             	3.41913888e+02
437             	3.41913206e+02
438             	3.41937255e+02
439             	3.41894842e+02
440             	3.41902044e+02
441             	3.41919879e+02
442             	3.41969478e+02
443             	3.41921311e+02
444             	3.41924787e+02
445             	3.41940022e+02
446             	3.41983779e+02
447             	3.41935783e+02
448             	3.41939367e+02
449             	3.41954203e+02
450             	3.42000037e+02
451             	3.41951098e+02
452             	3.41953894e+02
453             	3.41969179e+02
454             	3.41932449e+02
455             	3.41931999e+02
456             	3.41956555e+02
457             	3.41913720e+02
458             	3.41920790e+02
459             	3.41938877e+02
460             	3.41903549e+02
461             	3.41903874e+02
462             	3.41928663e+02
463             	3.41969314e+02
464             	3.41927912e+02
465             	3.41924042e+02
466             	3.41945774e+02
467             	3.41981765e+02
468             	3.41940181e+02
469             	3.41936131e+02
470             	3.41957820e+02
471             	3.41994399e+02
472             	3.41952156e+02
473             	3.41947943e+02
474             	3.41969717e+02
475             	3.42008840e+02
476             	3.41965874e+02
477             	3.41961048e+02
478             	3.41982482e+02
479             	3.42021046e+02
480             	3.41977683e+02
481             	3.41972414e+02
482             	3.41993371e+02
483             	3.42031605e+02
484             	3.41987957e+02
485             	3.41982346e+02
486             	3.42002792e+02
487             	3.42039463e+02
488             	3.41995567e+02
489             	3.41989809e+02
490             	3.42009874e+02
491             	3.42045962e+02
492             	3.42001829e+02
493             	3.41995842e+02
494             	3.42016146e+02
495             	3.42053763e+02
496             	3.42009319e+02
497             	3.42003204e+02
498             	3.42023531e+02
499             	3.42060747e+02
500             	3.42015976e+02
501             	3.42009741e+02
502             	3.42030025e+02
503             	3.41984181e+02
504             	3.41989265e+02
505             	3.42005066e+02
506             	3.41967795e+02
507             	3.41966445e+02
508             	3.41989698e+02
509             	3.42028559e+02
510             	3.41985337e+02
511             	3.41980247e+02
512             	3.42001382e+02
513             	3.42039685e+02
514             	3.41996068e+02
515             	3.41990926e+02
516             	3.42012174e+02
517             	3.42050128e+02
518             	3.42006102e+02
519             	3.42000647e+02
520             	3.42021713e+02
521             	3.41976435e+02
522             	3.41982126e+02
523             	3.41998512e+02
524             	3.41961513e+02
525             	3.41960689e+02
526             	3.41984770e+02
527             	3.41941242e+02
528             	3.41948188e+02
529             	3.41965650e+02
530             	3.41929910e+02
531             	3.41930208e+02
532             	3.41955141e+02
533             	3.41912767e+02
534             	3.41920699e+02
535             	3.41939020e+02
536             	3.41904248e+02
537             	3.41905380e+02
538             	3.41931141e+02
539             	3.41889818e+02
540             	3.41898657e+02
541             	3.41917932e+02
542             	3.41884042e+02
543             	3.41886061e+02
544             	3.41912723e+02
545             	3.41871843e+02
546             	3.41881148e+02
547             	3.41900957e+02
548             	3.41867384e+02
549             	3.41869606e+02
550             	3.41896434e+02
551             	3.41856120e+02
552             	3.41865968e+02
553             	3.41886255e+02
554             	3.41853481e+02
555             	3.41856502e+02
556             	3.41884235e+02
557             	3.41844542e+02
558             	3.41854926e+02
559             	3.41875539e+02
560             	3.41843155e+02
561             	3.41846479e+02
562             	3.41874268e+02
563             	3.41834716e+02
564             	3.41845268e+02
565             	3.41865980e+02
566             	3.41833530e+02
567             	3.41837163e+02
568             	3.41865646e+02
569             	3.41826420e+02
570             	3.41837397e+02
571             	3.41859247e+02
572             	3.41827174e+02
573             	3.41831238e+02
574             	3.41860112e+02
575             	3.41821031e+02
576             	3.41832195e+02
577             	3.41853818e+02
578             	3.41906468e+02
579             	3.41860430e+02
580             	3.41866661e+02
581             	3.41884343e+02
582             	3.41932369e+02
583             	3.41885774e+02
584             	3.41891566e+02
585             	3.41908837e+02
586             	3.41874522e+02
587             	3.41876915e+02
588             	3.41904799e+02
589             	3.41864362e+02
590             	3.41874236e+02
591             	3.41895261e+02
592             	3.41862136e+02
593             	3.41864548e+02
594             	3.41891250e+02
595             	3.41850768e+02
596             	3.41860319e+02
597             	3.41879977e+02
598             	3.41931376e+02
599             	3.41884481e+02
600             	3.41889946e+02
601             	3.41907250e+02
602             	3.41872618e+02
603             	3.41874550e+02
604             	3.41901602e+02
605             	3.41860746e+02
606             	3.41870309e+02
607             	3.41890984e+02
608             	3.41857530e+02
609             	3.41859668e+02
610             	3.41886162e+02
611             	3.41845990e+02
612             	3.41855340e+02
613             	3.41874312e+02
614             	3.41924284e+02
615             	3.41877291e+02
616             	3.41882267e+02
617             	3.41898365e+02
618             	3.41947791e+02
619             	3.41899951e+02
620             	3.41904613e+02
621             	3.41922000e+02
622             	3.41886746e+02
623             	3.41888265e+02
624             	3.41914780e+02
625             	3.41873363e+02
626             	3.41882146e+02
627             	3.41901269e+02
628             	3.41867347e+02
629             	3.41869383e+02
630             	3.41895933e+02
631             	3.41855255e+02
632             	3.41864766e+02
633             	3.41884299e+02
634             	3.41935183e+02
635             	3.41887920e+02
636             	3.41892965e+02
637             	3.41909694e+02
638             	3.41959512e+02
639             	3.41911593e+02
640             	3.41916163e+02
641             	3.41932605e+02
642             	3.41981679e+02
643             	3.41933191e+02
644             	3.41937229e+02
645             	3.41953862e+02
646             	3.41917991e+02
647             	3.41918550e+02
648             	3.41944375e+02
649             	3.41902156e+02
650             	3.41910320e+02
651             	3.41929047e+02
652             	3.41894343e+02
653             	3.41895711e+02
654             	3.41921534e+02
655             	3.41880027e+02
656             	3.41888990e+02
657             	3.41907994e+02
658             	3.41958440e+02
659             	3.41910626e+02
660             	3.41915141e+02
661             	3.41931460e+02
662             	3.41980502e+02
663             	3.41931722e+02
664             	3.41935572e+02
665             	3.41951520e+02
666             	3.41915215e+02
667             	3.41916027e+02
668             	3.41942099e+02
669             	3.41900007e+02
670             	3.41908343e+02
671             	3.41927247e+02
672             	3.41975294e+02
673             	3.41926543e+02
674             	3.41930266e+02
675             	3.41945658e+02
676             	3.41992271e+02
677             	3.41943182e+02
678             	3.41946696e+02
679             	3.41961867e+02
680             	3.41925492e+02
681             	3.41925964e+02
682             	3.41951441e+02
683             	3.41909219e+02
684             	3.41917480e+02
685             	3.41936671e+02
686             	3.41901800e+02
687             	3.41903229e+02
688             	3.41929674e+02
689             	3.41887955e+02
690             	3.41896394e+02
691             	3.41915309e+02
692             	3.41880798e+02
693             	3.41882197e+02
694             	3.41908124e+02
695             	3.41949291e+02
696             	3.41908528e+02
697             	3.41906003e+02
698             	3.41929676e+02
699             	3.41970124e+02
700             	3.41928867e+02
701             	3.41926025e+02
702             	3.41949627e+02
703             	3.41906989e+02
704             	3.41915112e+02
705             	3.41933897e+02
706             	3.41899201e+02
707             	3.41900653e+02
708             	3.41926696e+02
709             	3.41885176e+02
710             	3.41893912e+02
711             	3.41913028e+02
712             	3.41878930e+02
713             	3.41880990e+02
714             	3.41907733e+02
715             	3.41866942e+02
716             	3.41876532e+02
717             	3.41896661e+02
718             	3.41863507e+02
719             	3.41866181e+02
720             	3.41893367e+02
721             	3.41853240e+02
722             	3.41863360e+02
723             	3.41883594e+02
724             	3.41935181e+02
725             	3.41888521e+02
726             	3.41894097e+02
727             	3.41911322e+02
728             	3.41876884e+02
729             	3.41879248e+02
730             	3.41906394e+02
731             	3.41865784e+02
732             	3.41875598e+02
733             	3.41896155e+02
734             	3.41863047e+02
735             	3.41865907e+02
736             	3.41893695e+02
737             	3.41853634e+02
738             	3.41863835e+02
739             	3.41884571e+02
740             	3.41851863e+02
741             	3.41855018e+02
742             	3.41882815e+02
743             	3.41843006e+02
744             	3.41853360e+02
745             	3.41873842e+02
746             	3.41841314e+02
747             	3.41844756e+02
748             	3.41872914e+02
749             	3.41833356e+02
750             	3.41844041e+02
751             	3.41865154e+02
752             	3.41832944e+02
753             	3.41836560e+02
754             	3.41864686e+02
755             	3.41825404e+02
756             	3.41836217e+02
757             	3.41857277e+02
758             	3.41825274e+02
759             	3.41829080e+02
760             	3.41857762e+02
761             	3.41818767e+02
762             	3.41829930e+02
763             	3.41851563e+02
764             	3.41819707e+02
765             	3.41823779e+02
766             	3.41852243e+02
767             	3.41813103e+02
768             	3.41824094e+02
769             	3.41845275e+02
770             	3.41813360e+02
771             	3.41817348e+02
772             	3.41845807e+02
773             	3.41807012e+02
774             	3.41818334e+02
775             	3.41839895e+02
776             	3.41808382e+02
777             	3.41812701e+02
778             	3.41841584e+02
779             	3.41802935e+02
780             	3.41814364e+02
781             	3.41836187e+02
782             	3.41804633e+02
783             	3.41808928e+02
784             	3.41837920e+02
785             	3.41799214e+02
786             	3.41810524e+02
787             	3.41832180e+02
788             	3.41800664e+02
789             	3.41804985e+02
790             	3.41833756e+02
791             	3.41795228e+02
792             	3.41806777e+02
793             	3.41828706e+02
794             	3.41797546e+02
795             	3.41802186e+02
796             	3.41831437e+02
797             	3.41793255e+02
798             	3.41805210e+02
799             	3.41827508e+02
800             	3.41796519e+02
801             	3.41801267e+02
802             	3.41830677e+02
803             	3.41792370e+02
804             	3.41804148e+02
805             	3.41826282e+02
806             	3.41795139e+02
807             	3.41799752e+02
808             	3.41828851e+02
809             	3.41790565e+02
810             	3.41802318e+02
811             	3.41824221e+02
812             	3.41793163e+02
813             	3.41797774e+02
814             	3.41826869e+02
815             	3.41788601e+02
816             	3.41800363e+02
817             	3.41822348e+02
818             	3.41791252e+02
819             	3.41795855e+02
820             	3.41825095e+02
821             	3.41786809e+02
822             	3.41798607e+02
823             	3.41820756e+02
824             	3.41789687e+02
825             	3.41794286e+02
826             	3.41823568e+02
827             	3.41785289e+02
828             	3.41797104e+02
829             	3.41819315e+02
830             	3.41788374e+02
831             	3.41793208e+02
832             	3.41822661e+02
833             	3.41784679e+02
834             	3.41796702e+02
835             	3.41818715e+02
836             	3.41787938e+02
837             	3.41792843e+02
838             	3.41822113e+02
839             	3.41784155e+02
840             	3.41796273e+02
841             	3.41818778e+02
842             	3.41788068e+02
843             	3.41792998e+02
844             	3.41822663e+02
845             	3.41784656e+02
846             	3.41796705e+02
847             	3.41819226e+02
848             	3.41788366e+02
849             	3.41793228e+02
850             	3.41822849e+02
851             	3.41784755e+02
852             	3.41796731e+02
853             	3.41818995e+02
854             	3.41788173e+02
855             	3.41792947e+02
856             	3.41822170e+02
857             	3.41784080e+02
858             	3.41796023e+02
859             	3.41818226e+02
860             	3.41787366e+02
861             	3.41792325e+02
862             	3.41821995e+02
863             	3.41784046e+02
864             	3.41796174e+02
865             	3.41818726e+02
866             	3.41787899e+02
867             	3.41792916e+02
868             	3.41822468e+02
869             	3.41784415e+02
870             	3.41796392e+02
871             	3.41818670e+02
872             	3.41787695e+02
873             	3.41792379e+02
874             	3.41821561e+02
875             	3.41783358e+02
876             	3.41795195e+02
877             	3.41817364e+02
878             	3.41786357e+02
879             	3.41791193e+02
880             	3.41820533e+02
881             	3.41782546e+02
882             	3.41794584e+02
883             	3.41816936e+02
884             	3.41786227e+02
885             	3.41791272e+02
886             	3.41820934e+02
887             	3.41782975e+02
888             	3.41794996e+02
889             	3.41817328e+02
890             	3.41786352e+02
891             	3.41791092e+02
892             	3.41820266e+02
893             	3.41782089e+02
894             	3.41793913e+02
895             	3.41815933e+02
896             	3.41785065e+02
897             	3.41789809e+02
898             	3.41819138e+02
899             	3.41781203e+02
900             	3.41793189e+02
901             	3.41815506e+02
902             	3.41784785e+02
903             	3.41789786e+02
904             	3.41819498e+02
905             	3.41781597e+02
906             	3.41793755e+02
907             	3.41816213e+02
908             	3.41785403e+02
909             	3.41790264e+02
910             	3.41819661e+02
911             	3.41781562e+02
912             	3.41793456e+02
913             	3.41815603e+02
914             	3.41784649e+02
915             	3.41789428e+02
916             	3.41818788e+02
917             	3.41780697e+02
918             	3.41792661e+02
919             	3.41814969e+02
920             	3.41784154e+02
921             	3.41789048e+02
922             	3.41818532e+02
923             	3.41780570e+02
924             	3.41792651e+02
925             	3.41815051e+02
926             	3.41784313e+02
927             	3.41789306e+02
928             	3.41818903e+02
929             	3.41780979e+02
930             	3.41793112e+02
931             	3.41815532e+02
932             	3.41784777e+02
933             	3.41789703e+02
934             	3.41819241e+02
935             	3.41781233e+02
936             	3.41793258e+02
937             	3.41815655e+02
938             	3.41784881e+02
939             	3.41789786e+02
940             	3.41819248e+02
941             	3.41781312e+02
942             	3.41793334e+02
943             	3.41815649e+02
944             	3.41784881e+02
945             	3.41789840e+02
946             	3.41819428e+02
947             	3.41781519e+02
948             	3.41793690e+02
949             	3.41816165e+02
950             	3.41785380e+02
951             	3.41790288e+02
952             	3.41819882e+02
953             	3.41781779e+02
954             	3.41793693e+02
955             	3.41815958e+02
956             	3.41785036e+02
957             	3.41789757e+02
958             	3.41819084e+02
959             	3.41780927e+02
960             	3.41792770e+02
961             	3.41814919e+02
962             	3.41784110e+02
963             	3.41788964e+02
964             	3.41818419e+02
965             	3.41780517e+02
966             	3.41792655e+02
967             	3.41815058e+02
968             	3.41784347e+02
969             	3.41789375e+02
970             	3.41819012e+02
971             	3.41781074e+02
972             	3.41793172e+02
973             	3.41815582e+02
974             	3.41784703e+02
975             	3.41789558e+02
976             	3.41818969e+02
977             	3.41780831e+02
978             	3.41792698e+02
979             	3.41814847e+02
980             	3.41783904e+02
981             	3.41788703e+02
982             	3.41818011e+02
983             	3.41779937e+02
984             	3.41791887e+02
985             	3.41814114e+02
986             	3.41783348e+02
987             	3.41788289e+02
988             	3.41817786e+02
989             	3.41779886e+02
990             	3.41791982e+02
991             	3.41814360e+02
992             	3.41783709e+02
993             	3.41788736e+02
994             	3.41818456e+02
995             	3.41780601e+02
996             	3.41792767e+02
997             	3.41815227e+02
998             	3.41784493e+02
999             	3.41789473e+02
1000            	3.41819094e+02
1001            	3.41781119e+02
1002            	3.41793272e+02
1003            	3.41815579e+02
1004            	3.41784739e+02
1005            	3.41789618e+02
1006            	3.41819076e+02
1007            	3.41781021e+02
1008            	3.41792999e+02
1009            	3.41815256e+02
1010            	3.41784374e+02
1011            	3.41789207e+02
1012            	3.41818531e+02
1013            	3.41780479e+02
1014            	3.41792435e+02
1015            	3.41814482e+02
1016            	3.41783536e+02
1017            	3.41788440e+02
1018            	3.41817855e+02
1019            	3.41779894e+02
1020            	3.41792093e+02
1021            	3.41814552e+02
1022            	3.41783849e+02
1023            	3.41788906e+02
1024            	3.41818518e+02
1025            	3.41780592e+02
1026            	3.41792767e+02
1027            	3.41815187e+02
1028            	3.41784489e+02
1029            	3.41789385e+02
1030            	3.41818835e+02
1031            	3.41780885e+02
1032            	3.41792955e+02
1033            	3.41815268e+02
1034            	3.41784520e+02
1035            	3.41789436e+02
1036            	3.41818912e+02
1037            	3.41780941e+02
1038            	3.41792972e+02
1039            	3.41815304e+02
1040            	3.41784554e+02
1041            	3.41789475e+02
1042            	3.41819014e+02
1043            	3.41781073e+02
1044            	3.41793169e+02
1045            	3.41815560e+02
1046            	3.41784840e+02
1047            	3.41789733e+02
1048            	3.41819286e+02
1049            	3.41781356e+02
1050            	3.41793553e+02
1051            	3.41815906e+02
1052            	3.41785161e+02
1053            	3.41790132e+02
1054            	3.41819688e+02
1055            	3.41781705e+02
1056            	3.41793794e+02
1057            	3.41816144e+02
1058            	3.41785317e+02
1059            	3.41790218e+02
1060            	3.41819734e+02
1061            	3.41781725e+02
1062            	3.41793748e+02
1063            	3.41816045e+02
1064            	3.41785273e+02
1065            	3.41790147e+02
1066            	3.41819579e+02
1067            	3.41781612e+02
1068            	3.41793692e+02
1069            	3.41816009e+02
1070            	3.41785235e+02
1071            	3.41790182e+02
1072            	3.41819754e+02
1073            	3.41781765e+02
1074            	3.41793834e+02
1075            	3.41816164e+02
1076            	3.41785428e+02
1077            	3.41790161e+02
1078            	3.41819728e+02
1079            	3.41781584e+02
1080            	3.41793486e+02
1081            	3.41815730e+02
1082            	3.41784779e+02
1083            	3.41789561e+02
1084            	3.41818849e+02
1085            	3.41780708e+02
1086            	3.41792625e+02
1087            	3.41814563e+02
1088            	3.41783582e+02
1089            	3.41788367e+02
1090            	3.41817665e+02
1091            	3.41779683e+02
1092            	3.41791822e+02
1093            	3.41814318e+02
1094            	3.41783757e+02
1095            	3.41788833e+02
1096            	3.41818647e+02
1097            	3.41780726e+02
1098            	3.41792864e+02
1099            	3.41815369e+02
1100            	3.41784572e+02
1101            	3.41789476e+02
1102            	3.41818986e+02
1103            	3.41780940e+02
1104            	3.41792960e+02
1105            	3.41815222e+02
1106            	3.41784333e+02
1107            	3.41789192e+02
1108            	3.41818566e+02
1109            	3.41780479e+02
1110            	3.41792399e+02
1111            	3.41814611e+02
1112            	3.41783667e+02
1113            	3.41788434e+02
1114            	3.41817770e+02
1115            	3.41779663e+02
1116            	3.41791635e+02
1117            	3.41813912e+02
1118            	3.41783064e+02
1119            	3.41787960e+02
1120            	3.41817465e+02
1121            	3.41779512e+02
1122            	3.41791567e+02
1123            	3.41813931e+02
1124            	3.41783336e+02
1125            	3.41788275e+02
1126            	3.41817833e+02
1127            	3.41779969e+02
1128            	3.41792044e+02
1129            	3.41814368e+02
1130            	3.41783612e+02
1131            	3.41788527e+02
1132            	3.41818033e+02
1133            	3.41780071e+02
1134            	3.41792138e+02
1135            	3.41814445e+02
1136            	3.41783587e+02
1137            	3.41788428e+02
1138            	3.41817790e+02
1139            	3.41779696e+02
1140            	3.41791641e+02
1141            	3.41813833e+02
1142            	3.41783084e+02
1143            	3.41787813e+02
1144            	3.41817290e+02
1145            	3.41779219e+02
1146            	3.41791175e+02
1147            	3.41813397e+02
1148            	3.41782679e+02
1149            	3.41787428e+02
1150            	3.41816954e+02
1151            	3.41778979e+02
1152            	3.41791181e+02
1153            	3.41813487e+02
1154            	3.41782909e+02
1155            	3.41787756e+02
1156            	3.41817683e+02
1157            	3.41779530e+02
1158            	3.41792168e+02
1159            	3.41814344e+02
1160            	3.41784123e+02
1161            	3.41788895e+02
1162            	3.41818558e+02
1163            	3.41780733e+02
1164            	3.41793046e+02
1165            	3.41815423e+02
1166            	3.41785248e+02
1167            	3.41789895e+02
1168            	3.41819742e+02
1169            	3.41781882e+02
1170            	3.41794047e+02
1171            	3.41816552e+02
1172            	3.41785896e+02
1173            	3.41790884e+02
1174            	3.41820673e+02
1175            	3.41782788e+02
1176            	3.41795150e+02
1177            	3.41817614e+02
1178            	3.41787047e+02
1179            	3.41791937e+02
1180            	3.41821557e+02
1181            	3.41783548e+02
1182            	3.41795736e+02
1183            	3.41818021e+02
1184            	3.41787260e+02
1185            	3.41792190e+02
1186            	3.41821683e+02
1187            	3.41783683e+02
1188            	3.41795891e+02
1189            	3.41818103e+02
1190            	3.41787749e+02
1191            	3.41792283e+02
1192            	3.41822179e+02
1193            	3.41783958e+02
1194            	3.41796340e+02
1195            	3.41818315e+02
1196            	3.41787847e+02
1197            	3.41792312e+02
1198            	3.41822065e+02
1199            	3.41783712e+02
1200            	3.41796104e+02
1201            	3.41817991e+02
1202            	3.41787540e+02
1203            	3.41791980e+02
1204            	3.41821757e+02
1205            	3.41783384e+02
1206            	3.41795812e+02
1207            	3.41817684e+02
1208            	3.41787304e+02
1209            	3.41791763e+02
1210            	3.41821581e+02
1211            	3.41783265e+02
1212            	3.41795740e+02
1213            	3.41817660e+02
1214            	3.41787287e+02
1215            	3.41791780e+02
1216            	3.41821571e+02
1217            	3.41783274e+02
1218            	3.41795713e+02
1219            	3.41817645e+02
1220            	3.41787244e+02
1221            	3.41791723e+02
1222            	3.41821514e+02
1223            	3.41783182e+02
1224            	3.41795643e+02
1225            	3.41817560e+02
1226            	3.41787191e+02
1227            	3.41791695e+02
1228            	3.41821555e+02
1229            	3.41783275e+02
1230            	3.41795751e+02
1231            	3.41817716e+02
1232            	3.41787374e+02
1233            	3.41791888e+02
1234            	3.41821766e+02
1235            	3.41783478e+02
1236            	3.41795994e+02
1237            	3.41817996e+02
1238            	3.41787677e+02
1239            	3.41792262e+02
1240            	3.41822195e+02
1241            	3.41783948e+02
1242            	3.41796491e+02
1243            	3.41818531e+02
1244            	3.41788199e+02
1245            	3.41792781e+02
1246            	3.41822698e+02
1247            	3.41784430e+02
1248            	3.41796925e+02
1249            	3.41818931e+02
1250            	3.41788566e+02
1251            	3.41793090e+02
1252            	3.41822971e+02
1253            	3.41784692e+02
1254            	3.41797189e+02
1255            	3.41819176e+02
1256            	3.41788806e+02
1257            	3.41793321e+02
1258            	3.41823184e+02
1259            	3.41784874e+02
1260            	3.41797343e+02
1261            	3.41819292e+02
1262            	3.41788912e+02
1263            	3.41793419e+02
1264            	3.41823259e+02
1265            	3.41784972e+02
1266            	3.41797473e+02
1267            	3.41819446e+02
1268            	3.41789086e+02
1269            	3.41793624e+02
1270            	3.41823488e+02
1271            	3.41785220e+02
1272            	3.41797703e+02
1273            	3.41819683e+02
1274            	3.41789340e+02
1275            	3.41793883e+02
1276            	3.41823754e+02
1277            	3.41785490e+02
1278            	3.41797987e+02
1279            	3.41819981e+02
1280            	3.41789625e+02
1281            	3.41794159e+02
1282            	3.41824056e+02
1283            	3.41785771e+02
1284            	3.41798265e+02
1285            	3.41820258e+02
1286            	3.41789897e+02
1287            	3.41794413e+02
1288            	3.41824314e+02
1289            	3.41786009e+02
1290            	3.41798492e+02
1291            	3.41820491e+02
1292            	3.41790109e+02
1293            	3.41794624e+02
1294            	3.41824523e+02
1295            	3.41786214e+02
1296            	3.41798711e+02
1297            	3.41820730e+02
1298            	3.41790344e+02
1299            	3.41794859e+02
1300            	3.41824759e+02
1301            	3.41786451e+02
1302            	3.41798914e+02
1303            	3.41820919e+02
1304            	3.41790550e+02
1305            	3.41795083e+02
1306            	3.41825021e+02
1307            	3.41786747e+02
1308            	3.41799275e+02
1309            	3.41821354e+02
1310            	3.41791006e+02
1311            	3.41795583e+02
1312            	3.41825561e+02
1313            	3.41787288e+02
1314            	3.41799802e+02
1315            	3.41821874e+02
1316            	3.41791531e+02
1317            	3.41796098e+02
1318            	3.41826062e+02
1319            	3.41787789e+02
1320            	3.41800309e+02
1321            	3.41822369e+02
1322            	3.41792005e+02
1323            	3.41796557e+02
1324            	3.41826506e+02
1325            	3.41788205e+02
1326            	3.41800694e+02
1327            	3.41822722e+02
1328            	3.41792346e+02
1329            	3.41796882e+02
1330            	3.41826812e+02
1331            	3.41788515e+02
1332            	3.41801010e+02
1333            	3.41823043e+02
1334            	3.41792665e+02
1335            	3.41797205e+02
1336            	3.41827139e+02
1337            	3.41788825e+02
1338            	3.41801301e+02
1339            	3.41823317e+02
1340            	3.41792924e+02
1341            	3.41797438e+02
1342            	3.41827340e+02
1343            	3.41789008e+02
1344            	3.41801469e+02
1345            	3.41823462e+02
1346            	3.41793042e+02
1347            	3.41797533e+02
1348            	3.41827422e+02
1349            	3.41789054e+02
1350            	3.41801484e+02
1351            	3.41823442e+02
1352            	3.41793004e+02
1353            	3.41797473e+02
1354            	3.41827335e+02
1355            	3.41788963e+02
1356            	3.41801401e+02
1357            	3.41823355e+02
1358            	3.41792907e+02
1359            	3.41797373e+02
1360            	3.41827237e+02
1361            	3.41788857e+02
1362            	3.41801278e+02
1363            	3.41823218e+02
1364            	3.41792776e+02
1365            	3.41797223e+02
1366            	3.41827075e+02
1367            	3.41788701e+02
1368            	3.41801134e+02
1369            	3.41823080e+02
1370            	3.41792637e+02
1371            	3.41797103e+02
1372            	3.41826964e+02
1373            	3.41788581e+02
1374            	3.41801009e+02
1375            	3.41822956e+02
1376            	3.41792525e+02
1377            	3.41796985e+02
1378            	3.41826847e+02
1379            	3.41788473e+02
1380            	3.41800910e+02
1381            	3.41822863e+02
1382            	3.41792424e+02
1383            	3.41796894e+02
1384            	3.41826761e+02
1385            	3.41788379e+02
1386            	3.41800811e+02
1387            	3.41822760e+02
1388            	3.41792324e+02
1389            	3.41796802e+02
1390            	3.41826678e+02
1391            	3.41788308e+02
1392            	3.41800757e+02
1393            	3.41822725e+02
1394            	3.41792285e+02
1395            	3.41796769e+02
1396            	3.41826652e+02
1397            	3.41788276e+02
1398            	3.41800710e+02
1399            	3.41822667e+02
1400            	3.41792239e+02
1401            	3.41796702e+02
1402            	3.41826579e+02
1403            	3.41788204e+02
1404            	3.41800644e+02
1405            	3.41822604e+02
1406            	3.41792166e+02
1407            	3.41796641e+02
1408            	3.41826505e+02
1409            	3.41788125e+02
1410            	3.41800551e+02
1411            	3.41822502e+02
1412            	3.41792065e+02
1413            	3.41796542e+02
1414            	3.41826415e+02
1415            	3.41788034e+02
1416            	3.41800471e+02
1417            	3.41822429e+02
1418            	3.41792003e+02
1419            	3.41796472e+02
1420            	3.41826360e+02
1421            	3.41787986e+02
1422            	3.41800429e+02
1423            	3.41822387e+02
1424            	3.41791954e+02
1425            	3.41796423e+02
1426            	3.41826302e+02
1427            	3.41787930e+02
1428            	3.41800373e+02
1429            	3.41822324e+02
1430            	3.41791890e+02
1431            	3.41796355e+02
1432            	3.41826236e+02
1433            	3.41787852e+02
1434            	3.41800308e+02
1435            	3.41822247e+02
1436            	3.41791825e+02
1437            	3.41796287e+02
1438            	3.41826154e+02
1439            	3.41787772e+02
1440            	3.41800231e+02
1441            	3.41822152e+02
1442            	3.41791726e+02
1443            	3.41796185e+02
1444            	3.41826042e+02
1445            	3.41787649e+02
1446            	3.41800103e+02
1447            	3.41822026e+02
1448            	3.41791604e+02
1449            	3.41796057e+02
1450            	3.41825921e+02
1451            	3.41787527e+02
1452            	3.41799990e+02
1453            	3.41821913e+02
1454            	3.41791485e+02
1455            	3.41795951e+02
1456            	3.41825784e+02
1457            	3.41787419e+02
1458            	3.41799870e+02
1459            	3.41821805e+02
1460            	3.41791351e+02
1461            	3.41795803e+02
1462            	3.41825628e+02
1463            	3.41787225e+02
1464            	3.41799655e+02
1465            	3.41821543e+02
1466            	3.41791094e+02
1467            	3.41795555e+02
1468            	3.41825379e+02
1469            	3.41786981e+02
1470            	3.41799416e+02
1471            	3.41821321e+02
1472            	3.41790871e+02
1473            	3.41795318e+02
1474            	3.41825134e+02
1475            	3.41786738e+02
1476            	3.41799176e+02
1477            	3.41821075e+02
1478            	3.41790654e+02
1479            	3.41795102e+02
1480            	3.41824951e+02
1481            	3.41786572e+02
1482            	3.41799034e+02
1483            	3.41820957e+02
1484            	3.41790531e+02
1485            	3.41795020e+02
1486            	3.41824861e+02
1487            	3.41786470e+02
1488            	3.41798893e+02
1489            	3.41820791e+02
1490            	3.41790330e+02
1491            	3.41794781e+02
1492            	3.41824595e+02
1493            	3.41786230e+02
1494            	3.41798651e+02
1495            	3.41820566e+02
1496            	3.41790113e+02
1497            	3.41794568e+02
1498            	3.41824375e+02
1499            	3.41786011e+02
1500            	3.41798446e+02
1501            	3.41820356e+02
1502            	3.41789921e+02
1503            	3.41794389e+02
1504            	3.41824193e+02
1505            	3.41785842e+02
1506            	3.41798268e+02
1507            	3.41820177e+02
1508            	3.41789745e+02
1509            	3.41794232e+02
1510            	3.41824077e+02
1511            	3.41785707e+02
1512            	3.41798195e+02
1513            	3.41820145e+02
1514            	3.41789371e+02
1515            	3.41794118e+02
1516            	3.41823883e+02
1517            	3.41785429e+02
1518            	3.41797939e+02
1519            	3.41819873e+02
1520            	3.41789419e+02
1521            	3.41793926e+02
1522            	3.41823739e+02
1523            	3.41785367e+02
1524            	3.41797804e+02
1525            	3.41819706e+02
1526            	3.41789291e+02
1527            	3.41793744e+02
1528            	3.41823577e+02
1529            	3.41785223e+02
1530            	3.41797601e+02
1531            	3.41819479e+02
1532            	3.41789065e+02
1533            	3.41793544e+02
1534            	3.41823376e+02
1535            	3.41785032e+02
1536            	3.41797501e+02
1537            	3.41819412e+02
1538            	3.41789036e+02
1539            	3.41793524e+02
1540            	3.41823400e+02
1541            	3.41785076e+02
1542            	3.41797583e+02
1543            	3.41819543e+02
1544            	3.41789129e+02
1545            	3.41793659e+02
1546            	3.41823514e+02
1547            	3.41785145e+02
1548            	3.41797627e+02
1549            	3.41819538e+02
1550            	3.41789101e+02
1551            	3.41793585e+02
1552            	3.41823425e+02
1553            	3.41785063e+02
1554            	3.41797527e+02
1555            	3.41819450e+02
1556            	3.41789011e+02
1557            	3.41793512e+02
1558            	3.41823001e+02
1559            	3.41784901e+02
1560            	3.41796959e+02
1561            	3.41819003e+02
1562            	3.41788603e+02
1563            	3.41793033e+02
1564            	3.41822929e+02
1565            	3.41784627e+02
1566            	3.41797080e+02
1567            	3.41819065e+02
1568            	3.41788607e+02
1569            	3.41793137e+02
1570            	3.41822967e+02
1571            	3.41784615e+02
1572            	3.41797104e+02
1573            	3.41819056e+02
1574            	3.41788695e+02
1575            	3.41793164e+02
1576            	3.41823048e+02
1577            	3.41784719e+02
1578            	3.41797218e+02
1579            	3.41819151e+02
1580            	3.41788765e+02
1581            	3.41793267e+02
1582            	3.41823107e+02
1583            	3.41784799e+02
1584            	3.41797266e+02
1585            	3.41819183e+02
1586            	3.41788793e+02
1587            	3.41793293e+02
1588            	3.41823139e+02
1589            	3.41784832e+02
1590            	3.41797231e+02
1591            	3.41819120e+02
1592            	3.41788736e+02
1593            	3.41793220e+02
1594            	3.41823049e+02
1595            	3.41784734e+02
1596            	3.41797178e+02
1597            	3.41819094e+02
1598            	3.41788700e+02
1599            	3.41793181e+02
1600            	3.41823017e+02
1601            	3.41784683e+02
1602            	3.41797176e+02
1603            	3.41819149e+02
1604            	3.41788378e+02
1605            	3.41793148e+02
1606            	3.41822972e+02
1607            	3.41784524e+02
1608            	3.41797078e+02
1609            	3.41819087e+02
1610            	3.41788690e+02
1611            	3.41793198e+02
1612            	3.41823092e+02
1613            	3.41784774e+02
1614            	3.41797263e+02
1615            	3.41819244e+02
1616            	3.41788834e+02
1617            	3.41793381e+02
1618            	3.41822908e+02
1619            	3.41784840e+02
1620            	3.41796929e+02
1621            	3.41819032e+02
1622            	3.41788314e+02
1623            	3.41792989e+02
1624            	3.41822817e+02
1625            	3.41784434e+02
1626            	3.41796919e+02
1627            	3.41818919e+02
1628            	3.41788473e+02
1629            	3.41793010e+02
1630            	3.41822791e+02
1631            	3.41784522e+02
1632            	3.41796962e+02
1633            	3.41818907e+02
1634            	3.41788510e+02
1635            	3.41793067e+02
1636            	3.41822575e+02
1637            	3.41784516e+02
1638            	3.41796517e+02
1639            	3.41818541e+02
1640            	3.41788185e+02
1641            	3.41792600e+02
1642            	3.41822503e+02
1643            	3.41784266e+02
1644            	3.41796738e+02
1645            	3.41818722e+02
1646            	3.41788344e+02
1647            	3.41792879e+02
1648            	3.41822768e+02
1649            	3.41784465e+02
1650            	3.41796891e+02
1651            	3.41818824e+02
1652            	3.41788449e+02
1653            	3.41792980e+02
1654            	3.41822853e+02
1655            	3.41784564e+02
1656            	3.41797066e+02
1657            	3.41819027e+02
1658            	3.41788666e+02
1659            	3.41793185e+02
1660            	3.41823061e+02
1661            	3.41784753e+02
1662            	3.41797270e+02
1663            	3.41819249e+02
1664            	3.41788892e+02
1665            	3.41793464e+02
1666            	3.41823016e+02
1667            	3.41784973e+02
1668            	3.41797088e+02
1669            	3.41819183e+02
1670            	3.41788826e+02
1671            	3.41793291e+02
1672            	3.41823209e+02
1673            	3.41784933e+02
1674            	3.41797400e+02
1675            	3.41819370e+02
1676            	3.41788935e+02
1677            	3.41793457e+02
1678            	3.41823293e+02
1679            	3.41784947e+02
1680            	3.41797414e+02
1681            	3.41819377e+02
1682            	3.41788653e+02
1683            	3.41793396e+02
1684            	3.41822891e+02
1685            	3.41784695e+02
1686            	3.41797206e+02
1687            	3.41819056e+02
1688            	3.41788686e+02
1689            	3.41793290e+02
1690            	3.41823130e+02
1691            	3.41784830e+02
1692            	3.41797304e+02
1693            	3.41819287e+02
1694            	3.41788904e+02
1695            	3.41793462e+02
1696            	3.41823000e+02
1697            	3.41784963e+02
1698            	3.41797079e+02
1699            	3.41819218e+02
1700            	3.41788529e+02
1701            	3.41793242e+02
1702            	3.41823101e+02
1703            	3.41784750e+02
1704            	3.41797252e+02
1705            	3.41819268e+02
1706            	3.41788819e+02
1707            	3.41793338e+02
1708            	3.41823144e+02
1709            	3.41784840e+02
1710            	3.41797306e+02
1711            	3.41819274e+02
1712            	3.41788480e+02
1713            	3.41793283e+02
1714            	3.41822756e+02
1715            	3.41784557e+02
1716            	3.41796940e+02
1717            	3.41818724e+02
1718            	3.41788389e+02
1719            	3.41792948e+02
1720            	3.41822814e+02
1721            	3.41784533e+02
1722            	3.41797037e+02
1723            	3.41819070e+02
1724            	3.41788316e+02
1725            	3.41793129e+02
1726            	3.41822968e+02
1727            	3.41784552e+02
1728            	3.41797046e+02
1729            	3.41819016e+02
1730            	3.41788605e+02
1731            	3.41793126e+02
1732            	3.41822981e+02
1733            	3.41784670e+02
1734            	3.41797153e+02
1735            	3.41819087e+02
1736            	3.41788692e+02
1737            	3.41793209e+02
1738            	3.41823073e+02
1739            	3.41784764e+02
1740            	3.41797266e+02
1741            	3.41819242e+02
1742            	3.41788540e+02
1743            	3.41793313e+02
1744            	3.41822857e+02
1745            	3.41784674e+02
1746            	3.41797134e+02
1747            	3.41818999e+02
1748            	3.41788679e+02
1749            	3.41793274e+02
1750            	3.41823153e+02
1751            	3.41784879e+02
1752            	3.41797380e+02
1753            	3.41819384e+02
1754            	3.41788679e+02
1755            	3.41793456e+02
1756            	3.41822965e+02
1757            	3.41784784e+02
1758            	3.41797323e+02
1759            	3.41819197e+02
1760            	3.41788836e+02
1761            	3.41793436e+02
1762            	3.41823273e+02
1763            	3.41784965e+02
1764            	3.41797438e+02
1765            	3.41819414e+02
1766            	3.41789001e+02
1767            	3.41793505e+02
1768            	3.41823344e+02
1769            	3.41785049e+02
1770            	3.41797550e+02
1771            	3.41819509e+02
1772            	3.41789160e+02
1773            	3.41793644e+02
1774            	3.41823537e+02
1775            	3.41785217e+02
1776            	3.41797729e+02
1777            	3.41819692e+02
1778            	3.41789340e+02
1779            	3.41793847e+02
1780            	3.41823750e+02
1781            	3.41785439e+02
1782            	3.41797971e+02
1783            	3.41819971e+02
1784            	3.41789605e+02
1785            	3.41794168e+02
1786            	3.41823713e+02
1787            	3.41785654e+02
1788            	3.41797770e+02
1789            	3.41819838e+02
1790            	3.41789487e+02
1791            	3.41793949e+02
1792            	3.41823850e+02
1793            	3.41785581e+02
1794            	3.41798028e+02
1795            	3.41820002e+02
1796            	3.41789567e+02
1797            	3.41794063e+02
1798            	3.41823874e+02
1799            	3.41785564e+02
1800            	3.41798009e+02
1801            	3.41819955e+02
1802            	3.41789548e+02
1803            	3.41794099e+02
1804            	3.41823625e+02
1805            	3.41785564e+02
1806            	3.41797653e+02
1807            	3.41819764e+02
1808            	3.41789060e+02
1809            	3.41793747e+02
1810            	3.41823616e+02
1811            	3.41785232e+02
1812            	3.41797753e+02
1813            	3.41819806e+02
1814            	3.41789394e+02
1815            	3.41793991e+02
1816            	3.41823555e+02
1817            	3.41785485e+02
1818            	3.41797606e+02
1819            	3.41819753e+02
1820            	3.41789046e+02
1821            	3.41793763e+02
1822            	3.41823668e+02
1823            	3.41785287e+02
1824            	3.41797701e+02
1825            	3.41819672e+02
1826            	3.41789241e+02
1827            	3.41793780e+02
1828            	3.41823640e+02
1829            	3.41785338e+02
1830            	3.41797811e+02
1831            	3.41819794e+02
1832            	3.41789027e+02
1833            	3.41793843e+02
1834            	3.41823349e+02
1835            	3.41785163e+02
1836            	3.41797596e+02
1837            	3.41819421e+02
1838            	3.41789077e+02
1839            	3.41793653e+02
1840            	3.41823492e+02
1841            	3.41785210e+02
1842            	3.41797669e+02
1843            	3.41819629e+02
1844            	3.41789225e+02
1845            	3.41793733e+02
1846            	3.41823587e+02
1847            	3.41785256e+02
1848            	3.41797397e+02
1849            	3.41819618e+02
1850            	3.41788819e+02
1851            	3.41793508e+02
1852            	3.41823396e+02
1853            	3.41784998e+02
1854            	3.41797417e+02
1855            	3.41819374e+02
1856            	3.41788942e+02
1857            	3.41793494e+02
1858            	3.41823381e+02
1859            	3.41785067e+02
1860            	3.41797558e+02
1861            	3.41819560e+02
1862            	3.41788807e+02
1863            	3.41793594e+02
1864            	3.41823115e+02
1865            	3.41784939e+02
1866            	3.41797015e+02
1867            	3.41819091e+02
1868            	3.41788704e+02
1869            	3.41793151e+02
1870            	3.41823030e+02
1871            	3.41784779e+02
1872            	3.41797230e+02
1873            	3.41819197e+02
1874            	3.41788794e+02
1875            	3.41793307e+02
1876            	3.41823142e+02
1877            	3.41784831e+02
1878            	3.41796971e+02
1879            	3.41819199e+02
1880            	3.41788440e+02
1881            	3.41793170e+02
1882            	3.41822773e+02
1883            	3.41784616e+02
1884            	3.41797046e+02
1885            	3.41818924e+02
1886            	3.41788583e+02
1887            	3.41793182e+02
1888            	3.41823024e+02
1889            	3.41784776e+02
1890            	3.41797242e+02
1891            	3.41819217e+02
1892            	3.41788810e+02
1893            	3.41793328e+02
1894            	3.41823173e+02
1895            	3.41784879e+02
1896            	3.41797383e+02
1897            	3.41819350e+02
1898            	3.41789002e+02
1899            	3.41793510e+02
1900            	3.41823404e+02
1901            	3.41785097e+02
1902            	3.41797586e+02
1903            	3.41819538e+02
1904            	3.41789175e+02
1905            	3.41793693e+02
1906            	3.41823545e+02
1907            	3.41785255e+02
1908            	3.41797742e+02
1909            	3.41819670e+02
1910            	3.41789304e+02
1911            	3.41793865e+02
1912            	3.41823403e+02
1913            	3.41785357e+02
1914            	3.41797468e+02
1915            	3.41819570e+02
1916            	3.41789219e+02
1917            	3.41793697e+02
1918            	3.41823649e+02
1919            	3.41785382e+02
1920            	3.41797868e+02
1921            	3.41819883e+02
1922            	3.41789466e+02
1923            	3.41794029e+02
1924            	3.41823548e+02
1925            	3.41785489e+02
1926            	3.41797581e+02
1927            	3.41819694e+02
1928            	3.41788980e+02
1929            	3.41793671e+02
1930            	3.41823545e+02
1931            	3.41785156e+02
1932            	3.41797582e+02
1933            	3.41819566e+02
1934            	3.41789134e+02
1935            	3.41793660e+02
1936            	3.41823509e+02
1937            	3.41785198e+02
1938            	3.41797684e+02
1939            	3.41819676e+02
1940            	3.41788958e+02
1941            	3.41793775e+02
1942            	3.41823316e+02
1943            	3.41785157e+02
1944            	3.41797303e+02
1945            	3.41819439e+02
1946            	3.41789083e+02
1947            	3.41793562e+02
1948            	3.41823475e+02
1949            	3.41785247e+02
1950            	3.41797700e+02
1951            	3.41819699e+02
1952            	3.41789281e+02
1953            	3.41793792e+02
1954            	3.41823616e+02
1955            	3.41785318e+02
1956            	3.41797801e+02
1957            	3.41819745e+02
1958            	3.41789365e+02
1959            	3.41793861e+02
1960            	3.41823725e+02
1961            	3.41785395e+02
1962            	3.41797863e+02
1963            	3.41819794e+02
1964            	3.41789411e+02
1965            	3.41793914e+02
1966            	3.41823761e+02
1967            	3.41785464e+02
1968            	3.41797953e+02
1969            	3.41819900e+02
1970            	3.41789535e+02
1971            	3.41794060e+02
1972            	3.41823962e+02
1973            	3.41785644e+02
1974            	3.41797758e+02
1975            	3.41820013e+02
1976            	3.41789260e+02
1977            	3.41793916e+02
1978            	3.41823814e+02
1979            	3.41785455e+02
1980            	3.41798011e+02
1981            	3.41820041e+02
1982            	3.41789631e+02
1983            	3.41794177e+02
1984            	3.41824020e+02
1985            	3.41785728e+02
1986            	3.41798222e+02
1987            	3.41820154e+02
1988            	3.41789718e+02
1989            	3.41794241e+02
1990            	3.41824111e+02
1991            	3.41785753e+02
1992            	3.41798158e+02
1993            	3.41820072e+02
1994            	3.41789663e+02
1995            	3.41794142e+02
1996            	3.41823988e+02
1997            	3.41785668e+02
1998            	3.41798142e+02
1999            	3.41820081e+02
2000            	3.41789693e+02
