# Region        : cellZone component_2
# Cells         : 84
# Volume        : 1.59529006e-01
# Time          	volAverage(T)
1               	3.00567199e+02
2               	3.01128257e+02
3               	3.01651765e+02
4               	3.02154688e+02
5               	3.02648345e+02
6               	3.03136845e+02
7               	3.03621049e+02
8               	3.04102976e+02
9               	3.04585374e+02
10              	3.05066218e+02
11              	3.05540860e+02
12              	3.06006539e+02
13              	3.06461217e+02
14              	3.06905489e+02
15              	3.07336346e+02
16              	3.07760011e+02
17              	3.08177855e+02
18              	3.08589687e+02
19              	3.08999656e+02
20              	3.09421175e+02
21              	3.09829555e+02
22              	3.10227154e+02
23              	3.10611617e+02
24              	3.10991509e+02
25              	3.11364633e+02
26              	3.11734795e+02
27              	3.12095024e+02
28              	3.12444590e+02
29              	3.12768225e+02
30              	3.13078118e+02
31              	3.13375988e+02
32              	3.13648483e+02
33              	3.13921667e+02
34              	3.14204151e+02
35              	3.14498185e+02
36              	3.14796823e+02
37              	3.15100347e+02
38              	3.15401397e+02
39              	3.15693099e+02
40              	3.15976620e+02
41              	3.16257776e+02
42              	3.16527192e+02
43              	3.16787170e+02
44              	3.17044667e+02
45              	3.17302521e+02
46              	3.17570339e+02
47              	3.17842053e+02
48              	3.18096944e+02
49              	3.18333589e+02
50              	3.18546556e+02
51              	3.18738397e+02
52              	3.18919609e+02
53              	3.19156440e+02
54              	3.19380051e+02
55              	3.19591670e+02
56              	3.19801057e+02
57              	3.20006289e+02
58              	3.20217200e+02
59              	3.20435540e+02
60              	3.20655246e+02
61              	3.20854759e+02
62              	3.21034933e+02
63              	3.21207138e+02
64              	3.21354049e+02
65              	3.21513368e+02
66              	3.21678141e+02
67              	3.21830678e+02
68              	3.21976932e+02
69              	3.22121121e+02
70              	3.22261644e+02
71              	3.22413331e+02
72              	3.22565445e+02
73              	3.22696114e+02
74              	3.22827977e+02
75              	3.22923649e+02
76              	3.23012993e+02
77              	3.23083468e+02
78              	3.23170879e+02
79              	3.23282556e+02
80              	3.23394216e+02
81              	3.23499817e+02
82              	3.23601113e+02
83              	3.23718008e+02
84              	3.23827619e+02
85              	3.23949994e+02
86              	3.24073358e+02
87              	3.24207260e+02
88              	3.24351310e+02
89              	3.24482554e+02
90              	3.24607291e+02
91              	3.24724004e+02
92              	3.24861221e+02
93              	3.25004716e+02
94              	3.25153398e+02
95              	3.25301145e+02
96              	3.25451657e+02
97              	3.25604205e+02
98              	3.25754465e+02
99              	3.25898458e+02
100             	3.26035519e+02
101             	3.26171440e+02
102             	3.26306054e+02
103             	3.26443762e+02
104             	3.26583730e+02
105             	3.26729082e+02
106             	3.26874883e+02
107             	3.27024753e+02
108             	3.27173276e+02
109             	3.27324739e+02
110             	3.27487179e+02
111             	3.27650770e+02
112             	3.27803396e+02
113             	3.27951515e+02
114             	3.28102480e+02
115             	3.28246010e+02
116             	3.28382885e+02
117             	3.28516256e+02
118             	3.28646223e+02
119             	3.28773483e+02
120             	3.28901280e+02
121             	3.29025435e+02
122             	3.29142044e+02
123             	3.29265588e+02
124             	3.29391682e+02
125             	3.29522787e+02
126             	3.29656772e+02
127             	3.29793393e+02
128             	3.29921459e+02
129             	3.30054405e+02
130             	3.30184574e+02
131             	3.30305412e+02
132             	3.30417145e+02
133             	3.30520016e+02
134             	3.30614639e+02
135             	3.30702662e+02
136             	3.30783710e+02
137             	3.30859299e+02
138             	3.30930105e+02
139             	3.30998822e+02
140             	3.31067085e+02
141             	3.31136140e+02
142             	3.31208309e+02
143             	3.31281887e+02
144             	3.31360568e+02
145             	3.31428730e+02
146             	3.31501344e+02
147             	3.31573532e+02
148             	3.31638805e+02
149             	3.31704115e+02
150             	3.31767189e+02
151             	3.31827989e+02
152             	3.31886436e+02
153             	3.31942392e+02
154             	3.31996990e+02
155             	3.32050526e+02
156             	3.32102027e+02
157             	3.32153431e+02
158             	3.32202946e+02
159             	3.32252887e+02
160             	3.32304753e+02
161             	3.32358825e+02
162             	3.32414723e+02
163             	3.32471734e+02
164             	3.32529786e+02
165             	3.32588683e+02
166             	3.32647701e+02
167             	3.32706113e+02
168             	3.32758751e+02
169             	3.32812142e+02
170             	3.32864548e+02
171             	3.32915395e+02
172             	3.32965423e+02
173             	3.33015873e+02
174             	3.33066287e+02
175             	3.33116523e+02
176             	3.33166555e+02
177             	3.33216094e+02
178             	3.33265291e+02
179             	3.33312681e+02
180             	3.33360097e+02
181             	3.33408639e+02
182             	3.33457261e+02
183             	3.33506089e+02
184             	3.33553156e+02
185             	3.33601749e+02
186             	3.33647709e+02
187             	3.33693976e+02
188             	3.33738805e+02
189             	3.33783977e+02
190             	3.33827695e+02
191             	3.33869511e+02
192             	3.33910241e+02
193             	3.33949984e+02
194             	3.33989705e+02
195             	3.34027578e+02
196             	3.34065583e+02
197             	3.34103649e+02
198             	3.34142153e+02
199             	3.34182063e+02
200             	3.34222217e+02
201             	3.34262837e+02
202             	3.34303811e+02
203             	3.34345267e+02
204             	3.34385772e+02
205             	3.34420506e+02
206             	3.34457142e+02
207             	3.34493704e+02
208             	3.34528153e+02
209             	3.34561697e+02
210             	3.34595220e+02
211             	3.34627972e+02
212             	3.34659410e+02
213             	3.34690081e+02
214             	3.34720747e+02
215             	3.34751829e+02
216             	3.34783015e+02
217             	3.34815180e+02
218             	3.34847128e+02
219             	3.34878650e+02
220             	3.34910062e+02
221             	3.34942259e+02
222             	3.34974579e+02
223             	3.35005713e+02
224             	3.35036813e+02
225             	3.35067135e+02
226             	3.35096798e+02
227             	3.35124697e+02
228             	3.35152374e+02
229             	3.35178489e+02
230             	3.35203891e+02
231             	3.35228755e+02
232             	3.35254549e+02
233             	3.35280646e+02
234             	3.35307149e+02
235             	3.35333949e+02
236             	3.35360807e+02
237             	3.35387759e+02
238             	3.35414467e+02
239             	3.35441254e+02
240             	3.35466632e+02
241             	3.35491459e+02
242             	3.35513768e+02
243             	3.35536190e+02
244             	3.35558016e+02
245             	3.35580141e+02
246             	3.35602981e+02
247             	3.35624942e+02
248             	3.35646216e+02
249             	3.35667015e+02
250             	3.35687989e+02
251             	3.35707834e+02
252             	3.35727711e+02
253             	3.35747608e+02
254             	3.35766881e+02
255             	3.35785678e+02
256             	3.35805443e+02
257             	3.35825362e+02
258             	3.35844968e+02
259             	3.35864263e+02
260             	3.35883542e+02
261             	3.35902384e+02
262             	3.35920293e+02
263             	3.35937535e+02
264             	3.35954604e+02
265             	3.35971442e+02
266             	3.35987334e+02
267             	3.36003063e+02
268             	3.36019273e+02
269             	3.36034808e+02
270             	3.36050788e+02
271             	3.36066528e+02
272             	3.36082159e+02
273             	3.36097420e+02
274             	3.36112690e+02
275             	3.36127948e+02
276             	3.36142981e+02
277             	3.36157462e+02
278             	3.36171479e+02
279             	3.36185621e+02
280             	3.36199679e+02
281             	3.36213442e+02
282             	3.36226649e+02
283             	3.36239534e+02
284             	3.36252069e+02
285             	3.36264098e+02
286             	3.36275748e+02
287             	3.36287297e+02
288             	3.36298615e+02
289             	3.36309756e+02
290             	3.36320384e+02
291             	3.36330837e+02
292             	3.36341287e+02
293             	3.36351720e+02
294             	3.36362087e+02
295             	3.36372752e+02
296             	3.36383288e+02
297             	3.36393911e+02
298             	3.36404507e+02
299             	3.36415030e+02
300             	3.36425128e+02
301             	3.36435324e+02
302             	3.36445419e+02
303             	3.36455277e+02
304             	3.36465084e+02
305             	3.36474818e+02
306             	3.36484379e+02
307             	3.36493826e+02
308             	3.36503310e+02
309             	3.36512553e+02
310             	3.36521624e+02
311             	3.36530720e+02
312             	3.36539798e+02
313             	3.36548598e+02
314             	3.36557161e+02
315             	3.36565708e+02
316             	3.36574156e+02
317             	3.36582503e+02
318             	3.36590783e+02
319             	3.36599023e+02
320             	3.36607157e+02
321             	3.36615277e+02
322             	3.36623390e+02
323             	3.36631113e+02
324             	3.36638925e+02
325             	3.36646714e+02
326             	3.36654418e+02
327             	3.36662015e+02
328             	3.36669512e+02
329             	3.36676920e+02
330             	3.36684255e+02
331             	3.36691682e+02
332             	3.36699015e+02
333             	3.36706279e+02
334             	3.36713531e+02
335             	3.36720792e+02
336             	3.36728031e+02
337             	3.36735205e+02
338             	3.36742287e+02
339             	3.36749325e+02
340             	3.36756332e+02
341             	3.36763173e+02
342             	3.36769891e+02
343             	3.36776529e+02
344             	3.36783101e+02
345             	3.36789595e+02
346             	3.36795979e+02
347             	3.36802268e+02
348             	3.36808583e+02
349             	3.36814865e+02
350             	3.36821094e+02
351             	3.36827327e+02
352             	3.36833473e+02
353             	3.36839555e+02
354             	3.36845609e+02
355             	3.36851619e+02
356             	3.36857569e+02
357             	3.36863444e+02
358             	3.36869233e+02
359             	3.36874978e+02
360             	3.36880763e+02
361             	3.36886436e+02
362             	3.36892049e+02
363             	3.36897627e+02
364             	3.36903165e+02
365             	3.36908644e+02
366             	3.36914066e+02
367             	3.36919447e+02
368             	3.36924742e+02
369             	3.36929920e+02
370             	3.36935099e+02
371             	3.36940252e+02
372             	3.36945336e+02
373             	3.36950329e+02
374             	3.36955270e+02
375             	3.36960157e+02
376             	3.36964984e+02
377             	3.36969820e+02
378             	3.36974596e+02
379             	3.36979321e+02
380             	3.36984061e+02
381             	3.36988759e+02
382             	3.36993429e+02
383             	3.36998092e+02
384             	3.37002682e+02
385             	3.37007256e+02
386             	3.37011806e+02
387             	3.37016276e+02
388             	3.37020682e+02
389             	3.37025008e+02
390             	3.37029303e+02
391             	3.37033518e+02
392             	3.37037697e+02
393             	3.37041843e+02
394             	3.37045959e+02
395             	3.37050032e+02
396             	3.37054037e+02
397             	3.37058050e+02
398             	3.37061980e+02
399             	3.37065852e+02
400             	3.37069699e+02
401             	3.37073523e+02
402             	3.37077325e+02
403             	3.37081103e+02
404             	3.37084865e+02
405             	3.37088614e+02
406             	3.37092325e+02
407             	3.37095974e+02
408             	3.37099583e+02
409             	3.37103120e+02
410             	3.37106616e+02
411             	3.37110076e+02
412             	3.37113484e+02
413             	3.37116880e+02
414             	3.37120264e+02
415             	3.37123621e+02
416             	3.37126938e+02
417             	3.37130222e+02
418             	3.37133482e+02
419             	3.37136699e+02
420             	3.37139874e+02
421             	3.37143015e+02
422             	3.37146128e+02
423             	3.37149208e+02
424             	3.37152259e+02
425             	3.37155304e+02
426             	3.37158311e+02
427             	3.37161281e+02
428             	3.37164232e+02
429             	3.37167154e+02
430             	3.37170046e+02
431             	3.37172909e+02
432             	3.37175737e+02
433             	3.37178538e+02
434             	3.37181285e+02
435             	3.37184019e+02
436             	3.37186734e+02
437             	3.37189426e+02
438             	3.37192088e+02
439             	3.37194713e+02
440             	3.37197311e+02
441             	3.37199886e+02
442             	3.37202437e+02
443             	3.37204958e+02
444             	3.37207453e+02
445             	3.37209935e+02
446             	3.37212396e+02
447             	3.37214830e+02
448             	3.37217240e+02
449             	3.37219624e+02
450             	3.37221984e+02
451             	3.37224317e+02
452             	3.37226628e+02
453             	3.37228910e+02
454             	3.37231160e+02
455             	3.37233381e+02
456             	3.37235579e+02
457             	3.37237754e+02
458             	3.37239906e+02
459             	3.37242040e+02
460             	3.37244156e+02
461             	3.37246251e+02
462             	3.37248327e+02
463             	3.37250386e+02
464             	3.37252419e+02
465             	3.37254435e+02
466             	3.37256431e+02
467             	3.37258406e+02
468             	3.37260361e+02
469             	3.37262287e+02
470             	3.37264182e+02
471             	3.37266063e+02
472             	3.37267929e+02
473             	3.37269785e+02
474             	3.37271618e+02
475             	3.37273423e+02
476             	3.37275210e+02
477             	3.37276977e+02
478             	3.37278727e+02
479             	3.37280458e+02
480             	3.37282173e+02
481             	3.37283870e+02
482             	3.37285551e+02
483             	3.37287214e+02
484             	3.37288860e+02
485             	3.37290490e+02
486             	3.37292094e+02
487             	3.37293688e+02
488             	3.37295269e+02
489             	3.37296823e+02
490             	3.37298368e+02
491             	3.37299900e+02
492             	3.37301416e+02
493             	3.37302918e+02
494             	3.37304404e+02
495             	3.37305873e+02
496             	3.37307325e+02
497             	3.37308760e+02
498             	3.37310190e+02
499             	3.37311600e+02
500             	3.37312994e+02
501             	3.37314372e+02
502             	3.37315740e+02
503             	3.37317093e+02
504             	3.37318432e+02
505             	3.37319757e+02
506             	3.37321072e+02
507             	3.37322372e+02
508             	3.37323661e+02
509             	3.37324936e+02
510             	3.37326190e+02
511             	3.37327425e+02
512             	3.37328655e+02
513             	3.37329873e+02
514             	3.37331077e+02
515             	3.37332266e+02
516             	3.37333444e+02
517             	3.37334610e+02
518             	3.37335766e+02
519             	3.37336917e+02
520             	3.37338053e+02
521             	3.37339177e+02
522             	3.37340289e+02
523             	3.37341388e+02
524             	3.37342481e+02
525             	3.37343558e+02
526             	3.37344624e+02
527             	3.37345679e+02
528             	3.37346723e+02
529             	3.37347755e+02
530             	3.37348777e+02
531             	3.37349786e+02
532             	3.37350786e+02
533             	3.37351774e+02
534             	3.37352753e+02
535             	3.37353723e+02
536             	3.37354684e+02
537             	3.37355630e+02
538             	3.37356571e+02
539             	3.37357504e+02
540             	3.37358427e+02
541             	3.37359341e+02
542             	3.37360246e+02
543             	3.37361141e+02
544             	3.37362026e+02
545             	3.37362901e+02
546             	3.37363768e+02
547             	3.37364625e+02
548             	3.37365472e+02
549             	3.37366309e+02
550             	3.37367138e+02
551             	3.37367958e+02
552             	3.37368773e+02
553             	3.37369576e+02
554             	3.37370370e+02
555             	3.37371155e+02
556             	3.37371932e+02
557             	3.37372701e+02
558             	3.37373463e+02
559             	3.37374219e+02
560             	3.37374967e+02
561             	3.37375707e+02
562             	3.37376442e+02
563             	3.37377166e+02
564             	3.37377886e+02
565             	3.37378599e+02
566             	3.37379305e+02
567             	3.37380002e+02
568             	3.37380694e+02
569             	3.37381378e+02
570             	3.37382055e+02
571             	3.37382726e+02
572             	3.37383390e+02
573             	3.37384046e+02
574             	3.37384696e+02
575             	3.37385339e+02
576             	3.37385973e+02
577             	3.37386600e+02
578             	3.37387220e+02
579             	3.37387833e+02
580             	3.37388439e+02
581             	3.37389039e+02
582             	3.37389632e+02
583             	3.37390218e+02
584             	3.37390802e+02
585             	3.37391379e+02
586             	3.37391950e+02
587             	3.37392516e+02
588             	3.37393078e+02
589             	3.37393635e+02
590             	3.37394188e+02
591             	3.37394736e+02
592             	3.37395279e+02
593             	3.37395813e+02
594             	3.37396343e+02
595             	3.37396868e+02
596             	3.37397387e+02
597             	3.37397898e+02
598             	3.37398404e+02
599             	3.37398904e+02
600             	3.37399399e+02
601             	3.37399888e+02
602             	3.37400373e+02
603             	3.37400851e+02
604             	3.37401324e+02
605             	3.37401790e+02
606             	3.37402253e+02
607             	3.37402709e+02
608             	3.37403163e+02
609             	3.37403612e+02
610             	3.37404056e+02
611             	3.37404495e+02
612             	3.37404931e+02
613             	3.37405363e+02
614             	3.37405792e+02
615             	3.37406218e+02
616             	3.37406638e+02
617             	3.37407054e+02
618             	3.37407467e+02
619             	3.37407871e+02
620             	3.37408272e+02
621             	3.37408669e+02
622             	3.37409061e+02
623             	3.37409449e+02
624             	3.37409833e+02
625             	3.37410213e+02
626             	3.37410588e+02
627             	3.37410959e+02
628             	3.37411326e+02
629             	3.37411690e+02
630             	3.37412055e+02
631             	3.37412414e+02
632             	3.37412768e+02
633             	3.37413119e+02
634             	3.37413468e+02
635             	3.37413812e+02
636             	3.37414154e+02
637             	3.37414492e+02
638             	3.37414825e+02
639             	3.37415152e+02
640             	3.37415478e+02
641             	3.37415799e+02
642             	3.37416118e+02
643             	3.37416433e+02
644             	3.37416743e+02
645             	3.37417049e+02
646             	3.37417351e+02
647             	3.37417653e+02
648             	3.37417950e+02
649             	3.37418245e+02
650             	3.37418543e+02
651             	3.37418836e+02
652             	3.37419125e+02
653             	3.37419412e+02
654             	3.37419696e+02
655             	3.37419978e+02
656             	3.37420258e+02
657             	3.37420535e+02
658             	3.37420809e+02
659             	3.37421076e+02
660             	3.37421344e+02
661             	3.37421604e+02
662             	3.37421861e+02
663             	3.37422116e+02
664             	3.37422368e+02
665             	3.37422617e+02
666             	3.37422864e+02
667             	3.37423109e+02
668             	3.37423350e+02
669             	3.37423592e+02
670             	3.37423832e+02
671             	3.37424070e+02
672             	3.37424305e+02
673             	3.37424539e+02
674             	3.37424772e+02
675             	3.37425004e+02
676             	3.37425234e+02
677             	3.37425462e+02
678             	3.37425684e+02
679             	3.37425900e+02
680             	3.37426116e+02
681             	3.37426330e+02
682             	3.37426540e+02
683             	3.37426746e+02
684             	3.37426949e+02
685             	3.37427149e+02
686             	3.37427355e+02
687             	3.37427555e+02
688             	3.37427755e+02
689             	3.37427954e+02
690             	3.37428150e+02
691             	3.37428345e+02
692             	3.37428540e+02
693             	3.37428733e+02
694             	3.37428925e+02
695             	3.37429115e+02
696             	3.37429301e+02
697             	3.37429480e+02
698             	3.37429659e+02
699             	3.37429838e+02
700             	3.37430013e+02
701             	3.37430184e+02
702             	3.37430353e+02
703             	3.37430521e+02
704             	3.37430685e+02
705             	3.37430850e+02
706             	3.37431023e+02
707             	3.37431190e+02
708             	3.37431352e+02
709             	3.37431514e+02
710             	3.37431676e+02
711             	3.37431840e+02
712             	3.37431997e+02
713             	3.37432146e+02
714             	3.37432299e+02
715             	3.37432452e+02
716             	3.37432600e+02
717             	3.37432746e+02
718             	3.37432887e+02
719             	3.37433031e+02
720             	3.37433169e+02
721             	3.37433305e+02
722             	3.37433443e+02
723             	3.37433581e+02
724             	3.37433718e+02
725             	3.37433855e+02
726             	3.37433993e+02
727             	3.37434130e+02
728             	3.37434266e+02
729             	3.37434402e+02
730             	3.37434535e+02
731             	3.37434662e+02
732             	3.37434792e+02
733             	3.37434920e+02
734             	3.37435044e+02
735             	3.37435166e+02
736             	3.37435285e+02
737             	3.37435403e+02
738             	3.37435520e+02
739             	3.37435635e+02
740             	3.37435750e+02
741             	3.37435864e+02
742             	3.37435977e+02
743             	3.37436090e+02
744             	3.37436201e+02
745             	3.37436313e+02
746             	3.37436421e+02
747             	3.37436529e+02
748             	3.37436635e+02
749             	3.37436746e+02
750             	3.37436851e+02
751             	3.37436954e+02
752             	3.37437057e+02
753             	3.37437159e+02
754             	3.37437260e+02
755             	3.37437359e+02
756             	3.37437456e+02
757             	3.37437554e+02
758             	3.37437649e+02
759             	3.37437740e+02
760             	3.37437835e+02
761             	3.37437930e+02
762             	3.37438024e+02
763             	3.37438116e+02
764             	3.37438207e+02
765             	3.37438297e+02
766             	3.37438386e+02
767             	3.37438476e+02
768             	3.37438573e+02
769             	3.37438665e+02
770             	3.37438754e+02
771             	3.37438842e+02
772             	3.37438927e+02
773             	3.37439014e+02
774             	3.37439097e+02
775             	3.37439180e+02
776             	3.37439262e+02
777             	3.37439343e+02
778             	3.37439423e+02
779             	3.37439499e+02
780             	3.37439574e+02
781             	3.37439648e+02
782             	3.37439721e+02
783             	3.37439793e+02
784             	3.37439864e+02
785             	3.37439935e+02
786             	3.37440006e+02
787             	3.37440076e+02
788             	3.37440147e+02
789             	3.37440217e+02
790             	3.37440287e+02
791             	3.37440357e+02
792             	3.37440427e+02
793             	3.37440497e+02
794             	3.37440565e+02
795             	3.37440632e+02
796             	3.37440699e+02
797             	3.37440766e+02
798             	3.37440830e+02
799             	3.37440893e+02
800             	3.37440954e+02
801             	3.37441015e+02
802             	3.37441074e+02
803             	3.37441132e+02
804             	3.37441189e+02
805             	3.37441245e+02
806             	3.37441301e+02
807             	3.37441357e+02
808             	3.37441414e+02
809             	3.37441474e+02
810             	3.37441532e+02
811             	3.37441591e+02
812             	3.37441649e+02
813             	3.37441708e+02
814             	3.37441766e+02
815             	3.37441823e+02
816             	3.37441881e+02
817             	3.37441935e+02
818             	3.37441991e+02
819             	3.37442045e+02
820             	3.37442098e+02
821             	3.37442150e+02
822             	3.37442200e+02
823             	3.37442250e+02
824             	3.37442299e+02
825             	3.37442348e+02
826             	3.37442396e+02
827             	3.37442443e+02
828             	3.37442491e+02
829             	3.37442538e+02
830             	3.37442584e+02
831             	3.37442629e+02
832             	3.37442675e+02
833             	3.37442719e+02
834             	3.37442762e+02
835             	3.37442804e+02
836             	3.37442845e+02
837             	3.37442886e+02
838             	3.37442927e+02
839             	3.37442967e+02
840             	3.37443006e+02
841             	3.37443045e+02
842             	3.37443083e+02
843             	3.37443120e+02
844             	3.37443158e+02
845             	3.37443194e+02
846             	3.37443231e+02
847             	3.37443267e+02
848             	3.37443302e+02
849             	3.37443337e+02
850             	3.37443371e+02
851             	3.37443405e+02
852             	3.37443439e+02
853             	3.37443472e+02
854             	3.37443506e+02
855             	3.37443539e+02
856             	3.37443572e+02
857             	3.37443604e+02
858             	3.37443636e+02
859             	3.37443668e+02
860             	3.37443700e+02
861             	3.37443731e+02
862             	3.37443761e+02
863             	3.37443792e+02
864             	3.37443822e+02
865             	3.37443851e+02
866             	3.37443881e+02
867             	3.37443910e+02
868             	3.37443940e+02
869             	3.37443968e+02
870             	3.37443997e+02
871             	3.37444025e+02
872             	3.37444054e+02
873             	3.37444082e+02
874             	3.37444110e+02
875             	3.37444138e+02
876             	3.37444165e+02
877             	3.37444193e+02
878             	3.37444220e+02
879             	3.37444246e+02
880             	3.37444273e+02
881             	3.37444299e+02
882             	3.37444324e+02
883             	3.37444349e+02
884             	3.37444375e+02
885             	3.37444399e+02
886             	3.37444424e+02
887             	3.37444448e+02
888             	3.37444473e+02
889             	3.37444496e+02
890             	3.37444520e+02
891             	3.37444544e+02
892             	3.37444567e+02
893             	3.37444590e+02
894             	3.37444614e+02
895             	3.37444636e+02
896             	3.37444659e+02
897             	3.37444682e+02
898             	3.37444704e+02
899             	3.37444727e+02
900             	3.37444749e+02
901             	3.37444772e+02
902             	3.37444795e+02
903             	3.37444818e+02
904             	3.37444841e+02
905             	3.37444863e+02
906             	3.37444886e+02
907             	3.37444909e+02
908             	3.37444931e+02
909             	3.37444954e+02
910             	3.37444976e+02
911             	3.37444998e+02
912             	3.37445019e+02
913             	3.37445041e+02
914             	3.37445062e+02
915             	3.37445083e+02
916             	3.37445103e+02
917             	3.37445124e+02
918             	3.37445144e+02
919             	3.37445164e+02
920             	3.37445183e+02
921             	3.37445202e+02
922             	3.37445221e+02
923             	3.37445240e+02
924             	3.37445258e+02
925             	3.37445276e+02
926             	3.37445294e+02
927             	3.37445311e+02
928             	3.37445329e+02
929             	3.37445346e+02
930             	3.37445363e+02
931             	3.37445379e+02
932             	3.37445395e+02
933             	3.37445411e+02
934             	3.37445427e+02
935             	3.37445442e+02
936             	3.37445457e+02
937             	3.37445472e+02
938             	3.37445487e+02
939             	3.37445502e+02
940             	3.37445517e+02
941             	3.37445531e+02
942             	3.37445546e+02
943             	3.37445560e+02
944             	3.37445574e+02
945             	3.37445588e+02
946             	3.37445602e+02
947             	3.37445616e+02
948             	3.37445630e+02
949             	3.37445644e+02
950             	3.37445658e+02
951             	3.37445671e+02
952             	3.37445684e+02
953             	3.37445698e+02
954             	3.37445711e+02
955             	3.37445724e+02
956             	3.37445737e+02
957             	3.37445750e+02
958             	3.37445763e+02
959             	3.37445776e+02
960             	3.37445788e+02
961             	3.37445801e+02
962             	3.37445813e+02
963             	3.37445825e+02
964             	3.37445837e+02
965             	3.37445849e+02
966             	3.37445861e+02
967             	3.37445873e+02
968             	3.37445884e+02
969             	3.37445895e+02
970             	3.37445906e+02
971             	3.37445917e+02
972             	3.37445928e+02
973             	3.37445938e+02
974             	3.37445949e+02
975             	3.37445959e+02
976             	3.37445969e+02
977             	3.37445979e+02
978             	3.37445989e+02
979             	3.37445999e+02
980             	3.37446008e+02
981             	3.37446017e+02
982             	3.37446027e+02
983             	3.37446036e+02
984             	3.37446045e+02
985             	3.37446054e+02
986             	3.37446063e+02
987             	3.37446072e+02
988             	3.37446081e+02
989             	3.37446090e+02
990             	3.37446099e+02
991             	3.37446108e+02
992             	3.37446116e+02
993             	3.37446125e+02
994             	3.37446134e+02
995             	3.37446142e+02
996             	3.37446151e+02
997             	3.37446159e+02
998             	3.37446167e+02
999             	3.37446175e+02
1000            	3.37446184e+02
1001            	3.37446192e+02
1002            	3.37446192e+02
1003            	3.37446192e+02
1004            	3.37446192e+02
1005            	3.37446192e+02
1006            	3.37446192e+02
1007            	3.37446192e+02
1008            	3.37446192e+02
1009            	3.37446192e+02
1010            	3.37446192e+02
1011            	3.37446192e+02
1012            	3.37446192e+02
1013            	3.37446192e+02
1014            	3.37446192e+02
1015            	3.37446192e+02
1016            	3.37446192e+02
1017            	3.37446192e+02
1018            	3.37446192e+02
1019            	3.37446192e+02
1020            	3.37446192e+02
1021            	3.37446192e+02
1022            	3.37446192e+02
1023            	3.37446192e+02
1024            	3.37446192e+02
1025            	3.37446192e+02
1026            	3.37446192e+02
1027            	3.37446192e+02
1028            	3.37446192e+02
1029            	3.37446192e+02
1030            	3.37446192e+02
1031            	3.37446192e+02
1032            	3.37446192e+02
1033            	3.37446192e+02
1034            	3.37446200e+02
1035            	3.37446200e+02
1036            	3.37446200e+02
1037            	3.37446200e+02
1038            	3.37446200e+02
1039            	3.37446200e+02
1040            	3.37446200e+02
1041            	3.37446200e+02
1042            	3.37446200e+02
1043            	3.37446200e+02
1044            	3.37446200e+02
1045            	3.37446200e+02
1046            	3.37446200e+02
1047            	3.37446200e+02
1048            	3.37446200e+02
1049            	3.37446200e+02
1050            	3.37446200e+02
1051            	3.37446200e+02
1052            	3.37446200e+02
1053            	3.37446200e+02
1054            	3.37446200e+02
1055            	3.37446200e+02
1056            	3.37446200e+02
1057            	3.37446200e+02
1058            	3.37446200e+02
1059            	3.37446200e+02
1060            	3.37446200e+02
1061            	3.37446200e+02
1062            	3.37446200e+02
1063            	3.37446200e+02
1064            	3.37446200e+02
1065            	3.37446200e+02
1066            	3.37446200e+02
1067            	3.37446200e+02
1068            	3.37446200e+02
1069            	3.37446200e+02
1070            	3.37446200e+02
1071            	3.37446200e+02
1072            	3.37446200e+02
1073            	3.37446200e+02
1074            	3.37446200e+02
1075            	3.37446209e+02
1076            	3.37446209e+02
1077            	3.37446209e+02
1078            	3.37446209e+02
1079            	3.37446209e+02
1080            	3.37446209e+02
1081            	3.37446209e+02
1082            	3.37446209e+02
1083            	3.37446209e+02
1084            	3.37446209e+02
1085            	3.37446209e+02
1086            	3.37446209e+02
1087            	3.37446209e+02
1088            	3.37446209e+02
1089            	3.37446209e+02
1090            	3.37446209e+02
1091            	3.37446209e+02
1092            	3.37446209e+02
1093            	3.37446209e+02
1094            	3.37446209e+02
1095            	3.37446209e+02
1096            	3.37446209e+02
1097            	3.37446209e+02
1098            	3.37446209e+02
1099            	3.37446209e+02
1100            	3.37446209e+02
1101            	3.37446209e+02
1102            	3.37446209e+02
1103            	3.37446209e+02
1104            	3.37446209e+02
1105            	3.37446209e+02
1106            	3.37446209e+02
1107            	3.37446209e+02
1108            	3.37446209e+02
1109            	3.37446209e+02
1110            	3.37446209e+02
1111            	3.37446209e+02
1112            	3.37446209e+02
1113            	3.37446209e+02
1114            	3.37446209e+02
1115            	3.37446209e+02
1116            	3.37446209e+02
1117            	3.37446209e+02
1118            	3.37446209e+02
1119            	3.37446209e+02
1120            	3.37446209e+02
1121            	3.37446209e+02
1122            	3.37446209e+02
1123            	3.37446209e+02
1124            	3.37446209e+02
1125            	3.37446209e+02
1126            	3.37446209e+02
1127            	3.37446209e+02
1128            	3.37446209e+02
1129            	3.37446209e+02
1130            	3.37446209e+02
1131            	3.37446209e+02
1132            	3.37446209e+02
1133            	3.37446209e+02
1134            	3.37446209e+02
1135            	3.37446209e+02
1136            	3.37446209e+02
1137            	3.37446209e+02
1138            	3.37446209e+02
1139            	3.37446209e+02
1140            	3.37446209e+02
1141            	3.37446209e+02
1142            	3.37446209e+02
1143            	3.37446209e+02
1144            	3.37446217e+02
1145            	3.37446217e+02
1146            	3.37446217e+02
1147            	3.37446217e+02
1148            	3.37446217e+02
1149            	3.37446217e+02
1150            	3.37446217e+02
1151            	3.37446217e+02
1152            	3.37446217e+02
1153            	3.37446217e+02
1154            	3.37446217e+02
1155            	3.37446217e+02
1156            	3.37446217e+02
1157            	3.37446217e+02
1158            	3.37446217e+02
1159            	3.37446217e+02
1160            	3.37446217e+02
1161            	3.37446217e+02
1162            	3.37446217e+02
1163            	3.37446217e+02
1164            	3.37446217e+02
1165            	3.37446217e+02
1166            	3.37446217e+02
1167            	3.37446217e+02
1168            	3.37446217e+02
1169            	3.37446217e+02
1170            	3.37446217e+02
1171            	3.37446217e+02
1172            	3.37446217e+02
1173            	3.37446217e+02
1174            	3.37446217e+02
1175            	3.37446217e+02
1176            	3.37446217e+02
1177            	3.37446217e+02
1178            	3.37446217e+02
1179            	3.37446217e+02
1180            	3.37446217e+02
1181            	3.37446217e+02
1182            	3.37446217e+02
1183            	3.37446217e+02
1184            	3.37446217e+02
1185            	3.37446217e+02
1186            	3.37446217e+02
1187            	3.37446217e+02
1188            	3.37446217e+02
1189            	3.37446217e+02
1190            	3.37446217e+02
1191            	3.37446217e+02
1192            	3.37446217e+02
1193            	3.37446217e+02
1194            	3.37446217e+02
1195            	3.37446217e+02
1196            	3.37446217e+02
1197            	3.37446217e+02
1198            	3.37446217e+02
1199            	3.37446217e+02
1200            	3.37446217e+02
1201            	3.37446217e+02
1202            	3.37446217e+02
1203            	3.37446217e+02
1204            	3.37446217e+02
1205            	3.37446217e+02
1206            	3.37446217e+02
1207            	3.37446217e+02
1208            	3.37446217e+02
1209            	3.37446217e+02
1210            	3.37446217e+02
1211            	3.37446217e+02
1212            	3.37446217e+02
1213            	3.37446217e+02
1214            	3.37446217e+02
1215            	3.37446217e+02
1216            	3.37446217e+02
1217            	3.37446217e+02
1218            	3.37446217e+02
1219            	3.37446217e+02
1220            	3.37446217e+02
1221            	3.37446217e+02
1222            	3.37446217e+02
1223            	3.37446217e+02
1224            	3.37446217e+02
1225            	3.37446217e+02
1226            	3.37446217e+02
1227            	3.37446226e+02
1228            	3.37446235e+02
1229            	3.37446235e+02
1230            	3.37446235e+02
1231            	3.37446235e+02
1232            	3.37446235e+02
1233            	3.37446235e+02
1234            	3.37446235e+02
1235            	3.37446235e+02
1236            	3.37446235e+02
1237            	3.37446235e+02
1238            	3.37446235e+02
1239            	3.37446235e+02
1240            	3.37446235e+02
1241            	3.37446235e+02
1242            	3.37446235e+02
1243            	3.37446235e+02
1244            	3.37446235e+02
1245            	3.37446235e+02
1246            	3.37446235e+02
1247            	3.37446235e+02
1248            	3.37446235e+02
1249            	3.37446235e+02
1250            	3.37446235e+02
1251            	3.37446235e+02
1252            	3.37446235e+02
1253            	3.37446235e+02
1254            	3.37446235e+02
1255            	3.37446235e+02
1256            	3.37446235e+02
1257            	3.37446235e+02
1258            	3.37446235e+02
1259            	3.37446235e+02
1260            	3.37446235e+02
1261            	3.37446235e+02
1262            	3.37446235e+02
1263            	3.37446235e+02
1264            	3.37446235e+02
1265            	3.37446235e+02
1266            	3.37446235e+02
1267            	3.37446235e+02
1268            	3.37446235e+02
1269            	3.37446235e+02
1270            	3.37446235e+02
1271            	3.37446235e+02
1272            	3.37446235e+02
1273            	3.37446235e+02
1274            	3.37446235e+02
1275            	3.37446235e+02
1276            	3.37446235e+02
1277            	3.37446235e+02
1278            	3.37446235e+02
1279            	3.37446235e+02
1280            	3.37446235e+02
1281            	3.37446235e+02
1282            	3.37446235e+02
1283            	3.37446235e+02
1284            	3.37446235e+02
1285            	3.37446235e+02
1286            	3.37446235e+02
1287            	3.37446235e+02
1288            	3.37446235e+02
1289            	3.37446235e+02
1290            	3.37446235e+02
1291            	3.37446235e+02
1292            	3.37446235e+02
1293            	3.37446235e+02
1294            	3.37446235e+02
1295            	3.37446235e+02
1296            	3.37446235e+02
1297            	3.37446235e+02
1298            	3.37446235e+02
1299            	3.37446235e+02
1300            	3.37446235e+02
1301            	3.37446235e+02
1302            	3.37446235e+02
1303            	3.37446235e+02
1304            	3.37446235e+02
1305            	3.37446235e+02
1306            	3.37446235e+02
1307            	3.37446235e+02
1308            	3.37446235e+02
1309            	3.37446235e+02
1310            	3.37446235e+02
1311            	3.37446235e+02
1312            	3.37446235e+02
1313            	3.37446235e+02
1314            	3.37446235e+02
1315            	3.37446235e+02
1316            	3.37446235e+02
1317            	3.37446235e+02
1318            	3.37446235e+02
1319            	3.37446235e+02
1320            	3.37446235e+02
1321            	3.37446235e+02
1322            	3.37446235e+02
1323            	3.37446235e+02
1324            	3.37446235e+02
1325            	3.37446235e+02
1326            	3.37446235e+02
1327            	3.37446235e+02
1328            	3.37446235e+02
1329            	3.37446235e+02
1330            	3.37446235e+02
1331            	3.37446235e+02
1332            	3.37446235e+02
1333            	3.37446235e+02
1334            	3.37446235e+02
1335            	3.37446235e+02
1336            	3.37446235e+02
1337            	3.37446235e+02
1338            	3.37446235e+02
1339            	3.37446235e+02
1340            	3.37446235e+02
1341            	3.37446235e+02
1342            	3.37446235e+02
1343            	3.37446235e+02
1344            	3.37446235e+02
1345            	3.37446235e+02
1346            	3.37446235e+02
1347            	3.37446235e+02
1348            	3.37446235e+02
1349            	3.37446235e+02
1350            	3.37446235e+02
1351            	3.37446235e+02
1352            	3.37446235e+02
1353            	3.37446235e+02
1354            	3.37446235e+02
1355            	3.37446235e+02
1356            	3.37446235e+02
1357            	3.37446235e+02
1358            	3.37446235e+02
1359            	3.37446235e+02
1360            	3.37446235e+02
1361            	3.37446235e+02
1362            	3.37446235e+02
1363            	3.37446235e+02
1364            	3.37446235e+02
1365            	3.37446235e+02
1366            	3.37446235e+02
1367            	3.37446235e+02
1368            	3.37446235e+02
1369            	3.37446235e+02
1370            	3.37446235e+02
1371            	3.37446235e+02
1372            	3.37446235e+02
1373            	3.37446235e+02
1374            	3.37446235e+02
1375            	3.37446235e+02
1376            	3.37446235e+02
1377            	3.37446235e+02
1378            	3.37446235e+02
1379            	3.37446235e+02
1380            	3.37446235e+02
1381            	3.37446235e+02
1382            	3.37446235e+02
1383            	3.37446235e+02
1384            	3.37446235e+02
1385            	3.37446235e+02
1386            	3.37446235e+02
1387            	3.37446235e+02
1388            	3.37446235e+02
1389            	3.37446235e+02
1390            	3.37446235e+02
1391            	3.37446235e+02
1392            	3.37446235e+02
1393            	3.37446235e+02
1394            	3.37446235e+02
1395            	3.37446235e+02
1396            	3.37446235e+02
1397            	3.37446235e+02
1398            	3.37446235e+02
1399            	3.37446235e+02
1400            	3.37446235e+02
1401            	3.37446235e+02
1402            	3.37446235e+02
1403            	3.37446235e+02
1404            	3.37446235e+02
1405            	3.37446235e+02
1406            	3.37446235e+02
1407            	3.37446235e+02
1408            	3.37446235e+02
1409            	3.37446235e+02
1410            	3.37446235e+02
1411            	3.37446235e+02
1412            	3.37446235e+02
1413            	3.37446235e+02
1414            	3.37446235e+02
1415            	3.37446235e+02
1416            	3.37446235e+02
1417            	3.37446235e+02
1418            	3.37446235e+02
1419            	3.37446235e+02
1420            	3.37446235e+02
1421            	3.37446235e+02
1422            	3.37446235e+02
1423            	3.37446235e+02
1424            	3.37446235e+02
1425            	3.37446235e+02
1426            	3.37446235e+02
1427            	3.37446235e+02
1428            	3.37446235e+02
1429            	3.37446235e+02
1430            	3.37446235e+02
1431            	3.37446235e+02
1432            	3.37446235e+02
1433            	3.37446235e+02
1434            	3.37446235e+02
1435            	3.37446235e+02
1436            	3.37446235e+02
1437            	3.37446235e+02
1438            	3.37446235e+02
1439            	3.37446235e+02
1440            	3.37446235e+02
1441            	3.37446235e+02
1442            	3.37446235e+02
1443            	3.37446235e+02
1444            	3.37446235e+02
1445            	3.37446235e+02
1446            	3.37446235e+02
1447            	3.37446235e+02
1448            	3.37446235e+02
1449            	3.37446235e+02
1450            	3.37446235e+02
1451            	3.37446235e+02
1452            	3.37446235e+02
1453            	3.37446235e+02
1454            	3.37446235e+02
1455            	3.37446235e+02
1456            	3.37446235e+02
1457            	3.37446235e+02
1458            	3.37446235e+02
1459            	3.37446235e+02
1460            	3.37446235e+02
1461            	3.37446235e+02
1462            	3.37446235e+02
1463            	3.37446235e+02
1464            	3.37446235e+02
1465            	3.37446235e+02
1466            	3.37446235e+02
1467            	3.37446235e+02
1468            	3.37446235e+02
1469            	3.37446235e+02
1470            	3.37446235e+02
1471            	3.37446235e+02
1472            	3.37446235e+02
1473            	3.37446235e+02
1474            	3.37446235e+02
1475            	3.37446235e+02
1476            	3.37446235e+02
1477            	3.37446235e+02
1478            	3.37446235e+02
1479            	3.37446235e+02
1480            	3.37446235e+02
1481            	3.37446235e+02
1482            	3.37446235e+02
1483            	3.37446235e+02
1484            	3.37446235e+02
1485            	3.37446235e+02
1486            	3.37446235e+02
1487            	3.37446235e+02
1488            	3.37446235e+02
1489            	3.37446235e+02
1490            	3.37446235e+02
1491            	3.37446235e+02
1492            	3.37446235e+02
1493            	3.37446235e+02
1494            	3.37446235e+02
1495            	3.37446235e+02
1496            	3.37446235e+02
1497            	3.37446235e+02
1498            	3.37446235e+02
1499            	3.37446235e+02
1500            	3.37446235e+02
1501            	3.37446235e+02
1502            	3.37446235e+02
1503            	3.37446235e+02
1504            	3.37446235e+02
1505            	3.37446235e+02
1506            	3.37446235e+02
1507            	3.37446235e+02
1508            	3.37446235e+02
1509            	3.37446235e+02
1510            	3.37446235e+02
1511            	3.37446235e+02
1512            	3.37446235e+02
1513            	3.37446235e+02
1514            	3.37446235e+02
1515            	3.37446235e+02
1516            	3.37446235e+02
1517            	3.37446235e+02
1518            	3.37446235e+02
1519            	3.37446235e+02
1520            	3.37446235e+02
1521            	3.37446235e+02
1522            	3.37446235e+02
1523            	3.37446235e+02
1524            	3.37446235e+02
1525            	3.37446235e+02
1526            	3.37446235e+02
1527            	3.37446235e+02
1528            	3.37446235e+02
1529            	3.37446235e+02
1530            	3.37446235e+02
1531            	3.37446235e+02
1532            	3.37446235e+02
1533            	3.37446235e+02
1534            	3.37446235e+02
1535            	3.37446235e+02
1536            	3.37446235e+02
1537            	3.37446235e+02
1538            	3.37446235e+02
1539            	3.37446235e+02
1540            	3.37446235e+02
1541            	3.37446235e+02
1542            	3.37446235e+02
1543            	3.37446235e+02
1544            	3.37446235e+02
1545            	3.37446235e+02
1546            	3.37446235e+02
1547            	3.37446235e+02
1548            	3.37446235e+02
1549            	3.37446235e+02
1550            	3.37446235e+02
1551            	3.37446235e+02
1552            	3.37446235e+02
1553            	3.37446235e+02
1554            	3.37446235e+02
1555            	3.37446235e+02
1556            	3.37446235e+02
1557            	3.37446235e+02
1558            	3.37446235e+02
1559            	3.37446235e+02
1560            	3.37446235e+02
1561            	3.37446235e+02
1562            	3.37446235e+02
1563            	3.37446235e+02
1564            	3.37446235e+02
1565            	3.37446235e+02
1566            	3.37446235e+02
1567            	3.37446235e+02
1568            	3.37446235e+02
1569            	3.37446235e+02
1570            	3.37446235e+02
1571            	3.37446235e+02
1572            	3.37446235e+02
1573            	3.37446235e+02
1574            	3.37446235e+02
1575            	3.37446235e+02
1576            	3.37446235e+02
1577            	3.37446235e+02
1578            	3.37446235e+02
1579            	3.37446235e+02
1580            	3.37446235e+02
1581            	3.37446235e+02
1582            	3.37446235e+02
1583            	3.37446235e+02
1584            	3.37446235e+02
1585            	3.37446235e+02
1586            	3.37446235e+02
1587            	3.37446235e+02
1588            	3.37446235e+02
1589            	3.37446235e+02
1590            	3.37446235e+02
1591            	3.37446235e+02
1592            	3.37446235e+02
1593            	3.37446235e+02
1594            	3.37446235e+02
1595            	3.37446235e+02
1596            	3.37446235e+02
1597            	3.37446235e+02
1598            	3.37446235e+02
1599            	3.37446235e+02
1600            	3.37446235e+02
1601            	3.37446235e+02
1602            	3.37446235e+02
1603            	3.37446235e+02
1604            	3.37446235e+02
1605            	3.37446235e+02
1606            	3.37446235e+02
1607            	3.37446235e+02
1608            	3.37446235e+02
1609            	3.37446235e+02
1610            	3.37446235e+02
1611            	3.37446235e+02
1612            	3.37446235e+02
1613            	3.37446235e+02
1614            	3.37446235e+02
1615            	3.37446235e+02
1616            	3.37446235e+02
1617            	3.37446235e+02
1618            	3.37446235e+02
1619            	3.37446235e+02
1620            	3.37446235e+02
1621            	3.37446235e+02
1622            	3.37446235e+02
1623            	3.37446235e+02
1624            	3.37446235e+02
1625            	3.37446235e+02
1626            	3.37446235e+02
1627            	3.37446235e+02
1628            	3.37446235e+02
1629            	3.37446235e+02
1630            	3.37446235e+02
1631            	3.37446235e+02
1632            	3.37446235e+02
1633            	3.37446235e+02
1634            	3.37446235e+02
1635            	3.37446235e+02
1636            	3.37446235e+02
1637            	3.37446235e+02
1638            	3.37446235e+02
1639            	3.37446235e+02
1640            	3.37446235e+02
1641            	3.37446235e+02
1642            	3.37446235e+02
1643            	3.37446235e+02
1644            	3.37446235e+02
1645            	3.37446235e+02
1646            	3.37446235e+02
1647            	3.37446235e+02
1648            	3.37446235e+02
1649            	3.37446235e+02
1650            	3.37446235e+02
1651            	3.37446235e+02
1652            	3.37446235e+02
1653            	3.37446235e+02
1654            	3.37446235e+02
1655            	3.37446235e+02
1656            	3.37446235e+02
1657            	3.37446235e+02
1658            	3.37446235e+02
1659            	3.37446235e+02
1660            	3.37446235e+02
1661            	3.37446235e+02
1662            	3.37446235e+02
1663            	3.37446235e+02
1664            	3.37446235e+02
1665            	3.37446235e+02
1666            	3.37446235e+02
1667            	3.37446235e+02
1668            	3.37446235e+02
1669            	3.37446235e+02
1670            	3.37446235e+02
1671            	3.37446235e+02
1672            	3.37446235e+02
1673            	3.37446235e+02
1674            	3.37446235e+02
1675            	3.37446235e+02
1676            	3.37446235e+02
1677            	3.37446235e+02
1678            	3.37446235e+02
1679            	3.37446235e+02
1680            	3.37446235e+02
1681            	3.37446235e+02
1682            	3.37446235e+02
1683            	3.37446235e+02
1684            	3.37446235e+02
1685            	3.37446235e+02
1686            	3.37446235e+02
1687            	3.37446235e+02
1688            	3.37446235e+02
1689            	3.37446235e+02
1690            	3.37446235e+02
1691            	3.37446235e+02
1692            	3.37446235e+02
1693            	3.37446235e+02
1694            	3.37446235e+02
1695            	3.37446235e+02
1696            	3.37446235e+02
1697            	3.37446235e+02
1698            	3.37446235e+02
1699            	3.37446235e+02
1700            	3.37446235e+02
1701            	3.37446235e+02
1702            	3.37446235e+02
1703            	3.37446235e+02
1704            	3.37446235e+02
1705            	3.37446235e+02
1706            	3.37446235e+02
1707            	3.37446235e+02
1708            	3.37446235e+02
1709            	3.37446235e+02
1710            	3.37446235e+02
1711            	3.37446235e+02
1712            	3.37446235e+02
1713            	3.37446235e+02
1714            	3.37446235e+02
1715            	3.37446235e+02
1716            	3.37446235e+02
1717            	3.37446235e+02
1718            	3.37446235e+02
1719            	3.37446235e+02
1720            	3.37446235e+02
1721            	3.37446235e+02
1722            	3.37446235e+02
1723            	3.37446235e+02
1724            	3.37446235e+02
1725            	3.37446235e+02
1726            	3.37446235e+02
1727            	3.37446235e+02
1728            	3.37446235e+02
1729            	3.37446235e+02
1730            	3.37446235e+02
1731            	3.37446235e+02
1732            	3.37446235e+02
1733            	3.37446235e+02
1734            	3.37446235e+02
1735            	3.37446235e+02
1736            	3.37446235e+02
1737            	3.37446235e+02
1738            	3.37446235e+02
1739            	3.37446235e+02
1740            	3.37446235e+02
1741            	3.37446235e+02
1742            	3.37446235e+02
1743            	3.37446235e+02
1744            	3.37446235e+02
1745            	3.37446235e+02
1746            	3.37446235e+02
1747            	3.37446235e+02
1748            	3.37446235e+02
1749            	3.37446235e+02
1750            	3.37446235e+02
1751            	3.37446235e+02
1752            	3.37446235e+02
1753            	3.37446235e+02
1754            	3.37446235e+02
1755            	3.37446235e+02
1756            	3.37446235e+02
1757            	3.37446235e+02
1758            	3.37446235e+02
1759            	3.37446235e+02
1760            	3.37446235e+02
1761            	3.37446235e+02
1762            	3.37446235e+02
1763            	3.37446235e+02
1764            	3.37446235e+02
1765            	3.37446235e+02
1766            	3.37446235e+02
1767            	3.37446235e+02
1768            	3.37446235e+02
1769            	3.37446235e+02
1770            	3.37446235e+02
1771            	3.37446235e+02
1772            	3.37446235e+02
1773            	3.37446235e+02
1774            	3.37446235e+02
1775            	3.37446235e+02
1776            	3.37446235e+02
1777            	3.37446235e+02
1778            	3.37446235e+02
1779            	3.37446235e+02
1780            	3.37446235e+02
1781            	3.37446235e+02
1782            	3.37446235e+02
1783            	3.37446235e+02
1784            	3.37446235e+02
1785            	3.37446235e+02
1786            	3.37446235e+02
1787            	3.37446235e+02
1788            	3.37446235e+02
1789            	3.37446235e+02
1790            	3.37446235e+02
1791            	3.37446235e+02
1792            	3.37446235e+02
1793            	3.37446235e+02
1794            	3.37446235e+02
1795            	3.37446235e+02
1796            	3.37446235e+02
1797            	3.37446235e+02
1798            	3.37446235e+02
1799            	3.37446235e+02
1800            	3.37446235e+02
1801            	3.37446235e+02
1802            	3.37446235e+02
1803            	3.37446235e+02
1804            	3.37446235e+02
1805            	3.37446235e+02
1806            	3.37446235e+02
1807            	3.37446235e+02
1808            	3.37446235e+02
1809            	3.37446235e+02
1810            	3.37446235e+02
1811            	3.37446235e+02
1812            	3.37446235e+02
1813            	3.37446235e+02
1814            	3.37446235e+02
1815            	3.37446235e+02
1816            	3.37446235e+02
1817            	3.37446235e+02
1818            	3.37446235e+02
1819            	3.37446235e+02
1820            	3.37446235e+02
1821            	3.37446235e+02
1822            	3.37446235e+02
1823            	3.37446235e+02
1824            	3.37446235e+02
1825            	3.37446235e+02
1826            	3.37446235e+02
1827            	3.37446235e+02
1828            	3.37446235e+02
1829            	3.37446235e+02
1830            	3.37446235e+02
1831            	3.37446235e+02
1832            	3.37446235e+02
1833            	3.37446235e+02
1834            	3.37446235e+02
1835            	3.37446235e+02
1836            	3.37446235e+02
1837            	3.37446235e+02
1838            	3.37446235e+02
1839            	3.37446235e+02
1840            	3.37446235e+02
1841            	3.37446235e+02
1842            	3.37446235e+02
1843            	3.37446235e+02
1844            	3.37446235e+02
1845            	3.37446235e+02
1846            	3.37446235e+02
1847            	3.37446235e+02
1848            	3.37446235e+02
1849            	3.37446235e+02
1850            	3.37446235e+02
1851            	3.37446235e+02
1852            	3.37446235e+02
1853            	3.37446235e+02
1854            	3.37446235e+02
1855            	3.37446235e+02
1856            	3.37446235e+02
1857            	3.37446235e+02
1858            	3.37446235e+02
1859            	3.37446235e+02
1860            	3.37446235e+02
1861            	3.37446235e+02
1862            	3.37446235e+02
1863            	3.37446235e+02
1864            	3.37446235e+02
1865            	3.37446235e+02
1866            	3.37446235e+02
1867            	3.37446235e+02
1868            	3.37446235e+02
1869            	3.37446235e+02
1870            	3.37446235e+02
1871            	3.37446235e+02
1872            	3.37446235e+02
1873            	3.37446235e+02
1874            	3.37446235e+02
1875            	3.37446235e+02
1876            	3.37446235e+02
1877            	3.37446235e+02
1878            	3.37446235e+02
1879            	3.37446235e+02
1880            	3.37446235e+02
1881            	3.37446235e+02
1882            	3.37446235e+02
1883            	3.37446235e+02
1884            	3.37446235e+02
1885            	3.37446235e+02
1886            	3.37446235e+02
1887            	3.37446235e+02
1888            	3.37446235e+02
1889            	3.37446235e+02
1890            	3.37446235e+02
1891            	3.37446235e+02
1892            	3.37446235e+02
1893            	3.37446235e+02
1894            	3.37446235e+02
1895            	3.37446235e+02
1896            	3.37446235e+02
1897            	3.37446235e+02
1898            	3.37446235e+02
1899            	3.37446235e+02
1900            	3.37446235e+02
1901            	3.37446235e+02
1902            	3.37446235e+02
1903            	3.37446235e+02
1904            	3.37446235e+02
1905            	3.37446235e+02
1906            	3.37446235e+02
1907            	3.37446235e+02
1908            	3.37446235e+02
1909            	3.37446235e+02
1910            	3.37446235e+02
1911            	3.37446235e+02
1912            	3.37446235e+02
1913            	3.37446235e+02
1914            	3.37446235e+02
1915            	3.37446235e+02
1916            	3.37446235e+02
1917            	3.37446235e+02
1918            	3.37446235e+02
1919            	3.37446235e+02
1920            	3.37446235e+02
1921            	3.37446235e+02
1922            	3.37446235e+02
1923            	3.37446235e+02
1924            	3.37446235e+02
1925            	3.37446235e+02
1926            	3.37446235e+02
1927            	3.37446235e+02
1928            	3.37446235e+02
1929            	3.37446235e+02
1930            	3.37446235e+02
1931            	3.37446235e+02
1932            	3.37446235e+02
1933            	3.37446235e+02
1934            	3.37446235e+02
1935            	3.37446235e+02
1936            	3.37446235e+02
1937            	3.37446235e+02
1938            	3.37446235e+02
1939            	3.37446235e+02
1940            	3.37446235e+02
1941            	3.37446235e+02
1942            	3.37446235e+02
1943            	3.37446235e+02
1944            	3.37446235e+02
1945            	3.37446235e+02
1946            	3.37446235e+02
1947            	3.37446235e+02
1948            	3.37446235e+02
1949            	3.37446235e+02
1950            	3.37446235e+02
1951            	3.37446235e+02
1952            	3.37446235e+02
1953            	3.37446235e+02
1954            	3.37446235e+02
1955            	3.37446235e+02
1956            	3.37446235e+02
1957            	3.37446235e+02
1958            	3.37446235e+02
1959            	3.37446235e+02
1960            	3.37446235e+02
1961            	3.37446235e+02
1962            	3.37446235e+02
1963            	3.37446235e+02
1964            	3.37446235e+02
1965            	3.37446235e+02
1966            	3.37446235e+02
1967            	3.37446235e+02
1968            	3.37446235e+02
1969            	3.37446235e+02
1970            	3.37446235e+02
1971            	3.37446235e+02
1972            	3.37446235e+02
1973            	3.37446235e+02
1974            	3.37446235e+02
1975            	3.37446235e+02
1976            	3.37446235e+02
1977            	3.37446235e+02
1978            	3.37446235e+02
1979            	3.37446235e+02
1980            	3.37446235e+02
1981            	3.37446235e+02
1982            	3.37446235e+02
1983            	3.37446235e+02
1984            	3.37446235e+02
1985            	3.37446235e+02
1986            	3.37446235e+02
1987            	3.37446235e+02
1988            	3.37446235e+02
1989            	3.37446235e+02
1990            	3.37446235e+02
1991            	3.37446235e+02
1992            	3.37446235e+02
1993            	3.37446235e+02
1994            	3.37446235e+02
1995            	3.37446235e+02
1996            	3.37446235e+02
1997            	3.37446235e+02
1998            	3.37446235e+02
1999            	3.37446235e+02
2000            	3.37446235e+02
