# Region        : cellZone pcb
# Cells         : 520
# Volume        : 8.99022279e-01
# Time          	volAverage(T)
1               	3.00023403e+02
2               	3.00067633e+02
3               	3.00128930e+02
4               	3.00205094e+02
5               	3.00291840e+02
6               	3.00388983e+02
7               	3.00496739e+02
8               	3.00614674e+02
9               	3.00741937e+02
10              	3.00879402e+02
11              	3.01025331e+02
12              	3.01179688e+02
13              	3.01340887e+02
14              	3.01510047e+02
15              	3.01682608e+02
16              	3.01858801e+02
17              	3.02039102e+02
18              	3.02218332e+02
19              	3.02397046e+02
20              	3.02575613e+02
21              	3.02756636e+02
22              	3.02943090e+02
23              	3.03132610e+02
24              	3.03327307e+02
25              	3.03521523e+02
26              	3.03720278e+02
27              	3.03922223e+02
28              	3.04128408e+02
29              	3.04340269e+02
30              	3.04550930e+02
31              	3.04755637e+02
32              	3.04959826e+02
33              	3.05157266e+02
34              	3.05349000e+02
35              	3.05536277e+02
36              	3.05726213e+02
37              	3.05926166e+02
38              	3.06123577e+02
39              	3.06314390e+02
40              	3.06510110e+02
41              	3.06713181e+02
42              	3.06909706e+02
43              	3.07112952e+02
44              	3.07313539e+02
45              	3.07506089e+02
46              	3.07693451e+02
47              	3.07881185e+02
48              	3.08065578e+02
49              	3.08250150e+02
50              	3.08427230e+02
51              	3.08603334e+02
52              	3.08767813e+02
53              	3.08918351e+02
54              	3.09069739e+02
55              	3.09220131e+02
56              	3.09372999e+02
57              	3.09518832e+02
58              	3.09662479e+02
59              	3.09806158e+02
60              	3.09949169e+02
61              	3.10084807e+02
62              	3.10216639e+02
63              	3.10350245e+02
64              	3.10491745e+02
65              	3.10628006e+02
66              	3.10758851e+02
67              	3.10881939e+02
68              	3.11004432e+02
69              	3.11135065e+02
70              	3.11262740e+02
71              	3.11384202e+02
72              	3.11508712e+02
73              	3.11634853e+02
74              	3.11736402e+02
75              	3.11836492e+02
76              	3.11936605e+02
77              	3.12024660e+02
78              	3.12106340e+02
79              	3.12178136e+02
80              	3.12250349e+02
81              	3.12327062e+02
82              	3.12407875e+02
83              	3.12489504e+02
84              	3.12576260e+02
85              	3.12662012e+02
86              	3.12748166e+02
87              	3.12838311e+02
88              	3.12931204e+02
89              	3.13024335e+02
90              	3.13115966e+02
91              	3.13211902e+02
92              	3.13299616e+02
93              	3.13388732e+02
94              	3.13473358e+02
95              	3.13548824e+02
96              	3.13618634e+02
97              	3.13689708e+02
98              	3.13764889e+02
99              	3.13847797e+02
100             	3.13925423e+02
101             	3.14007672e+02
102             	3.14098660e+02
103             	3.14188103e+02
104             	3.14272408e+02
105             	3.14349272e+02
106             	3.14428468e+02
107             	3.14500256e+02
108             	3.14555058e+02
109             	3.14612514e+02
110             	3.14667784e+02
111             	3.14728351e+02
112             	3.14791663e+02
113             	3.14853468e+02
114             	3.14924541e+02
115             	3.15002045e+02
116             	3.15068180e+02
117             	3.15135056e+02
118             	3.15200182e+02
119             	3.15259254e+02
120             	3.15316949e+02
121             	3.15363316e+02
122             	3.15398573e+02
123             	3.15430044e+02
124             	3.15462336e+02
125             	3.15500916e+02
126             	3.15546565e+02
127             	3.15592747e+02
128             	3.15638998e+02
129             	3.15689606e+02
130             	3.15741820e+02
131             	3.15793671e+02
132             	3.15838947e+02
133             	3.15879995e+02
134             	3.15916503e+02
135             	3.15948617e+02
136             	3.15976906e+02
137             	3.16002533e+02
138             	3.16030591e+02
139             	3.16061107e+02
140             	3.16088045e+02
141             	3.16115393e+02
142             	3.16143393e+02
143             	3.16174372e+02
144             	3.16208404e+02
145             	3.16241769e+02
146             	3.16280099e+02
147             	3.16319615e+02
148             	3.16362070e+02
149             	3.16401967e+02
150             	3.16441486e+02
151             	3.16479582e+02
152             	3.16514751e+02
153             	3.16547641e+02
154             	3.16580558e+02
155             	3.16613540e+02
156             	3.16639811e+02
157             	3.16663281e+02
158             	3.16683395e+02
159             	3.16702729e+02
160             	3.16724168e+02
161             	3.16744876e+02
162             	3.16764364e+02
163             	3.16782438e+02
164             	3.16800186e+02
165             	3.16818708e+02
166             	3.16836887e+02
167             	3.16854386e+02
168             	3.16874298e+02
169             	3.16896906e+02
170             	3.16919035e+02
171             	3.16940777e+02
172             	3.16963935e+02
173             	3.16985459e+02
174             	3.17006577e+02
175             	3.17026185e+02
176             	3.17045490e+02
177             	3.17065597e+02
178             	3.17084475e+02
179             	3.17101693e+02
180             	3.17119970e+02
181             	3.17138823e+02
182             	3.17156726e+02
183             	3.17173294e+02
184             	3.17190318e+02
185             	3.17205828e+02
186             	3.17220208e+02
187             	3.17234043e+02
188             	3.17249068e+02
189             	3.17265126e+02
190             	3.17281587e+02
191             	3.17297999e+02
192             	3.17313443e+02
193             	3.17328802e+02
194             	3.17344354e+02
195             	3.17360866e+02
196             	3.17377951e+02
197             	3.17395042e+02
198             	3.17412825e+02
199             	3.17430725e+02
200             	3.17448328e+02
201             	3.17464649e+02
202             	3.17480168e+02
203             	3.17495677e+02
204             	3.17511390e+02
205             	3.17526729e+02
206             	3.17540035e+02
207             	3.17552105e+02
208             	3.17564884e+02
209             	3.17577271e+02
210             	3.17588063e+02
211             	3.17598061e+02
212             	3.17607504e+02
213             	3.17615921e+02
214             	3.17623841e+02
215             	3.17632046e+02
216             	3.17640479e+02
217             	3.17648710e+02
218             	3.17657397e+02
219             	3.17666372e+02
220             	3.17674718e+02
221             	3.17682685e+02
222             	3.17690903e+02
223             	3.17699260e+02
224             	3.17707706e+02
225             	3.17716541e+02
226             	3.17726626e+02
227             	3.17737335e+02
228             	3.17747551e+02
229             	3.17757061e+02
230             	3.17766879e+02
231             	3.17776703e+02
232             	3.17787369e+02
233             	3.17796989e+02
234             	3.17806022e+02
235             	3.17814452e+02
236             	3.17822080e+02
237             	3.17829012e+02
238             	3.17835152e+02
239             	3.17841781e+02
240             	3.17848545e+02
241             	3.17854829e+02
242             	3.17860798e+02
243             	3.17867196e+02
244             	3.17873891e+02
245             	3.17880806e+02
246             	3.17888246e+02
247             	3.17895680e+02
248             	3.17902485e+02
249             	3.17909027e+02
250             	3.17915513e+02
251             	3.17922209e+02
252             	3.17929392e+02
253             	3.17937840e+02
254             	3.17946102e+02
255             	3.17954495e+02
256             	3.17962675e+02
257             	3.17970505e+02
258             	3.17977719e+02
259             	3.17984731e+02
260             	3.17991149e+02
261             	3.17997125e+02
262             	3.18002839e+02
263             	3.18008356e+02
264             	3.18013153e+02
265             	3.18017602e+02
266             	3.18021723e+02
267             	3.18025713e+02
268             	3.18029470e+02
269             	3.18032881e+02
270             	3.18036255e+02
271             	3.18039606e+02
272             	3.18042789e+02
273             	3.18046127e+02
274             	3.18049830e+02
275             	3.18053641e+02
276             	3.18057601e+02
277             	3.18061640e+02
278             	3.18065865e+02
279             	3.18069978e+02
280             	3.18073961e+02
281             	3.18077943e+02
282             	3.18081909e+02
283             	3.18085881e+02
284             	3.18089759e+02
285             	3.18093428e+02
286             	3.18096809e+02
287             	3.18100159e+02
288             	3.18103486e+02
289             	3.18106745e+02
290             	3.18110020e+02
291             	3.18113475e+02
292             	3.18116817e+02
293             	3.18120176e+02
294             	3.18123488e+02
295             	3.18126961e+02
296             	3.18130566e+02
297             	3.18134138e+02
298             	3.18137914e+02
299             	3.18141669e+02
300             	3.18145530e+02
301             	3.18149286e+02
302             	3.18153031e+02
303             	3.18156861e+02
304             	3.18160379e+02
305             	3.18163758e+02
306             	3.18166962e+02
307             	3.18170082e+02
308             	3.18172992e+02
309             	3.18175721e+02
310             	3.18178208e+02
311             	3.18180495e+02
312             	3.18182587e+02
313             	3.18184571e+02
314             	3.18186394e+02
315             	3.18188122e+02
316             	3.18189789e+02
317             	3.18191341e+02
318             	3.18192875e+02
319             	3.18194392e+02
320             	3.18195821e+02
321             	3.18197241e+02
322             	3.18198661e+02
323             	3.18200109e+02
324             	3.18201570e+02
325             	3.18203062e+02
326             	3.18204564e+02
327             	3.18206093e+02
328             	3.18207612e+02
329             	3.18209122e+02
330             	3.18210623e+02
331             	3.18212065e+02
332             	3.18213486e+02
333             	3.18214874e+02
334             	3.18216355e+02
335             	3.18217744e+02
336             	3.18219268e+02
337             	3.18220759e+02
338             	3.18222302e+02
339             	3.18223863e+02
340             	3.18225452e+02
341             	3.18227040e+02
342             	3.18228622e+02
343             	3.18230145e+02
344             	3.18231644e+02
345             	3.18233169e+02
346             	3.18234668e+02
347             	3.18236163e+02
348             	3.18237619e+02
349             	3.18239087e+02
350             	3.18240521e+02
351             	3.18241896e+02
352             	3.18243213e+02
353             	3.18244521e+02
354             	3.18245814e+02
355             	3.18247065e+02
356             	3.18248265e+02
357             	3.18249474e+02
358             	3.18250640e+02
359             	3.18251768e+02
360             	3.18252834e+02
361             	3.18253862e+02
362             	3.18254837e+02
363             	3.18255781e+02
364             	3.18256685e+02
365             	3.18257552e+02
366             	3.18258370e+02
367             	3.18259151e+02
368             	3.18259897e+02
369             	3.18260611e+02
370             	3.18261277e+02
371             	3.18261891e+02
372             	3.18262458e+02
373             	3.18262997e+02
374             	3.18263525e+02
375             	3.18264022e+02
376             	3.18264511e+02
377             	3.18264990e+02
378             	3.18265472e+02
379             	3.18265930e+02
380             	3.18266379e+02
381             	3.18266824e+02
382             	3.18267273e+02
383             	3.18267714e+02
384             	3.18268155e+02
385             	3.18268604e+02
386             	3.18269074e+02
387             	3.18269560e+02
388             	3.18270044e+02
389             	3.18270524e+02
390             	3.18271021e+02
391             	3.18271521e+02
392             	3.18272031e+02
393             	3.18272538e+02
394             	3.18273073e+02
395             	3.18273614e+02
396             	3.18274165e+02
397             	3.18274709e+02
398             	3.18275257e+02
399             	3.18275801e+02
400             	3.18276336e+02
401             	3.18276861e+02
402             	3.18277396e+02
403             	3.18277891e+02
404             	3.18278379e+02
405             	3.18278834e+02
406             	3.18279281e+02
407             	3.18279695e+02
408             	3.18280071e+02
409             	3.18280425e+02
410             	3.18280757e+02
411             	3.18281060e+02
412             	3.18281350e+02
413             	3.18281618e+02
414             	3.18281899e+02
415             	3.18282154e+02
416             	3.18282422e+02
417             	3.18282673e+02
418             	3.18282932e+02
419             	3.18283183e+02
420             	3.18283440e+02
421             	3.18283678e+02
422             	3.18283915e+02
423             	3.18284127e+02
424             	3.18284347e+02
425             	3.18284552e+02
426             	3.18284748e+02
427             	3.18284928e+02
428             	3.18285105e+02
429             	3.18285276e+02
430             	3.18285439e+02
431             	3.18285589e+02
432             	3.18285734e+02
433             	3.18285863e+02
434             	3.18285982e+02
435             	3.18286105e+02
436             	3.18286240e+02
437             	3.18286375e+02
438             	3.18286515e+02
439             	3.18286661e+02
440             	3.18286825e+02
441             	3.18287005e+02
442             	3.18287189e+02
443             	3.18287360e+02
444             	3.18287531e+02
445             	3.18287695e+02
446             	3.18287853e+02
447             	3.18287994e+02
448             	3.18288123e+02
449             	3.18288248e+02
450             	3.18288372e+02
451             	3.18288482e+02
452             	3.18288598e+02
453             	3.18288710e+02
454             	3.18288834e+02
455             	3.18288960e+02
456             	3.18289093e+02
457             	3.18289233e+02
458             	3.18289371e+02
459             	3.18289511e+02
460             	3.18289654e+02
461             	3.18289793e+02
462             	3.18289925e+02
463             	3.18290040e+02
464             	3.18290148e+02
465             	3.18290251e+02
466             	3.18290353e+02
467             	3.18290450e+02
468             	3.18290550e+02
469             	3.18290650e+02
470             	3.18290751e+02
471             	3.18290848e+02
472             	3.18290950e+02
473             	3.18291052e+02
474             	3.18291157e+02
475             	3.18291251e+02
476             	3.18291343e+02
477             	3.18291434e+02
478             	3.18291518e+02
479             	3.18291596e+02
480             	3.18291668e+02
481             	3.18291733e+02
482             	3.18291796e+02
483             	3.18291853e+02
484             	3.18291909e+02
485             	3.18291960e+02
486             	3.18292008e+02
487             	3.18292061e+02
488             	3.18292114e+02
489             	3.18292169e+02
490             	3.18292223e+02
491             	3.18292282e+02
492             	3.18292340e+02
493             	3.18292401e+02
494             	3.18292462e+02
495             	3.18292523e+02
496             	3.18292577e+02
497             	3.18292629e+02
498             	3.18292676e+02
499             	3.18292725e+02
500             	3.18292765e+02
501             	3.18292797e+02
502             	3.18292832e+02
503             	3.18292870e+02
504             	3.18292909e+02
505             	3.18292948e+02
506             	3.18292993e+02
507             	3.18293046e+02
508             	3.18293098e+02
509             	3.18293152e+02
510             	3.18293202e+02
511             	3.18293252e+02
512             	3.18293294e+02
513             	3.18293329e+02
514             	3.18293364e+02
515             	3.18293394e+02
516             	3.18293420e+02
517             	3.18293445e+02
518             	3.18293474e+02
519             	3.18293510e+02
520             	3.18293549e+02
521             	3.18293588e+02
522             	3.18293625e+02
523             	3.18293661e+02
524             	3.18293694e+02
525             	3.18293724e+02
526             	3.18293749e+02
527             	3.18293771e+02
528             	3.18293790e+02
529             	3.18293809e+02
530             	3.18293828e+02
531             	3.18293845e+02
532             	3.18293864e+02
533             	3.18293886e+02
534             	3.18293909e+02
535             	3.18293930e+02
536             	3.18293953e+02
537             	3.18293979e+02
538             	3.18294004e+02
539             	3.18294033e+02
540             	3.18294064e+02
541             	3.18294096e+02
542             	3.18294122e+02
543             	3.18294148e+02
544             	3.18294168e+02
545             	3.18294181e+02
546             	3.18294192e+02
547             	3.18294202e+02
548             	3.18294212e+02
549             	3.18294228e+02
550             	3.18294249e+02
551             	3.18294274e+02
552             	3.18294294e+02
553             	3.18294315e+02
554             	3.18294337e+02
555             	3.18294361e+02
556             	3.18294383e+02
557             	3.18294402e+02
558             	3.18294417e+02
559             	3.18294430e+02
560             	3.18294441e+02
561             	3.18294451e+02
562             	3.18294458e+02
563             	3.18294467e+02
564             	3.18294475e+02
565             	3.18294485e+02
566             	3.18294494e+02
567             	3.18294507e+02
568             	3.18294521e+02
569             	3.18294538e+02
570             	3.18294557e+02
571             	3.18294575e+02
572             	3.18294593e+02
573             	3.18294606e+02
574             	3.18294617e+02
575             	3.18294625e+02
576             	3.18294630e+02
577             	3.18294636e+02
578             	3.18294642e+02
579             	3.18294643e+02
580             	3.18294648e+02
581             	3.18294653e+02
582             	3.18294661e+02
583             	3.18294667e+02
584             	3.18294675e+02
585             	3.18294686e+02
586             	3.18294701e+02
587             	3.18294719e+02
588             	3.18294735e+02
589             	3.18294746e+02
590             	3.18294757e+02
591             	3.18294770e+02
592             	3.18294782e+02
593             	3.18294790e+02
594             	3.18294793e+02
595             	3.18294796e+02
596             	3.18294797e+02
597             	3.18294799e+02
598             	3.18294805e+02
599             	3.18294813e+02
600             	3.18294825e+02
601             	3.18294840e+02
602             	3.18294851e+02
603             	3.18294866e+02
604             	3.18294879e+02
605             	3.18294889e+02
606             	3.18294897e+02
607             	3.18294901e+02
608             	3.18294904e+02
609             	3.18294906e+02
610             	3.18294907e+02
611             	3.18294906e+02
612             	3.18294906e+02
613             	3.18294908e+02
614             	3.18294910e+02
615             	3.18294917e+02
616             	3.18294929e+02
617             	3.18294939e+02
618             	3.18294947e+02
619             	3.18294957e+02
620             	3.18294966e+02
621             	3.18294970e+02
622             	3.18294968e+02
623             	3.18294967e+02
624             	3.18294963e+02
625             	3.18294958e+02
626             	3.18294954e+02
627             	3.18294952e+02
628             	3.18294957e+02
629             	3.18294967e+02
630             	3.18294978e+02
631             	3.18294985e+02
632             	3.18294990e+02
633             	3.18294991e+02
634             	3.18294990e+02
635             	3.18294989e+02
636             	3.18294988e+02
637             	3.18294987e+02
638             	3.18294987e+02
639             	3.18294989e+02
640             	3.18294990e+02
641             	3.18294992e+02
642             	3.18295000e+02
643             	3.18295011e+02
644             	3.18295020e+02
645             	3.18295031e+02
646             	3.18295042e+02
647             	3.18295050e+02
648             	3.18295054e+02
649             	3.18295050e+02
650             	3.18295042e+02
651             	3.18295032e+02
652             	3.18295023e+02
653             	3.18295013e+02
654             	3.18295005e+02
655             	3.18295000e+02
656             	3.18295000e+02
657             	3.18295006e+02
658             	3.18295013e+02
659             	3.18295023e+02
660             	3.18295034e+02
661             	3.18295044e+02
662             	3.18295050e+02
663             	3.18295054e+02
664             	3.18295056e+02
665             	3.18295054e+02
666             	3.18295050e+02
667             	3.18295045e+02
668             	3.18295040e+02
669             	3.18295038e+02
670             	3.18295039e+02
671             	3.18295043e+02
672             	3.18295052e+02
673             	3.18295064e+02
674             	3.18295079e+02
675             	3.18295095e+02
676             	3.18295108e+02
677             	3.18295120e+02
678             	3.18295128e+02
679             	3.18295132e+02
680             	3.18295130e+02
681             	3.18295125e+02
682             	3.18295116e+02
683             	3.18295105e+02
684             	3.18295093e+02
685             	3.18295081e+02
686             	3.18295073e+02
687             	3.18295067e+02
688             	3.18295064e+02
689             	3.18295066e+02
690             	3.18295070e+02
691             	3.18295077e+02
692             	3.18295085e+02
693             	3.18295094e+02
694             	3.18295103e+02
695             	3.18295111e+02
696             	3.18295117e+02
697             	3.18295120e+02
698             	3.18295119e+02
699             	3.18295115e+02
700             	3.18295106e+02
701             	3.18295096e+02
702             	3.18295086e+02
703             	3.18295075e+02
704             	3.18295065e+02
705             	3.18295058e+02
706             	3.18295052e+02
707             	3.18295047e+02
708             	3.18295043e+02
709             	3.18295040e+02
710             	3.18295038e+02
711             	3.18295038e+02
712             	3.18295037e+02
713             	3.18295037e+02
714             	3.18295037e+02
715             	3.18295039e+02
716             	3.18295041e+02
717             	3.18295041e+02
718             	3.18295040e+02
719             	3.18295037e+02
720             	3.18295034e+02
721             	3.18295026e+02
722             	3.18295021e+02
723             	3.18295014e+02
724             	3.18295009e+02
725             	3.18295004e+02
726             	3.18295001e+02
727             	3.18294998e+02
728             	3.18294997e+02
729             	3.18294999e+02
730             	3.18295003e+02
731             	3.18295008e+02
732             	3.18295014e+02
733             	3.18295021e+02
734             	3.18295029e+02
735             	3.18295035e+02
736             	3.18295044e+02
737             	3.18295050e+02
738             	3.18295055e+02
739             	3.18295058e+02
740             	3.18295061e+02
741             	3.18295062e+02
742             	3.18295062e+02
743             	3.18295061e+02
744             	3.18295059e+02
745             	3.18295056e+02
746             	3.18295053e+02
747             	3.18295051e+02
748             	3.18295048e+02
749             	3.18295047e+02
750             	3.18295046e+02
751             	3.18295046e+02
752             	3.18295048e+02
753             	3.18295051e+02
754             	3.18295055e+02
755             	3.18295060e+02
756             	3.18295066e+02
757             	3.18295072e+02
758             	3.18295078e+02
759             	3.18295083e+02
760             	3.18295087e+02
761             	3.18295089e+02
762             	3.18295089e+02
763             	3.18295089e+02
764             	3.18295089e+02
765             	3.18295088e+02
766             	3.18295089e+02
767             	3.18295090e+02
768             	3.18295093e+02
769             	3.18295096e+02
770             	3.18295101e+02
771             	3.18295106e+02
772             	3.18295111e+02
773             	3.18295115e+02
774             	3.18295119e+02
775             	3.18295121e+02
776             	3.18295123e+02
777             	3.18295125e+02
778             	3.18295125e+02
779             	3.18295125e+02
780             	3.18295125e+02
781             	3.18295124e+02
782             	3.18295124e+02
783             	3.18295124e+02
784             	3.18295124e+02
785             	3.18295125e+02
786             	3.18295126e+02
787             	3.18295127e+02
788             	3.18295127e+02
789             	3.18295127e+02
790             	3.18295126e+02
791             	3.18295125e+02
792             	3.18295121e+02
793             	3.18295116e+02
794             	3.18295109e+02
795             	3.18295101e+02
796             	3.18295092e+02
797             	3.18295083e+02
798             	3.18295074e+02
799             	3.18295066e+02
800             	3.18295060e+02
801             	3.18295054e+02
802             	3.18295049e+02
803             	3.18295046e+02
804             	3.18295044e+02
805             	3.18295043e+02
806             	3.18295043e+02
807             	3.18295043e+02
808             	3.18295043e+02
809             	3.18295042e+02
810             	3.18295042e+02
811             	3.18295042e+02
812             	3.18295042e+02
813             	3.18295042e+02
814             	3.18295043e+02
815             	3.18295044e+02
816             	3.18295046e+02
817             	3.18295049e+02
818             	3.18295054e+02
819             	3.18295060e+02
820             	3.18295068e+02
821             	3.18295076e+02
822             	3.18295085e+02
823             	3.18295095e+02
824             	3.18295104e+02
825             	3.18295113e+02
826             	3.18295120e+02
827             	3.18295126e+02
828             	3.18295129e+02
829             	3.18295131e+02
830             	3.18295132e+02
831             	3.18295132e+02
832             	3.18295132e+02
833             	3.18295133e+02
834             	3.18295133e+02
835             	3.18295135e+02
836             	3.18295138e+02
837             	3.18295142e+02
838             	3.18295147e+02
839             	3.18295150e+02
840             	3.18295151e+02
841             	3.18295153e+02
842             	3.18295152e+02
843             	3.18295149e+02
844             	3.18295145e+02
845             	3.18295139e+02
846             	3.18295133e+02
847             	3.18295127e+02
848             	3.18295121e+02
849             	3.18295115e+02
850             	3.18295111e+02
851             	3.18295108e+02
852             	3.18295106e+02
853             	3.18295106e+02
854             	3.18295107e+02
855             	3.18295109e+02
856             	3.18295111e+02
857             	3.18295113e+02
858             	3.18295115e+02
859             	3.18295116e+02
860             	3.18295116e+02
861             	3.18295115e+02
862             	3.18295113e+02
863             	3.18295109e+02
864             	3.18295105e+02
865             	3.18295101e+02
866             	3.18295097e+02
867             	3.18295093e+02
868             	3.18295089e+02
869             	3.18295085e+02
870             	3.18295082e+02
871             	3.18295080e+02
872             	3.18295078e+02
873             	3.18295076e+02
874             	3.18295075e+02
875             	3.18295074e+02
876             	3.18295074e+02
877             	3.18295074e+02
878             	3.18295074e+02
879             	3.18295075e+02
880             	3.18295076e+02
881             	3.18295078e+02
882             	3.18295080e+02
883             	3.18295082e+02
884             	3.18295084e+02
885             	3.18295087e+02
886             	3.18295091e+02
887             	3.18295095e+02
888             	3.18295098e+02
889             	3.18295102e+02
890             	3.18295106e+02
891             	3.18295109e+02
892             	3.18295111e+02
893             	3.18295114e+02
894             	3.18295115e+02
895             	3.18295116e+02
896             	3.18295117e+02
897             	3.18295116e+02
898             	3.18295115e+02
899             	3.18295114e+02
900             	3.18295114e+02
901             	3.18295114e+02
902             	3.18295114e+02
903             	3.18295115e+02
904             	3.18295116e+02
905             	3.18295118e+02
906             	3.18295121e+02
907             	3.18295125e+02
908             	3.18295130e+02
909             	3.18295134e+02
910             	3.18295138e+02
911             	3.18295142e+02
912             	3.18295146e+02
913             	3.18295149e+02
914             	3.18295152e+02
915             	3.18295153e+02
916             	3.18295154e+02
917             	3.18295155e+02
918             	3.18295154e+02
919             	3.18295154e+02
920             	3.18295153e+02
921             	3.18295152e+02
922             	3.18295151e+02
923             	3.18295150e+02
924             	3.18295149e+02
925             	3.18295149e+02
926             	3.18295149e+02
927             	3.18295149e+02
928             	3.18295149e+02
929             	3.18295149e+02
930             	3.18295148e+02
931             	3.18295147e+02
932             	3.18295145e+02
933             	3.18295143e+02
934             	3.18295140e+02
935             	3.18295136e+02
936             	3.18295132e+02
937             	3.18295128e+02
938             	3.18295123e+02
939             	3.18295117e+02
940             	3.18295111e+02
941             	3.18295106e+02
942             	3.18295100e+02
943             	3.18295095e+02
944             	3.18295089e+02
945             	3.18295084e+02
946             	3.18295079e+02
947             	3.18295075e+02
948             	3.18295070e+02
949             	3.18295067e+02
950             	3.18295063e+02
951             	3.18295060e+02
952             	3.18295057e+02
953             	3.18295055e+02
954             	3.18295054e+02
955             	3.18295052e+02
956             	3.18295051e+02
957             	3.18295050e+02
958             	3.18295049e+02
959             	3.18295048e+02
960             	3.18295047e+02
961             	3.18295047e+02
962             	3.18295046e+02
963             	3.18295047e+02
964             	3.18295047e+02
965             	3.18295049e+02
966             	3.18295052e+02
967             	3.18295055e+02
968             	3.18295059e+02
969             	3.18295065e+02
970             	3.18295071e+02
971             	3.18295079e+02
972             	3.18295087e+02
973             	3.18295095e+02
974             	3.18295104e+02
975             	3.18295113e+02
976             	3.18295122e+02
977             	3.18295132e+02
978             	3.18295142e+02
979             	3.18295151e+02
980             	3.18295161e+02
981             	3.18295171e+02
982             	3.18295181e+02
983             	3.18295189e+02
984             	3.18295197e+02
985             	3.18295204e+02
986             	3.18295209e+02
987             	3.18295213e+02
988             	3.18295216e+02
989             	3.18295217e+02
990             	3.18295217e+02
991             	3.18295215e+02
992             	3.18295212e+02
993             	3.18295209e+02
994             	3.18295205e+02
995             	3.18295200e+02
996             	3.18295196e+02
997             	3.18295191e+02
998             	3.18295188e+02
999             	3.18295184e+02
1000            	3.18295180e+02
1001            	3.18295177e+02
1002            	3.18295175e+02
1003            	3.18295174e+02
1004            	3.18295173e+02
1005            	3.18295172e+02
1006            	3.18295172e+02
1007            	3.18295173e+02
1008            	3.18295175e+02
1009            	3.18295177e+02
1010            	3.18295179e+02
1011            	3.18295181e+02
1012            	3.18295183e+02
1013            	3.18295185e+02
1014            	3.18295187e+02
1015            	3.18295189e+02
1016            	3.18295191e+02
1017            	3.18295193e+02
1018            	3.18295195e+02
1019            	3.18295196e+02
1020            	3.18295197e+02
1021            	3.18295198e+02
1022            	3.18295198e+02
1023            	3.18295198e+02
1024            	3.18295197e+02
1025            	3.18295195e+02
1026            	3.18295193e+02
1027            	3.18295190e+02
1028            	3.18295186e+02
1029            	3.18295181e+02
1030            	3.18295176e+02
1031            	3.18295169e+02
1032            	3.18295163e+02
1033            	3.18295155e+02
1034            	3.18295147e+02
1035            	3.18295139e+02
1036            	3.18295130e+02
1037            	3.18295121e+02
1038            	3.18295112e+02
1039            	3.18295103e+02
1040            	3.18295093e+02
1041            	3.18295084e+02
1042            	3.18295075e+02
1043            	3.18295067e+02
1044            	3.18295059e+02
1045            	3.18295053e+02
1046            	3.18295047e+02
1047            	3.18295042e+02
1048            	3.18295038e+02
1049            	3.18295035e+02
1050            	3.18295034e+02
1051            	3.18295033e+02
1052            	3.18295034e+02
1053            	3.18295035e+02
1054            	3.18295037e+02
1055            	3.18295040e+02
1056            	3.18295044e+02
1057            	3.18295049e+02
1058            	3.18295054e+02
1059            	3.18295059e+02
1060            	3.18295065e+02
1061            	3.18295071e+02
1062            	3.18295077e+02
1063            	3.18295083e+02
1064            	3.18295089e+02
1065            	3.18295095e+02
1066            	3.18295101e+02
1067            	3.18295107e+02
1068            	3.18295113e+02
1069            	3.18295118e+02
1070            	3.18295122e+02
1071            	3.18295126e+02
1072            	3.18295129e+02
1073            	3.18295132e+02
1074            	3.18295134e+02
1075            	3.18295135e+02
1076            	3.18295135e+02
1077            	3.18295135e+02
1078            	3.18295135e+02
1079            	3.18295133e+02
1080            	3.18295132e+02
1081            	3.18295129e+02
1082            	3.18295127e+02
1083            	3.18295124e+02
1084            	3.18295121e+02
1085            	3.18295118e+02
1086            	3.18295115e+02
1087            	3.18295112e+02
1088            	3.18295110e+02
1089            	3.18295108e+02
1090            	3.18295106e+02
1091            	3.18295104e+02
1092            	3.18295103e+02
1093            	3.18295102e+02
1094            	3.18295101e+02
1095            	3.18295101e+02
1096            	3.18295101e+02
1097            	3.18295101e+02
1098            	3.18295101e+02
1099            	3.18295101e+02
1100            	3.18295102e+02
1101            	3.18295102e+02
1102            	3.18295101e+02
1103            	3.18295101e+02
1104            	3.18295101e+02
1105            	3.18295100e+02
1106            	3.18295100e+02
1107            	3.18295099e+02
1108            	3.18295098e+02
1109            	3.18295096e+02
1110            	3.18295095e+02
1111            	3.18295092e+02
1112            	3.18295089e+02
1113            	3.18295086e+02
1114            	3.18295081e+02
1115            	3.18295075e+02
1116            	3.18295069e+02
1117            	3.18295062e+02
1118            	3.18295055e+02
1119            	3.18295048e+02
1120            	3.18295041e+02
1121            	3.18295033e+02
1122            	3.18295026e+02
1123            	3.18295019e+02
1124            	3.18295013e+02
1125            	3.18295007e+02
1126            	3.18295002e+02
1127            	3.18294998e+02
1128            	3.18294995e+02
1129            	3.18294993e+02
1130            	3.18294991e+02
1131            	3.18294991e+02
1132            	3.18294992e+02
1133            	3.18294994e+02
1134            	3.18294997e+02
1135            	3.18295001e+02
1136            	3.18295006e+02
1137            	3.18295011e+02
1138            	3.18295018e+02
1139            	3.18295025e+02
1140            	3.18295033e+02
1141            	3.18295041e+02
1142            	3.18295051e+02
1143            	3.18295060e+02
1144            	3.18295070e+02
1145            	3.18295080e+02
1146            	3.18295090e+02
1147            	3.18295100e+02
1148            	3.18295110e+02
1149            	3.18295119e+02
1150            	3.18295128e+02
1151            	3.18295136e+02
1152            	3.18295143e+02
1153            	3.18295150e+02
1154            	3.18295156e+02
1155            	3.18295162e+02
1156            	3.18295167e+02
1157            	3.18295171e+02
1158            	3.18295174e+02
1159            	3.18295176e+02
1160            	3.18295177e+02
1161            	3.18295177e+02
1162            	3.18295177e+02
1163            	3.18295176e+02
1164            	3.18295175e+02
1165            	3.18295174e+02
1166            	3.18295172e+02
1167            	3.18295170e+02
1168            	3.18295167e+02
1169            	3.18295165e+02
1170            	3.18295162e+02
1171            	3.18295160e+02
1172            	3.18295157e+02
1173            	3.18295154e+02
1174            	3.18295152e+02
1175            	3.18295150e+02
1176            	3.18295149e+02
1177            	3.18295147e+02
1178            	3.18295147e+02
1179            	3.18295146e+02
1180            	3.18295146e+02
1181            	3.18295146e+02
1182            	3.18295147e+02
1183            	3.18295148e+02
1184            	3.18295149e+02
1185            	3.18295150e+02
1186            	3.18295151e+02
1187            	3.18295152e+02
1188            	3.18295154e+02
1189            	3.18295155e+02
1190            	3.18295156e+02
1191            	3.18295157e+02
1192            	3.18295157e+02
1193            	3.18295157e+02
1194            	3.18295157e+02
1195            	3.18295156e+02
1196            	3.18295156e+02
1197            	3.18295155e+02
1198            	3.18295153e+02
1199            	3.18295151e+02
1200            	3.18295149e+02
1201            	3.18295145e+02
1202            	3.18295142e+02
1203            	3.18295138e+02
1204            	3.18295133e+02
1205            	3.18295128e+02
1206            	3.18295123e+02
1207            	3.18295117e+02
1208            	3.18295111e+02
1209            	3.18295106e+02
1210            	3.18295100e+02
1211            	3.18295095e+02
1212            	3.18295090e+02
1213            	3.18295086e+02
1214            	3.18295082e+02
1215            	3.18295079e+02
1216            	3.18295077e+02
1217            	3.18295076e+02
1218            	3.18295076e+02
1219            	3.18295076e+02
1220            	3.18295077e+02
1221            	3.18295078e+02
1222            	3.18295081e+02
1223            	3.18295084e+02
1224            	3.18295087e+02
1225            	3.18295092e+02
1226            	3.18295097e+02
1227            	3.18295102e+02
1228            	3.18295108e+02
1229            	3.18295114e+02
1230            	3.18295121e+02
1231            	3.18295128e+02
1232            	3.18295134e+02
1233            	3.18295140e+02
1234            	3.18295147e+02
1235            	3.18295153e+02
1236            	3.18295159e+02
1237            	3.18295164e+02
1238            	3.18295170e+02
1239            	3.18295174e+02
1240            	3.18295178e+02
1241            	3.18295181e+02
1242            	3.18295183e+02
1243            	3.18295185e+02
1244            	3.18295186e+02
1245            	3.18295187e+02
1246            	3.18295188e+02
1247            	3.18295188e+02
1248            	3.18295187e+02
1249            	3.18295186e+02
1250            	3.18295185e+02
1251            	3.18295184e+02
1252            	3.18295183e+02
1253            	3.18295181e+02
1254            	3.18295180e+02
1255            	3.18295177e+02
1256            	3.18295175e+02
1257            	3.18295173e+02
1258            	3.18295170e+02
1259            	3.18295167e+02
1260            	3.18295165e+02
1261            	3.18295162e+02
1262            	3.18295159e+02
1263            	3.18295157e+02
1264            	3.18295154e+02
1265            	3.18295152e+02
1266            	3.18295150e+02
1267            	3.18295148e+02
1268            	3.18295146e+02
1269            	3.18295145e+02
1270            	3.18295144e+02
1271            	3.18295143e+02
1272            	3.18295142e+02
1273            	3.18295142e+02
1274            	3.18295141e+02
1275            	3.18295141e+02
1276            	3.18295141e+02
1277            	3.18295140e+02
1278            	3.18295140e+02
1279            	3.18295140e+02
1280            	3.18295140e+02
1281            	3.18295139e+02
1282            	3.18295139e+02
1283            	3.18295139e+02
1284            	3.18295139e+02
1285            	3.18295140e+02
1286            	3.18295140e+02
1287            	3.18295141e+02
1288            	3.18295141e+02
1289            	3.18295142e+02
1290            	3.18295143e+02
1291            	3.18295145e+02
1292            	3.18295146e+02
1293            	3.18295149e+02
1294            	3.18295151e+02
1295            	3.18295153e+02
1296            	3.18295156e+02
1297            	3.18295159e+02
1298            	3.18295161e+02
1299            	3.18295165e+02
1300            	3.18295168e+02
1301            	3.18295170e+02
1302            	3.18295173e+02
1303            	3.18295176e+02
1304            	3.18295179e+02
1305            	3.18295183e+02
1306            	3.18295186e+02
1307            	3.18295190e+02
1308            	3.18295193e+02
1309            	3.18295196e+02
1310            	3.18295199e+02
1311            	3.18295202e+02
1312            	3.18295203e+02
1313            	3.18295204e+02
1314            	3.18295204e+02
1315            	3.18295203e+02
1316            	3.18295201e+02
1317            	3.18295198e+02
1318            	3.18295194e+02
1319            	3.18295189e+02
1320            	3.18295183e+02
1321            	3.18295177e+02
1322            	3.18295170e+02
1323            	3.18295163e+02
1324            	3.18295156e+02
1325            	3.18295148e+02
1326            	3.18295140e+02
1327            	3.18295133e+02
1328            	3.18295126e+02
1329            	3.18295119e+02
1330            	3.18295112e+02
1331            	3.18295106e+02
1332            	3.18295101e+02
1333            	3.18295096e+02
1334            	3.18295092e+02
1335            	3.18295088e+02
1336            	3.18295085e+02
1337            	3.18295083e+02
1338            	3.18295082e+02
1339            	3.18295081e+02
1340            	3.18295081e+02
1341            	3.18295083e+02
1342            	3.18295085e+02
1343            	3.18295087e+02
1344            	3.18295091e+02
1345            	3.18295096e+02
1346            	3.18295101e+02
1347            	3.18295107e+02
1348            	3.18295114e+02
1349            	3.18295121e+02
1350            	3.18295128e+02
1351            	3.18295135e+02
1352            	3.18295141e+02
1353            	3.18295147e+02
1354            	3.18295153e+02
1355            	3.18295158e+02
1356            	3.18295162e+02
1357            	3.18295166e+02
1358            	3.18295168e+02
1359            	3.18295170e+02
1360            	3.18295170e+02
1361            	3.18295170e+02
1362            	3.18295169e+02
1363            	3.18295167e+02
1364            	3.18295165e+02
1365            	3.18295161e+02
1366            	3.18295158e+02
1367            	3.18295154e+02
1368            	3.18295150e+02
1369            	3.18295146e+02
1370            	3.18295142e+02
1371            	3.18295138e+02
1372            	3.18295133e+02
1373            	3.18295130e+02
1374            	3.18295126e+02
1375            	3.18295123e+02
1376            	3.18295121e+02
1377            	3.18295119e+02
1378            	3.18295118e+02
1379            	3.18295117e+02
1380            	3.18295116e+02
1381            	3.18295116e+02
1382            	3.18295116e+02
1383            	3.18295117e+02
1384            	3.18295119e+02
1385            	3.18295121e+02
1386            	3.18295124e+02
1387            	3.18295127e+02
1388            	3.18295131e+02
1389            	3.18295135e+02
1390            	3.18295140e+02
1391            	3.18295145e+02
1392            	3.18295150e+02
1393            	3.18295155e+02
1394            	3.18295161e+02
1395            	3.18295165e+02
1396            	3.18295170e+02
1397            	3.18295174e+02
1398            	3.18295177e+02
1399            	3.18295181e+02
1400            	3.18295183e+02
1401            	3.18295186e+02
1402            	3.18295188e+02
1403            	3.18295189e+02
1404            	3.18295190e+02
1405            	3.18295191e+02
1406            	3.18295192e+02
1407            	3.18295193e+02
1408            	3.18295192e+02
1409            	3.18295191e+02
1410            	3.18295190e+02
1411            	3.18295187e+02
1412            	3.18295184e+02
1413            	3.18295180e+02
1414            	3.18295176e+02
1415            	3.18295172e+02
1416            	3.18295168e+02
1417            	3.18295162e+02
1418            	3.18295157e+02
1419            	3.18295151e+02
1420            	3.18295146e+02
1421            	3.18295141e+02
1422            	3.18295136e+02
1423            	3.18295131e+02
1424            	3.18295125e+02
1425            	3.18295120e+02
1426            	3.18295117e+02
1427            	3.18295114e+02
1428            	3.18295111e+02
1429            	3.18295109e+02
1430            	3.18295109e+02
1431            	3.18295109e+02
1432            	3.18295110e+02
1433            	3.18295112e+02
1434            	3.18295115e+02
1435            	3.18295118e+02
1436            	3.18295122e+02
1437            	3.18295126e+02
1438            	3.18295130e+02
1439            	3.18295134e+02
1440            	3.18295139e+02
1441            	3.18295142e+02
1442            	3.18295146e+02
1443            	3.18295148e+02
1444            	3.18295150e+02
1445            	3.18295151e+02
1446            	3.18295151e+02
1447            	3.18295150e+02
1448            	3.18295149e+02
1449            	3.18295147e+02
1450            	3.18295145e+02
1451            	3.18295143e+02
1452            	3.18295141e+02
1453            	3.18295139e+02
1454            	3.18295137e+02
1455            	3.18295136e+02
1456            	3.18295135e+02
1457            	3.18295134e+02
1458            	3.18295133e+02
1459            	3.18295132e+02
1460            	3.18295132e+02
1461            	3.18295131e+02
1462            	3.18295130e+02
1463            	3.18295130e+02
1464            	3.18295130e+02
1465            	3.18295131e+02
1466            	3.18295132e+02
1467            	3.18295134e+02
1468            	3.18295136e+02
1469            	3.18295139e+02
1470            	3.18295143e+02
1471            	3.18295146e+02
1472            	3.18295149e+02
1473            	3.18295152e+02
1474            	3.18295154e+02
1475            	3.18295155e+02
1476            	3.18295156e+02
1477            	3.18295156e+02
1478            	3.18295156e+02
1479            	3.18295155e+02
1480            	3.18295155e+02
1481            	3.18295154e+02
1482            	3.18295153e+02
1483            	3.18295153e+02
1484            	3.18295152e+02
1485            	3.18295151e+02
1486            	3.18295151e+02
1487            	3.18295150e+02
1488            	3.18295150e+02
1489            	3.18295149e+02
1490            	3.18295148e+02
1491            	3.18295146e+02
1492            	3.18295145e+02
1493            	3.18295144e+02
1494            	3.18295142e+02
1495            	3.18295141e+02
1496            	3.18295140e+02
1497            	3.18295139e+02
1498            	3.18295138e+02
1499            	3.18295137e+02
1500            	3.18295137e+02
1501            	3.18295136e+02
1502            	3.18295136e+02
1503            	3.18295135e+02
1504            	3.18295135e+02
1505            	3.18295135e+02
1506            	3.18295135e+02
1507            	3.18295136e+02
1508            	3.18295137e+02
1509            	3.18295137e+02
1510            	3.18295138e+02
1511            	3.18295140e+02
1512            	3.18295141e+02
1513            	3.18295143e+02
1514            	3.18295144e+02
1515            	3.18295147e+02
1516            	3.18295150e+02
1517            	3.18295152e+02
1518            	3.18295155e+02
1519            	3.18295158e+02
1520            	3.18295162e+02
1521            	3.18295165e+02
1522            	3.18295168e+02
1523            	3.18295172e+02
1524            	3.18295175e+02
1525            	3.18295177e+02
1526            	3.18295179e+02
1527            	3.18295181e+02
1528            	3.18295182e+02
1529            	3.18295182e+02
1530            	3.18295182e+02
1531            	3.18295181e+02
1532            	3.18295179e+02
1533            	3.18295177e+02
1534            	3.18295174e+02
1535            	3.18295171e+02
1536            	3.18295167e+02
1537            	3.18295162e+02
1538            	3.18295157e+02
1539            	3.18295152e+02
1540            	3.18295147e+02
1541            	3.18295141e+02
1542            	3.18295136e+02
1543            	3.18295131e+02
1544            	3.18295126e+02
1545            	3.18295121e+02
1546            	3.18295116e+02
1547            	3.18295112e+02
1548            	3.18295109e+02
1549            	3.18295105e+02
1550            	3.18295102e+02
1551            	3.18295100e+02
1552            	3.18295099e+02
1553            	3.18295098e+02
1554            	3.18295097e+02
1555            	3.18295098e+02
1556            	3.18295099e+02
1557            	3.18295101e+02
1558            	3.18295103e+02
1559            	3.18295106e+02
1560            	3.18295110e+02
1561            	3.18295114e+02
1562            	3.18295118e+02
1563            	3.18295123e+02
1564            	3.18295128e+02
1565            	3.18295133e+02
1566            	3.18295137e+02
1567            	3.18295142e+02
1568            	3.18295146e+02
1569            	3.18295150e+02
1570            	3.18295153e+02
1571            	3.18295156e+02
1572            	3.18295158e+02
1573            	3.18295159e+02
1574            	3.18295159e+02
1575            	3.18295159e+02
1576            	3.18295158e+02
1577            	3.18295157e+02
1578            	3.18295155e+02
1579            	3.18295152e+02
1580            	3.18295150e+02
1581            	3.18295147e+02
1582            	3.18295144e+02
1583            	3.18295140e+02
1584            	3.18295137e+02
1585            	3.18295134e+02
1586            	3.18295131e+02
1587            	3.18295128e+02
1588            	3.18295125e+02
1589            	3.18295123e+02
1590            	3.18295121e+02
1591            	3.18295119e+02
1592            	3.18295117e+02
1593            	3.18295115e+02
1594            	3.18295113e+02
1595            	3.18295112e+02
1596            	3.18295111e+02
1597            	3.18295109e+02
1598            	3.18295107e+02
1599            	3.18295106e+02
1600            	3.18295104e+02
1601            	3.18295103e+02
1602            	3.18295103e+02
1603            	3.18295103e+02
1604            	3.18295104e+02
1605            	3.18295105e+02
1606            	3.18295107e+02
1607            	3.18295110e+02
1608            	3.18295113e+02
1609            	3.18295116e+02
1610            	3.18295120e+02
1611            	3.18295123e+02
1612            	3.18295127e+02
1613            	3.18295131e+02
1614            	3.18295135e+02
1615            	3.18295139e+02
1616            	3.18295143e+02
1617            	3.18295147e+02
1618            	3.18295151e+02
1619            	3.18295155e+02
1620            	3.18295158e+02
1621            	3.18295162e+02
1622            	3.18295165e+02
1623            	3.18295167e+02
1624            	3.18295170e+02
1625            	3.18295171e+02
1626            	3.18295172e+02
1627            	3.18295173e+02
1628            	3.18295173e+02
1629            	3.18295172e+02
1630            	3.18295171e+02
1631            	3.18295169e+02
1632            	3.18295167e+02
1633            	3.18295164e+02
1634            	3.18295161e+02
1635            	3.18295158e+02
1636            	3.18295155e+02
1637            	3.18295151e+02
1638            	3.18295147e+02
1639            	3.18295143e+02
1640            	3.18295139e+02
1641            	3.18295135e+02
1642            	3.18295131e+02
1643            	3.18295127e+02
1644            	3.18295123e+02
1645            	3.18295119e+02
1646            	3.18295116e+02
1647            	3.18295113e+02
1648            	3.18295111e+02
1649            	3.18295109e+02
1650            	3.18295107e+02
1651            	3.18295106e+02
1652            	3.18295105e+02
1653            	3.18295105e+02
1654            	3.18295105e+02
1655            	3.18295105e+02
1656            	3.18295106e+02
1657            	3.18295108e+02
1658            	3.18295110e+02
1659            	3.18295112e+02
1660            	3.18295115e+02
1661            	3.18295117e+02
1662            	3.18295120e+02
1663            	3.18295123e+02
1664            	3.18295126e+02
1665            	3.18295129e+02
1666            	3.18295132e+02
1667            	3.18295135e+02
1668            	3.18295138e+02
1669            	3.18295141e+02
1670            	3.18295144e+02
1671            	3.18295147e+02
1672            	3.18295150e+02
1673            	3.18295153e+02
1674            	3.18295156e+02
1675            	3.18295159e+02
1676            	3.18295162e+02
1677            	3.18295165e+02
1678            	3.18295168e+02
1679            	3.18295170e+02
1680            	3.18295172e+02
1681            	3.18295174e+02
1682            	3.18295175e+02
1683            	3.18295176e+02
1684            	3.18295177e+02
1685            	3.18295177e+02
1686            	3.18295177e+02
1687            	3.18295176e+02
1688            	3.18295175e+02
1689            	3.18295173e+02
1690            	3.18295171e+02
1691            	3.18295169e+02
1692            	3.18295166e+02
1693            	3.18295163e+02
1694            	3.18295159e+02
1695            	3.18295156e+02
1696            	3.18295152e+02
1697            	3.18295148e+02
1698            	3.18295144e+02
1699            	3.18295141e+02
1700            	3.18295137e+02
1701            	3.18295134e+02
1702            	3.18295130e+02
1703            	3.18295127e+02
1704            	3.18295123e+02
1705            	3.18295121e+02
1706            	3.18295118e+02
1707            	3.18295116e+02
1708            	3.18295114e+02
1709            	3.18295111e+02
1710            	3.18295108e+02
1711            	3.18295106e+02
1712            	3.18295104e+02
1713            	3.18295103e+02
1714            	3.18295101e+02
1715            	3.18295099e+02
1716            	3.18295098e+02
1717            	3.18295097e+02
1718            	3.18295097e+02
1719            	3.18295097e+02
1720            	3.18295097e+02
1721            	3.18295097e+02
1722            	3.18295098e+02
1723            	3.18295100e+02
1724            	3.18295102e+02
1725            	3.18295106e+02
1726            	3.18295110e+02
1727            	3.18295115e+02
1728            	3.18295120e+02
1729            	3.18295126e+02
1730            	3.18295131e+02
1731            	3.18295137e+02
1732            	3.18295143e+02
1733            	3.18295149e+02
1734            	3.18295154e+02
1735            	3.18295158e+02
1736            	3.18295161e+02
1737            	3.18295163e+02
1738            	3.18295165e+02
1739            	3.18295165e+02
1740            	3.18295163e+02
1741            	3.18295161e+02
1742            	3.18295158e+02
1743            	3.18295155e+02
1744            	3.18295152e+02
1745            	3.18295150e+02
1746            	3.18295148e+02
1747            	3.18295146e+02
1748            	3.18295144e+02
1749            	3.18295142e+02
1750            	3.18295141e+02
1751            	3.18295140e+02
1752            	3.18295139e+02
1753            	3.18295138e+02
1754            	3.18295137e+02
1755            	3.18295135e+02
1756            	3.18295134e+02
1757            	3.18295132e+02
1758            	3.18295130e+02
1759            	3.18295129e+02
1760            	3.18295128e+02
1761            	3.18295129e+02
1762            	3.18295129e+02
1763            	3.18295132e+02
1764            	3.18295136e+02
1765            	3.18295141e+02
1766            	3.18295147e+02
1767            	3.18295154e+02
1768            	3.18295161e+02
1769            	3.18295168e+02
1770            	3.18295174e+02
1771            	3.18295180e+02
1772            	3.18295185e+02
1773            	3.18295190e+02
1774            	3.18295194e+02
1775            	3.18295197e+02
1776            	3.18295199e+02
1777            	3.18295201e+02
1778            	3.18295202e+02
1779            	3.18295203e+02
1780            	3.18295204e+02
1781            	3.18295205e+02
1782            	3.18295206e+02
1783            	3.18295207e+02
1784            	3.18295207e+02
1785            	3.18295208e+02
1786            	3.18295207e+02
1787            	3.18295207e+02
1788            	3.18295205e+02
1789            	3.18295203e+02
1790            	3.18295200e+02
1791            	3.18295195e+02
1792            	3.18295189e+02
1793            	3.18295183e+02
1794            	3.18295177e+02
1795            	3.18295171e+02
1796            	3.18295165e+02
1797            	3.18295160e+02
1798            	3.18295156e+02
1799            	3.18295153e+02
1800            	3.18295151e+02
1801            	3.18295150e+02
1802            	3.18295151e+02
1803            	3.18295150e+02
1804            	3.18295149e+02
1805            	3.18295146e+02
1806            	3.18295141e+02
1807            	3.18295136e+02
1808            	3.18295132e+02
1809            	3.18295128e+02
1810            	3.18295124e+02
1811            	3.18295121e+02
1812            	3.18295122e+02
1813            	3.18295124e+02
1814            	3.18295129e+02
1815            	3.18295135e+02
1816            	3.18295141e+02
1817            	3.18295148e+02
1818            	3.18295154e+02
1819            	3.18295160e+02
1820            	3.18295163e+02
1821            	3.18295165e+02
1822            	3.18295165e+02
1823            	3.18295163e+02
1824            	3.18295161e+02
1825            	3.18295160e+02
1826            	3.18295158e+02
1827            	3.18295159e+02
1828            	3.18295160e+02
1829            	3.18295164e+02
1830            	3.18295170e+02
1831            	3.18295178e+02
1832            	3.18295186e+02
1833            	3.18295195e+02
1834            	3.18295204e+02
1835            	3.18295213e+02
1836            	3.18295221e+02
1837            	3.18295229e+02
1838            	3.18295236e+02
1839            	3.18295240e+02
1840            	3.18295244e+02
1841            	3.18295246e+02
1842            	3.18295246e+02
1843            	3.18295245e+02
1844            	3.18295244e+02
1845            	3.18295242e+02
1846            	3.18295239e+02
1847            	3.18295236e+02
1848            	3.18295232e+02
1849            	3.18295229e+02
1850            	3.18295227e+02
1851            	3.18295224e+02
1852            	3.18295221e+02
1853            	3.18295219e+02
1854            	3.18295217e+02
1855            	3.18295216e+02
1856            	3.18295214e+02
1857            	3.18295211e+02
1858            	3.18295208e+02
1859            	3.18295205e+02
1860            	3.18295201e+02
1861            	3.18295196e+02
1862            	3.18295191e+02
1863            	3.18295185e+02
1864            	3.18295179e+02
1865            	3.18295172e+02
1866            	3.18295166e+02
1867            	3.18295159e+02
1868            	3.18295152e+02
1869            	3.18295144e+02
1870            	3.18295136e+02
1871            	3.18295128e+02
1872            	3.18295121e+02
1873            	3.18295114e+02
1874            	3.18295108e+02
1875            	3.18295103e+02
1876            	3.18295099e+02
1877            	3.18295097e+02
1878            	3.18295096e+02
1879            	3.18295096e+02
1880            	3.18295098e+02
1881            	3.18295102e+02
1882            	3.18295105e+02
1883            	3.18295109e+02
1884            	3.18295113e+02
1885            	3.18295117e+02
1886            	3.18295120e+02
1887            	3.18295122e+02
1888            	3.18295124e+02
1889            	3.18295125e+02
1890            	3.18295126e+02
1891            	3.18295126e+02
1892            	3.18295126e+02
1893            	3.18295127e+02
1894            	3.18295127e+02
1895            	3.18295127e+02
1896            	3.18295128e+02
1897            	3.18295129e+02
1898            	3.18295130e+02
1899            	3.18295131e+02
1900            	3.18295132e+02
1901            	3.18295133e+02
1902            	3.18295134e+02
1903            	3.18295135e+02
1904            	3.18295136e+02
1905            	3.18295137e+02
1906            	3.18295139e+02
1907            	3.18295139e+02
1908            	3.18295140e+02
1909            	3.18295140e+02
1910            	3.18295141e+02
1911            	3.18295141e+02
1912            	3.18295141e+02
1913            	3.18295141e+02
1914            	3.18295141e+02
1915            	3.18295141e+02
1916            	3.18295142e+02
1917            	3.18295141e+02
1918            	3.18295141e+02
1919            	3.18295142e+02
1920            	3.18295143e+02
1921            	3.18295144e+02
1922            	3.18295145e+02
1923            	3.18295146e+02
1924            	3.18295147e+02
1925            	3.18295149e+02
1926            	3.18295150e+02
1927            	3.18295151e+02
1928            	3.18295151e+02
1929            	3.18295151e+02
1930            	3.18295151e+02
1931            	3.18295151e+02
1932            	3.18295150e+02
1933            	3.18295149e+02
1934            	3.18295148e+02
1935            	3.18295147e+02
1936            	3.18295146e+02
1937            	3.18295144e+02
1938            	3.18295143e+02
1939            	3.18295142e+02
1940            	3.18295141e+02
1941            	3.18295140e+02
1942            	3.18295139e+02
1943            	3.18295139e+02
1944            	3.18295138e+02
1945            	3.18295138e+02
1946            	3.18295138e+02
1947            	3.18295138e+02
1948            	3.18295138e+02
1949            	3.18295138e+02
1950            	3.18295138e+02
1951            	3.18295137e+02
1952            	3.18295136e+02
1953            	3.18295134e+02
1954            	3.18295132e+02
1955            	3.18295130e+02
1956            	3.18295128e+02
1957            	3.18295125e+02
1958            	3.18295122e+02
1959            	3.18295118e+02
1960            	3.18295115e+02
1961            	3.18295112e+02
1962            	3.18295108e+02
1963            	3.18295106e+02
1964            	3.18295102e+02
1965            	3.18295099e+02
1966            	3.18295096e+02
1967            	3.18295092e+02
1968            	3.18295089e+02
1969            	3.18295086e+02
1970            	3.18295083e+02
1971            	3.18295081e+02
1972            	3.18295080e+02
1973            	3.18295079e+02
1974            	3.18295079e+02
1975            	3.18295079e+02
1976            	3.18295080e+02
1977            	3.18295081e+02
1978            	3.18295083e+02
1979            	3.18295085e+02
1980            	3.18295088e+02
1981            	3.18295091e+02
1982            	3.18295096e+02
1983            	3.18295101e+02
1984            	3.18295107e+02
1985            	3.18295113e+02
1986            	3.18295120e+02
1987            	3.18295127e+02
1988            	3.18295135e+02
1989            	3.18295143e+02
1990            	3.18295151e+02
1991            	3.18295158e+02
1992            	3.18295166e+02
1993            	3.18295172e+02
1994            	3.18295179e+02
1995            	3.18295184e+02
1996            	3.18295189e+02
1997            	3.18295193e+02
1998            	3.18295197e+02
1999            	3.18295200e+02
2000            	3.18295202e+02
