# Region        : cellZone component_3
# Cells         : 315
# Volume        : 6.75033538e-01
# Time          	volAverage(T)
1               	3.00355358e+02
2               	3.00703418e+02
3               	3.00984359e+02
4               	3.01220763e+02
5               	3.01452879e+02
6               	3.01691731e+02
7               	3.01927705e+02
8               	3.02154375e+02
9               	3.02373866e+02
10              	3.02587058e+02
11              	3.02795405e+02
12              	3.02998900e+02
13              	3.03198284e+02
14              	3.03390858e+02
15              	3.03577372e+02
16              	3.03762669e+02
17              	3.03944943e+02
18              	3.04118283e+02
19              	3.04282651e+02
20              	3.04437980e+02
21              	3.04587709e+02
22              	3.04732043e+02
23              	3.04871577e+02
24              	3.05013184e+02
25              	3.05143484e+02
26              	3.05258192e+02
27              	3.05366714e+02
28              	3.05474199e+02
29              	3.05586182e+02
30              	3.05699564e+02
31              	3.05809414e+02
32              	3.05915543e+02
33              	3.06019036e+02
34              	3.06119494e+02
35              	3.06212612e+02
36              	3.06299020e+02
37              	3.06379363e+02
38              	3.06456744e+02
39              	3.06528024e+02
40              	3.06590554e+02
41              	3.06643718e+02
42              	3.06688203e+02
43              	3.06740813e+02
44              	3.06799757e+02
45              	3.06849858e+02
46              	3.06869914e+02
47              	3.06859193e+02
48              	3.06855694e+02
49              	3.06866023e+02
50              	3.06888682e+02
51              	3.06913860e+02
52              	3.06934137e+02
53              	3.06951113e+02
54              	3.06969147e+02
55              	3.06989123e+02
56              	3.07016535e+02
57              	3.07043521e+02
58              	3.07070339e+02
59              	3.07089397e+02
60              	3.07097064e+02
61              	3.07099148e+02
62              	3.07101196e+02
63              	3.07103527e+02
64              	3.07101901e+02
65              	3.07097347e+02
66              	3.07091883e+02
67              	3.07085376e+02
68              	3.07090301e+02
69              	3.07095666e+02
70              	3.07095872e+02
71              	3.07097789e+02
72              	3.07099860e+02
73              	3.07105069e+02
74              	3.07110254e+02
75              	3.07113831e+02
76              	3.07114740e+02
77              	3.07112811e+02
78              	3.07109534e+02
79              	3.07106388e+02
80              	3.07104010e+02
81              	3.07101704e+02
82              	3.07100581e+02
83              	3.07101619e+02
84              	3.07103494e+02
85              	3.07106232e+02
86              	3.07110788e+02
87              	3.07116480e+02
88              	3.07122937e+02
89              	3.07129397e+02
90              	3.07134533e+02
91              	3.07137623e+02
92              	3.07139217e+02
93              	3.07140156e+02
94              	3.07141429e+02
95              	3.07142644e+02
96              	3.07145060e+02
97              	3.07148034e+02
98              	3.07149583e+02
99              	3.07150079e+02
100             	3.07149686e+02
101             	3.07148053e+02
102             	3.07145061e+02
103             	3.07141132e+02
104             	3.07136307e+02
105             	3.07131590e+02
106             	3.07127141e+02
107             	3.07124546e+02
108             	3.07123829e+02
109             	3.07123713e+02
110             	3.07124516e+02
111             	3.07125584e+02
112             	3.07126275e+02
113             	3.07126287e+02
114             	3.07125771e+02
115             	3.07123796e+02
116             	3.07120371e+02
117             	3.07116940e+02
118             	3.07113409e+02
119             	3.07109625e+02
120             	3.07106042e+02
121             	3.07103098e+02
122             	3.07100924e+02
123             	3.07099430e+02
124             	3.07097820e+02
125             	3.07095596e+02
126             	3.07093132e+02
127             	3.07090566e+02
128             	3.07087716e+02
129             	3.07084681e+02
130             	3.07082036e+02
131             	3.07080060e+02
132             	3.07078818e+02
133             	3.07078237e+02
134             	3.07078326e+02
135             	3.07078708e+02
136             	3.07079284e+02
137             	3.07079715e+02
138             	3.07079769e+02
139             	3.07079187e+02
140             	3.07077787e+02
141             	3.07075688e+02
142             	3.07073110e+02
143             	3.07070148e+02
144             	3.07067051e+02
145             	3.07064240e+02
146             	3.07062008e+02
147             	3.07060458e+02
148             	3.07059553e+02
149             	3.07059281e+02
150             	3.07059359e+02
151             	3.07059870e+02
152             	3.07060350e+02
153             	3.07060661e+02
154             	3.07060758e+02
155             	3.07060298e+02
156             	3.07059568e+02
157             	3.07058493e+02
158             	3.07057119e+02
159             	3.07055580e+02
160             	3.07054164e+02
161             	3.07052792e+02
162             	3.07051479e+02
163             	3.07050360e+02
164             	3.07049676e+02
165             	3.07049287e+02
166             	3.07049135e+02
167             	3.07049323e+02
168             	3.07049705e+02
169             	3.07050198e+02
170             	3.07050735e+02
171             	3.07051240e+02
172             	3.07051725e+02
173             	3.07052219e+02
174             	3.07052720e+02
175             	3.07053201e+02
176             	3.07053718e+02
177             	3.07054224e+02
178             	3.07054630e+02
179             	3.07054939e+02
180             	3.07055317e+02
181             	3.07055746e+02
182             	3.07056155e+02
183             	3.07056508e+02
184             	3.07056834e+02
185             	3.07057123e+02
186             	3.07057410e+02
187             	3.07057631e+02
188             	3.07057746e+02
189             	3.07057745e+02
190             	3.07057669e+02
191             	3.07057542e+02
192             	3.07057373e+02
193             	3.07057170e+02
194             	3.07056968e+02
195             	3.07056800e+02
196             	3.07056737e+02
197             	3.07056767e+02
198             	3.07056877e+02
199             	3.07057121e+02
200             	3.07057452e+02
201             	3.07057814e+02
202             	3.07058234e+02
203             	3.07058703e+02
204             	3.07059051e+02
205             	3.07059382e+02
206             	3.07059718e+02
207             	3.07060060e+02
208             	3.07060387e+02
209             	3.07060700e+02
210             	3.07061014e+02
211             	3.07061344e+02
212             	3.07061696e+02
213             	3.07062053e+02
214             	3.07062407e+02
215             	3.07062750e+02
216             	3.07063087e+02
217             	3.07063417e+02
218             	3.07063747e+02
219             	3.07064070e+02
220             	3.07064437e+02
221             	3.07064809e+02
222             	3.07065197e+02
223             	3.07065611e+02
224             	3.07066059e+02
225             	3.07066529e+02
226             	3.07067027e+02
227             	3.07067535e+02
228             	3.07068012e+02
229             	3.07068444e+02
230             	3.07068855e+02
231             	3.07069247e+02
232             	3.07069611e+02
233             	3.07070016e+02
234             	3.07070344e+02
235             	3.07070647e+02
236             	3.07070931e+02
237             	3.07071196e+02
238             	3.07071433e+02
239             	3.07071648e+02
240             	3.07071855e+02
241             	3.07072061e+02
242             	3.07072263e+02
243             	3.07072449e+02
244             	3.07072622e+02
245             	3.07072793e+02
246             	3.07072976e+02
247             	3.07073177e+02
248             	3.07073401e+02
249             	3.07073654e+02
250             	3.07073952e+02
251             	3.07074269e+02
252             	3.07074609e+02
253             	3.07074986e+02
254             	3.07075383e+02
255             	3.07075784e+02
256             	3.07076225e+02
257             	3.07076699e+02
258             	3.07077174e+02
259             	3.07077637e+02
260             	3.07078091e+02
261             	3.07078539e+02
262             	3.07078980e+02
263             	3.07079413e+02
264             	3.07079839e+02
265             	3.07080262e+02
266             	3.07080686e+02
267             	3.07081113e+02
268             	3.07081545e+02
269             	3.07081978e+02
270             	3.07082390e+02
271             	3.07082797e+02
272             	3.07083175e+02
273             	3.07083523e+02
274             	3.07083821e+02
275             	3.07084075e+02
276             	3.07084283e+02
277             	3.07084468e+02
278             	3.07084630e+02
279             	3.07084777e+02
280             	3.07084923e+02
281             	3.07085063e+02
282             	3.07085232e+02
283             	3.07085462e+02
284             	3.07085729e+02
285             	3.07086042e+02
286             	3.07086399e+02
287             	3.07086797e+02
288             	3.07087225e+02
289             	3.07087657e+02
290             	3.07088055e+02
291             	3.07088363e+02
292             	3.07088623e+02
293             	3.07088859e+02
294             	3.07089040e+02
295             	3.07089179e+02
296             	3.07089286e+02
297             	3.07089369e+02
298             	3.07089432e+02
299             	3.07089488e+02
300             	3.07089552e+02
301             	3.07089622e+02
302             	3.07089687e+02
303             	3.07089748e+02
304             	3.07089805e+02
305             	3.07089865e+02
306             	3.07089934e+02
307             	3.07090012e+02
308             	3.07090100e+02
309             	3.07090198e+02
310             	3.07090306e+02
311             	3.07090428e+02
312             	3.07090558e+02
313             	3.07090688e+02
314             	3.07090810e+02
315             	3.07090964e+02
316             	3.07091101e+02
317             	3.07091225e+02
318             	3.07091353e+02
319             	3.07091500e+02
320             	3.07091690e+02
321             	3.07091897e+02
322             	3.07092108e+02
323             	3.07092323e+02
324             	3.07092551e+02
325             	3.07092792e+02
326             	3.07093042e+02
327             	3.07093289e+02
328             	3.07093529e+02
329             	3.07093765e+02
330             	3.07093998e+02
331             	3.07094229e+02
332             	3.07094458e+02
333             	3.07094684e+02
334             	3.07094914e+02
335             	3.07095149e+02
336             	3.07095386e+02
337             	3.07095626e+02
338             	3.07095876e+02
339             	3.07096125e+02
340             	3.07096383e+02
341             	3.07096652e+02
342             	3.07096876e+02
343             	3.07097076e+02
344             	3.07097260e+02
345             	3.07097417e+02
346             	3.07097545e+02
347             	3.07097648e+02
348             	3.07097734e+02
349             	3.07097803e+02
350             	3.07097857e+02
351             	3.07097899e+02
352             	3.07097928e+02
353             	3.07097945e+02
354             	3.07097949e+02
355             	3.07097939e+02
356             	3.07097913e+02
357             	3.07097871e+02
358             	3.07097827e+02
359             	3.07097768e+02
360             	3.07097731e+02
361             	3.07097694e+02
362             	3.07097663e+02
363             	3.07097644e+02
364             	3.07097650e+02
365             	3.07097665e+02
366             	3.07097695e+02
367             	3.07097732e+02
368             	3.07097788e+02
369             	3.07097859e+02
370             	3.07097942e+02
371             	3.07098031e+02
372             	3.07098129e+02
373             	3.07098232e+02
374             	3.07098341e+02
375             	3.07098454e+02
376             	3.07098571e+02
377             	3.07098690e+02
378             	3.07098813e+02
379             	3.07098945e+02
380             	3.07099090e+02
381             	3.07099252e+02
382             	3.07099435e+02
383             	3.07099639e+02
384             	3.07099865e+02
385             	3.07100107e+02
386             	3.07100333e+02
387             	3.07100556e+02
388             	3.07100779e+02
389             	3.07100988e+02
390             	3.07101165e+02
391             	3.07101318e+02
392             	3.07101452e+02
393             	3.07101569e+02
394             	3.07101668e+02
395             	3.07101747e+02
396             	3.07101805e+02
397             	3.07101846e+02
398             	3.07101898e+02
399             	3.07101932e+02
400             	3.07101963e+02
401             	3.07101993e+02
402             	3.07102022e+02
403             	3.07102052e+02
404             	3.07102076e+02
405             	3.07102089e+02
406             	3.07102090e+02
407             	3.07102071e+02
408             	3.07102025e+02
409             	3.07101963e+02
410             	3.07101880e+02
411             	3.07101810e+02
412             	3.07101734e+02
413             	3.07101651e+02
414             	3.07101570e+02
415             	3.07101497e+02
416             	3.07101472e+02
417             	3.07101504e+02
418             	3.07101567e+02
419             	3.07101677e+02
420             	3.07101852e+02
421             	3.07102077e+02
422             	3.07102320e+02
423             	3.07102564e+02
424             	3.07102815e+02
425             	3.07103061e+02
426             	3.07103294e+02
427             	3.07103506e+02
428             	3.07103701e+02
429             	3.07103880e+02
430             	3.07104038e+02
431             	3.07104172e+02
432             	3.07104283e+02
433             	3.07104373e+02
434             	3.07104447e+02
435             	3.07104501e+02
436             	3.07104550e+02
437             	3.07104598e+02
438             	3.07104637e+02
439             	3.07104662e+02
440             	3.07104675e+02
441             	3.07104679e+02
442             	3.07104674e+02
443             	3.07104660e+02
444             	3.07104638e+02
445             	3.07104608e+02
446             	3.07104574e+02
447             	3.07104536e+02
448             	3.07104495e+02
449             	3.07104453e+02
450             	3.07104410e+02
451             	3.07104371e+02
452             	3.07104336e+02
453             	3.07104304e+02
454             	3.07104275e+02
455             	3.07104244e+02
456             	3.07104207e+02
457             	3.07104164e+02
458             	3.07104121e+02
459             	3.07104078e+02
460             	3.07104025e+02
461             	3.07103965e+02
462             	3.07103900e+02
463             	3.07103831e+02
464             	3.07103761e+02
465             	3.07103730e+02
466             	3.07103703e+02
467             	3.07103677e+02
468             	3.07103669e+02
469             	3.07103686e+02
470             	3.07103726e+02
471             	3.07103782e+02
472             	3.07103850e+02
473             	3.07103919e+02
474             	3.07103993e+02
475             	3.07104069e+02
476             	3.07104154e+02
477             	3.07104247e+02
478             	3.07104348e+02
479             	3.07104457e+02
480             	3.07104602e+02
481             	3.07104741e+02
482             	3.07104867e+02
483             	3.07104962e+02
484             	3.07105027e+02
485             	3.07105065e+02
486             	3.07105056e+02
487             	3.07105001e+02
488             	3.07104907e+02
489             	3.07104781e+02
490             	3.07104636e+02
491             	3.07104503e+02
492             	3.07104339e+02
493             	3.07104177e+02
494             	3.07104048e+02
495             	3.07103955e+02
496             	3.07103898e+02
497             	3.07103858e+02
498             	3.07103832e+02
499             	3.07103830e+02
500             	3.07103842e+02
501             	3.07103860e+02
502             	3.07103888e+02
503             	3.07103918e+02
504             	3.07103973e+02
505             	3.07104058e+02
506             	3.07104155e+02
507             	3.07104217e+02
508             	3.07104275e+02
509             	3.07104332e+02
510             	3.07104389e+02
511             	3.07104441e+02
512             	3.07104492e+02
513             	3.07104545e+02
514             	3.07104594e+02
515             	3.07104632e+02
516             	3.07104650e+02
517             	3.07104633e+02
518             	3.07104585e+02
519             	3.07104518e+02
520             	3.07104438e+02
521             	3.07104350e+02
522             	3.07104256e+02
523             	3.07104161e+02
524             	3.07104076e+02
525             	3.07104006e+02
526             	3.07103973e+02
527             	3.07104001e+02
528             	3.07104065e+02
529             	3.07104173e+02
530             	3.07104340e+02
531             	3.07104559e+02
532             	3.07104816e+02
533             	3.07105049e+02
534             	3.07105266e+02
535             	3.07105397e+02
536             	3.07105411e+02
537             	3.07105341e+02
538             	3.07105169e+02
539             	3.07104904e+02
540             	3.07104574e+02
541             	3.07104268e+02
542             	3.07104015e+02
543             	3.07103830e+02
544             	3.07103779e+02
545             	3.07103873e+02
546             	3.07104073e+02
547             	3.07104326e+02
548             	3.07104619e+02
549             	3.07104851e+02
550             	3.07105014e+02
551             	3.07105104e+02
552             	3.07105138e+02
553             	3.07105133e+02
554             	3.07105135e+02
555             	3.07105109e+02
556             	3.07105109e+02
557             	3.07105160e+02
558             	3.07105248e+02
559             	3.07105348e+02
560             	3.07105479e+02
561             	3.07105645e+02
562             	3.07105809e+02
563             	3.07105956e+02
564             	3.07106082e+02
565             	3.07106182e+02
566             	3.07106245e+02
567             	3.07106274e+02
568             	3.07106286e+02
569             	3.07106284e+02
570             	3.07106269e+02
571             	3.07106261e+02
572             	3.07106281e+02
573             	3.07106337e+02
574             	3.07106412e+02
575             	3.07106487e+02
576             	3.07106559e+02
577             	3.07106622e+02
578             	3.07106682e+02
579             	3.07106746e+02
580             	3.07106807e+02
581             	3.07106851e+02
582             	3.07106861e+02
583             	3.07106855e+02
584             	3.07106827e+02
585             	3.07106778e+02
586             	3.07106707e+02
587             	3.07106615e+02
588             	3.07106499e+02
589             	3.07106359e+02
590             	3.07106196e+02
591             	3.07106010e+02
592             	3.07105805e+02
593             	3.07105622e+02
594             	3.07105450e+02
595             	3.07105353e+02
596             	3.07105277e+02
597             	3.07105227e+02
598             	3.07105222e+02
599             	3.07105278e+02
600             	3.07105363e+02
601             	3.07105480e+02
602             	3.07105633e+02
603             	3.07105798e+02
604             	3.07105961e+02
605             	3.07106059e+02
606             	3.07106147e+02
607             	3.07106202e+02
608             	3.07106217e+02
609             	3.07106201e+02
610             	3.07106169e+02
611             	3.07106131e+02
612             	3.07106088e+02
613             	3.07106055e+02
614             	3.07106037e+02
615             	3.07106034e+02
616             	3.07106049e+02
617             	3.07106082e+02
618             	3.07106132e+02
619             	3.07106188e+02
620             	3.07106260e+02
621             	3.07106347e+02
622             	3.07106436e+02
623             	3.07106526e+02
624             	3.07106621e+02
625             	3.07106723e+02
626             	3.07106829e+02
627             	3.07106935e+02
628             	3.07107037e+02
629             	3.07107129e+02
630             	3.07107203e+02
631             	3.07107247e+02
632             	3.07107257e+02
633             	3.07107229e+02
634             	3.07107174e+02
635             	3.07107091e+02
636             	3.07106971e+02
637             	3.07106814e+02
638             	3.07106631e+02
639             	3.07106462e+02
640             	3.07106294e+02
641             	3.07106116e+02
642             	3.07105938e+02
643             	3.07105765e+02
644             	3.07105599e+02
645             	3.07105439e+02
646             	3.07105293e+02
647             	3.07105162e+02
648             	3.07105109e+02
649             	3.07105123e+02
650             	3.07105185e+02
651             	3.07105308e+02
652             	3.07105511e+02
653             	3.07105771e+02
654             	3.07106059e+02
655             	3.07106349e+02
656             	3.07106553e+02
657             	3.07106682e+02
658             	3.07106747e+02
659             	3.07106715e+02
660             	3.07106598e+02
661             	3.07106420e+02
662             	3.07106277e+02
663             	3.07106133e+02
664             	3.07105995e+02
665             	3.07105888e+02
666             	3.07105818e+02
667             	3.07105784e+02
668             	3.07105778e+02
669             	3.07105768e+02
670             	3.07105749e+02
671             	3.07105725e+02
672             	3.07105705e+02
673             	3.07105688e+02
674             	3.07105679e+02
675             	3.07105686e+02
676             	3.07105722e+02
677             	3.07105787e+02
678             	3.07105879e+02
679             	3.07105994e+02
680             	3.07106127e+02
681             	3.07106232e+02
682             	3.07106335e+02
683             	3.07106380e+02
684             	3.07106395e+02
685             	3.07106368e+02
686             	3.07106298e+02
687             	3.07106181e+02
688             	3.07106024e+02
689             	3.07105869e+02
690             	3.07105702e+02
691             	3.07105594e+02
692             	3.07105509e+02
693             	3.07105452e+02
694             	3.07105436e+02
695             	3.07105443e+02
696             	3.07105463e+02
697             	3.07105478e+02
698             	3.07105505e+02
699             	3.07105556e+02
700             	3.07105626e+02
701             	3.07105702e+02
702             	3.07105788e+02
703             	3.07105898e+02
704             	3.07106036e+02
705             	3.07106194e+02
706             	3.07106361e+02
707             	3.07106525e+02
708             	3.07106679e+02
709             	3.07106822e+02
710             	3.07106913e+02
711             	3.07106941e+02
712             	3.07106934e+02
713             	3.07106872e+02
714             	3.07106754e+02
715             	3.07106591e+02
716             	3.07106439e+02
717             	3.07106269e+02
718             	3.07106097e+02
719             	3.07105923e+02
720             	3.07105754e+02
721             	3.07105576e+02
722             	3.07105391e+02
723             	3.07105201e+02
724             	3.07105019e+02
725             	3.07104855e+02
726             	3.07104698e+02
727             	3.07104585e+02
728             	3.07104503e+02
729             	3.07104464e+02
730             	3.07104470e+02
731             	3.07104517e+02
732             	3.07104595e+02
733             	3.07104699e+02
734             	3.07104825e+02
735             	3.07104969e+02
736             	3.07105127e+02
737             	3.07105298e+02
738             	3.07105479e+02
739             	3.07105662e+02
740             	3.07105848e+02
741             	3.07106000e+02
742             	3.07106133e+02
743             	3.07106250e+02
744             	3.07106338e+02
745             	3.07106390e+02
746             	3.07106413e+02
747             	3.07106411e+02
748             	3.07106393e+02
749             	3.07106360e+02
750             	3.07106317e+02
751             	3.07106269e+02
752             	3.07106257e+02
753             	3.07106273e+02
754             	3.07106310e+02
755             	3.07106376e+02
756             	3.07106476e+02
757             	3.07106596e+02
758             	3.07106737e+02
759             	3.07106877e+02
760             	3.07106994e+02
761             	3.07107082e+02
762             	3.07107148e+02
763             	3.07107158e+02
764             	3.07107129e+02
765             	3.07107068e+02
766             	3.07106987e+02
767             	3.07106893e+02
768             	3.07106796e+02
769             	3.07106694e+02
770             	3.07106585e+02
771             	3.07106458e+02
772             	3.07106308e+02
773             	3.07106121e+02
774             	3.07105915e+02
775             	3.07105698e+02
776             	3.07105507e+02
777             	3.07105384e+02
778             	3.07105288e+02
779             	3.07105236e+02
780             	3.07105242e+02
781             	3.07105309e+02
782             	3.07105409e+02
783             	3.07105506e+02
784             	3.07105626e+02
785             	3.07105768e+02
786             	3.07105917e+02
787             	3.07106063e+02
788             	3.07106212e+02
789             	3.07106366e+02
790             	3.07106520e+02
791             	3.07106666e+02
792             	3.07106807e+02
793             	3.07106944e+02
794             	3.07107073e+02
795             	3.07107185e+02
796             	3.07107274e+02
797             	3.07107338e+02
798             	3.07107382e+02
799             	3.07107408e+02
800             	3.07107435e+02
801             	3.07107495e+02
802             	3.07107537e+02
803             	3.07107581e+02
804             	3.07107645e+02
805             	3.07107713e+02
806             	3.07107807e+02
807             	3.07107921e+02
808             	3.07108030e+02
809             	3.07108117e+02
810             	3.07108177e+02
811             	3.07108209e+02
812             	3.07108212e+02
813             	3.07108184e+02
814             	3.07108118e+02
815             	3.07108013e+02
816             	3.07107894e+02
817             	3.07107762e+02
818             	3.07107630e+02
819             	3.07107494e+02
820             	3.07107333e+02
821             	3.07107134e+02
822             	3.07106965e+02
823             	3.07106786e+02
824             	3.07106591e+02
825             	3.07106380e+02
826             	3.07106191e+02
827             	3.07106005e+02
828             	3.07105849e+02
829             	3.07105725e+02
830             	3.07105636e+02
831             	3.07105596e+02
832             	3.07105599e+02
833             	3.07105595e+02
834             	3.07105650e+02
835             	3.07105758e+02
836             	3.07105891e+02
837             	3.07106037e+02
838             	3.07106195e+02
839             	3.07106365e+02
840             	3.07106547e+02
841             	3.07106739e+02
842             	3.07106935e+02
843             	3.07107098e+02
844             	3.07107275e+02
845             	3.07107478e+02
846             	3.07107651e+02
847             	3.07107793e+02
848             	3.07107907e+02
849             	3.07107990e+02
850             	3.07108028e+02
851             	3.07108032e+02
852             	3.07108007e+02
853             	3.07107952e+02
854             	3.07107868e+02
855             	3.07107760e+02
856             	3.07107630e+02
857             	3.07107483e+02
858             	3.07107324e+02
859             	3.07107166e+02
860             	3.07107016e+02
861             	3.07106874e+02
862             	3.07106742e+02
863             	3.07106622e+02
864             	3.07106515e+02
865             	3.07106417e+02
866             	3.07106329e+02
867             	3.07106233e+02
868             	3.07106157e+02
869             	3.07106092e+02
870             	3.07106044e+02
871             	3.07105993e+02
872             	3.07105951e+02
873             	3.07105925e+02
874             	3.07105910e+02
875             	3.07105906e+02
876             	3.07105911e+02
877             	3.07105922e+02
878             	3.07105942e+02
879             	3.07105970e+02
880             	3.07106003e+02
881             	3.07106039e+02
882             	3.07106077e+02
883             	3.07106119e+02
884             	3.07106163e+02
885             	3.07106208e+02
886             	3.07106254e+02
887             	3.07106295e+02
888             	3.07106333e+02
889             	3.07106370e+02
890             	3.07106406e+02
891             	3.07106445e+02
892             	3.07106487e+02
893             	3.07106535e+02
894             	3.07106591e+02
895             	3.07106627e+02
896             	3.07106651e+02
897             	3.07106678e+02
898             	3.07106700e+02
899             	3.07106707e+02
900             	3.07106695e+02
901             	3.07106668e+02
902             	3.07106632e+02
903             	3.07106586e+02
904             	3.07106526e+02
905             	3.07106451e+02
906             	3.07106361e+02
907             	3.07106260e+02
908             	3.07106153e+02
909             	3.07106043e+02
910             	3.07105938e+02
911             	3.07105837e+02
912             	3.07105740e+02
913             	3.07105636e+02
914             	3.07105569e+02
915             	3.07105513e+02
916             	3.07105470e+02
917             	3.07105437e+02
918             	3.07105423e+02
919             	3.07105439e+02
920             	3.07105485e+02
921             	3.07105549e+02
922             	3.07105621e+02
923             	3.07105707e+02
924             	3.07105814e+02
925             	3.07105937e+02
926             	3.07106070e+02
927             	3.07106208e+02
928             	3.07106351e+02
929             	3.07106500e+02
930             	3.07106650e+02
931             	3.07106812e+02
932             	3.07106985e+02
933             	3.07107172e+02
934             	3.07107368e+02
935             	3.07107529e+02
936             	3.07107699e+02
937             	3.07107872e+02
938             	3.07108028e+02
939             	3.07108164e+02
940             	3.07108287e+02
941             	3.07108393e+02
942             	3.07108473e+02
943             	3.07108528e+02
944             	3.07108561e+02
945             	3.07108573e+02
946             	3.07108561e+02
947             	3.07108520e+02
948             	3.07108451e+02
949             	3.07108362e+02
950             	3.07108285e+02
951             	3.07108189e+02
952             	3.07108083e+02
953             	3.07107975e+02
954             	3.07107867e+02
955             	3.07107751e+02
956             	3.07107620e+02
957             	3.07107470e+02
958             	3.07107298e+02
959             	3.07107116e+02
960             	3.07106946e+02
961             	3.07106783e+02
962             	3.07106619e+02
963             	3.07106473e+02
964             	3.07106363e+02
965             	3.07106288e+02
966             	3.07106234e+02
967             	3.07106196e+02
968             	3.07106180e+02
969             	3.07106191e+02
970             	3.07106215e+02
971             	3.07106288e+02
972             	3.07106383e+02
973             	3.07106508e+02
974             	3.07106653e+02
975             	3.07106809e+02
976             	3.07106959e+02
977             	3.07107093e+02
978             	3.07107218e+02
979             	3.07107330e+02
980             	3.07107424e+02
981             	3.07107510e+02
982             	3.07107567e+02
983             	3.07107602e+02
984             	3.07107630e+02
985             	3.07107643e+02
986             	3.07107645e+02
987             	3.07107639e+02
988             	3.07107627e+02
989             	3.07107612e+02
990             	3.07107598e+02
991             	3.07107584e+02
992             	3.07107570e+02
993             	3.07107555e+02
994             	3.07107540e+02
995             	3.07107523e+02
996             	3.07107502e+02
997             	3.07107476e+02
998             	3.07107444e+02
999             	3.07107402e+02
1000            	3.07107352e+02
1001            	3.07107293e+02
1002            	3.07107229e+02
1003            	3.07107161e+02
1004            	3.07107095e+02
1005            	3.07107036e+02
1006            	3.07106980e+02
1007            	3.07106929e+02
1008            	3.07106884e+02
1009            	3.07106845e+02
1010            	3.07106808e+02
1011            	3.07106767e+02
1012            	3.07106720e+02
1013            	3.07106654e+02
1014            	3.07106594e+02
1015            	3.07106533e+02
1016            	3.07106471e+02
1017            	3.07106421e+02
1018            	3.07106375e+02
1019            	3.07106327e+02
1020            	3.07106290e+02
1021            	3.07106267e+02
1022            	3.07106255e+02
1023            	3.07106256e+02
1024            	3.07106268e+02
1025            	3.07106289e+02
1026            	3.07106317e+02
1027            	3.07106352e+02
1028            	3.07106397e+02
1029            	3.07106449e+02
1030            	3.07106513e+02
1031            	3.07106586e+02
1032            	3.07106662e+02
1033            	3.07106742e+02
1034            	3.07106825e+02
1035            	3.07106891e+02
1036            	3.07106948e+02
1037            	3.07107007e+02
1038            	3.07107065e+02
1039            	3.07107117e+02
1040            	3.07107161e+02
1041            	3.07107194e+02
1042            	3.07107209e+02
1043            	3.07107205e+02
1044            	3.07107188e+02
1045            	3.07107161e+02
1046            	3.07107123e+02
1047            	3.07107073e+02
1048            	3.07107012e+02
1049            	3.07106936e+02
1050            	3.07106845e+02
1051            	3.07106729e+02
1052            	3.07106599e+02
1053            	3.07106451e+02
1054            	3.07106285e+02
1055            	3.07106096e+02
1056            	3.07105897e+02
1057            	3.07105759e+02
1058            	3.07105680e+02
1059            	3.07105628e+02
1060            	3.07105636e+02
1061            	3.07105697e+02
1062            	3.07105804e+02
1063            	3.07105958e+02
1064            	3.07106155e+02
1065            	3.07106353e+02
1066            	3.07106585e+02
1067            	3.07106834e+02
1068            	3.07107076e+02
1069            	3.07107310e+02
1070            	3.07107533e+02
1071            	3.07107748e+02
1072            	3.07107934e+02
1073            	3.07108099e+02
1074            	3.07108246e+02
1075            	3.07108380e+02
1076            	3.07108498e+02
1077            	3.07108597e+02
1078            	3.07108674e+02
1079            	3.07108727e+02
1080            	3.07108743e+02
1081            	3.07108720e+02
1082            	3.07108669e+02
1083            	3.07108588e+02
1084            	3.07108478e+02
1085            	3.07108339e+02
1086            	3.07108178e+02
1087            	3.07107999e+02
1088            	3.07107812e+02
1089            	3.07107621e+02
1090            	3.07107435e+02
1091            	3.07107263e+02
1092            	3.07107111e+02
1093            	3.07106979e+02
1094            	3.07106870e+02
1095            	3.07106779e+02
1096            	3.07106703e+02
1097            	3.07106641e+02
1098            	3.07106581e+02
1099            	3.07106520e+02
1100            	3.07106463e+02
1101            	3.07106402e+02
1102            	3.07106336e+02
1103            	3.07106264e+02
1104            	3.07106215e+02
1105            	3.07106171e+02
1106            	3.07106125e+02
1107            	3.07106086e+02
1108            	3.07106068e+02
1109            	3.07106066e+02
1110            	3.07106078e+02
1111            	3.07106098e+02
1112            	3.07106125e+02
1113            	3.07106157e+02
1114            	3.07106192e+02
1115            	3.07106227e+02
1116            	3.07106265e+02
1117            	3.07106308e+02
1118            	3.07106358e+02
1119            	3.07106421e+02
1120            	3.07106496e+02
1121            	3.07106588e+02
1122            	3.07106697e+02
1123            	3.07106792e+02
1124            	3.07106865e+02
1125            	3.07106943e+02
1126            	3.07107009e+02
1127            	3.07107056e+02
1128            	3.07107078e+02
1129            	3.07107075e+02
1130            	3.07107052e+02
1131            	3.07107029e+02
1132            	3.07106968e+02
1133            	3.07106882e+02
1134            	3.07106761e+02
1135            	3.07106612e+02
1136            	3.07106448e+02
1137            	3.07106265e+02
1138            	3.07106068e+02
1139            	3.07105853e+02
1140            	3.07105646e+02
1141            	3.07105455e+02
1142            	3.07105281e+02
1143            	3.07105123e+02
1144            	3.07105007e+02
1145            	3.07104941e+02
1146            	3.07104910e+02
1147            	3.07104926e+02
1148            	3.07104995e+02
1149            	3.07105106e+02
1150            	3.07105250e+02
1151            	3.07105423e+02
1152            	3.07105629e+02
1153            	3.07105865e+02
1154            	3.07106125e+02
1155            	3.07106389e+02
1156            	3.07106632e+02
1157            	3.07106861e+02
1158            	3.07107066e+02
1159            	3.07107237e+02
1160            	3.07107374e+02
1161            	3.07107480e+02
1162            	3.07107557e+02
1163            	3.07107599e+02
1164            	3.07107605e+02
1165            	3.07107579e+02
1166            	3.07107525e+02
1167            	3.07107500e+02
1168            	3.07107479e+02
1169            	3.07107465e+02
1170            	3.07107464e+02
1171            	3.07107475e+02
1172            	3.07107499e+02
1173            	3.07107538e+02
1174            	3.07107587e+02
1175            	3.07107637e+02
1176            	3.07107676e+02
1177            	3.07107692e+02
1178            	3.07107669e+02
1179            	3.07107612e+02
1180            	3.07107537e+02
1181            	3.07107456e+02
1182            	3.07107369e+02
1183            	3.07107286e+02
1184            	3.07107193e+02
1185            	3.07107085e+02
1186            	3.07106951e+02
1187            	3.07106792e+02
1188            	3.07106596e+02
1189            	3.07106394e+02
1190            	3.07106167e+02
1191            	3.07105961e+02
1192            	3.07105820e+02
1193            	3.07105750e+02
1194            	3.07105721e+02
1195            	3.07105759e+02
1196            	3.07105881e+02
1197            	3.07106073e+02
1198            	3.07106318e+02
1199            	3.07106599e+02
1200            	3.07106832e+02
1201            	3.07107094e+02
1202            	3.07107354e+02
1203            	3.07107579e+02
1204            	3.07107761e+02
1205            	3.07107916e+02
1206            	3.07108040e+02
1207            	3.07108138e+02
1208            	3.07108231e+02
1209            	3.07108323e+02
1210            	3.07108416e+02
1211            	3.07108504e+02
1212            	3.07108580e+02
1213            	3.07108632e+02
1214            	3.07108671e+02
1215            	3.07108703e+02
1216            	3.07108728e+02
1217            	3.07108733e+02
1218            	3.07108719e+02
1219            	3.07108682e+02
1220            	3.07108626e+02
1221            	3.07108554e+02
1222            	3.07108466e+02
1223            	3.07108367e+02
1224            	3.07108270e+02
1225            	3.07108185e+02
1226            	3.07108106e+02
1227            	3.07108030e+02
1228            	3.07107956e+02
1229            	3.07107875e+02
1230            	3.07107782e+02
1231            	3.07107675e+02
1232            	3.07107566e+02
1233            	3.07107441e+02
1234            	3.07107287e+02
1235            	3.07107153e+02
1236            	3.07107041e+02
1237            	3.07106928e+02
1238            	3.07106838e+02
1239            	3.07106777e+02
1240            	3.07106745e+02
1241            	3.07106739e+02
1242            	3.07106746e+02
1243            	3.07106771e+02
1244            	3.07106852e+02
1245            	3.07106961e+02
1246            	3.07107089e+02
1247            	3.07107235e+02
1248            	3.07107398e+02
1249            	3.07107573e+02
1250            	3.07107696e+02
1251            	3.07107768e+02
1252            	3.07107821e+02
1253            	3.07107844e+02
1254            	3.07107841e+02
1255            	3.07107816e+02
1256            	3.07107779e+02
1257            	3.07107729e+02
1258            	3.07107685e+02
1259            	3.07107617e+02
1260            	3.07107521e+02
1261            	3.07107393e+02
1262            	3.07107254e+02
1263            	3.07107111e+02
1264            	3.07106960e+02
1265            	3.07106834e+02
1266            	3.07106753e+02
1267            	3.07106727e+02
1268            	3.07106752e+02
1269            	3.07106820e+02
1270            	3.07106918e+02
1271            	3.07107040e+02
1272            	3.07107171e+02
1273            	3.07107294e+02
1274            	3.07107380e+02
1275            	3.07107387e+02
1276            	3.07107329e+02
1277            	3.07107217e+02
1278            	3.07107046e+02
1279            	3.07106816e+02
1280            	3.07106533e+02
1281            	3.07106272e+02
1282            	3.07106114e+02
1283            	3.07106007e+02
1284            	3.07105918e+02
1285            	3.07105956e+02
1286            	3.07106085e+02
1287            	3.07106279e+02
1288            	3.07106508e+02
1289            	3.07106771e+02
1290            	3.07107027e+02
1291            	3.07107248e+02
1292            	3.07107460e+02
1293            	3.07107650e+02
1294            	3.07107788e+02
1295            	3.07107887e+02
1296            	3.07107957e+02
1297            	3.07108022e+02
1298            	3.07108085e+02
1299            	3.07108142e+02
1300            	3.07108191e+02
1301            	3.07108240e+02
1302            	3.07108291e+02
1303            	3.07108351e+02
1304            	3.07108405e+02
1305            	3.07108472e+02
1306            	3.07108545e+02
1307            	3.07108610e+02
1308            	3.07108658e+02
1309            	3.07108691e+02
1310            	3.07108712e+02
1311            	3.07108717e+02
1312            	3.07108705e+02
1313            	3.07108682e+02
1314            	3.07108650e+02
1315            	3.07108611e+02
1316            	3.07108565e+02
1317            	3.07108511e+02
1318            	3.07108452e+02
1319            	3.07108390e+02
1320            	3.07108319e+02
1321            	3.07108246e+02
1322            	3.07108168e+02
1323            	3.07108087e+02
1324            	3.07107987e+02
1325            	3.07107888e+02
1326            	3.07107784e+02
1327            	3.07107675e+02
1328            	3.07107558e+02
1329            	3.07107430e+02
1330            	3.07107309e+02
1331            	3.07107189e+02
1332            	3.07107068e+02
1333            	3.07106947e+02
1334            	3.07106850e+02
1335            	3.07106773e+02
1336            	3.07106717e+02
1337            	3.07106677e+02
1338            	3.07106654e+02
1339            	3.07106652e+02
1340            	3.07106663e+02
1341            	3.07106682e+02
1342            	3.07106711e+02
1343            	3.07106764e+02
1344            	3.07106845e+02
1345            	3.07106956e+02
1346            	3.07107098e+02
1347            	3.07107279e+02
1348            	3.07107442e+02
1349            	3.07107593e+02
1350            	3.07107746e+02
1351            	3.07107860e+02
1352            	3.07107938e+02
1353            	3.07107990e+02
1354            	3.07108025e+02
1355            	3.07108041e+02
1356            	3.07108033e+02
1357            	3.07108002e+02
1358            	3.07107940e+02
1359            	3.07107845e+02
1360            	3.07107721e+02
1361            	3.07107580e+02
1362            	3.07107431e+02
1363            	3.07107287e+02
1364            	3.07107145e+02
1365            	3.07107005e+02
1366            	3.07106878e+02
1367            	3.07106757e+02
1368            	3.07106631e+02
1369            	3.07106461e+02
1370            	3.07106333e+02
1371            	3.07106211e+02
1372            	3.07106090e+02
1373            	3.07105969e+02
1374            	3.07105859e+02
1375            	3.07105765e+02
1376            	3.07105681e+02
1377            	3.07105618e+02
1378            	3.07105583e+02
1379            	3.07105575e+02
1380            	3.07105589e+02
1381            	3.07105623e+02
1382            	3.07105678e+02
1383            	3.07105753e+02
1384            	3.07105841e+02
1385            	3.07105948e+02
1386            	3.07106081e+02
1387            	3.07106234e+02
1388            	3.07106400e+02
1389            	3.07106576e+02
1390            	3.07106760e+02
1391            	3.07106946e+02
1392            	3.07107125e+02
1393            	3.07107266e+02
1394            	3.07107383e+02
1395            	3.07107483e+02
1396            	3.07107545e+02
1397            	3.07107562e+02
1398            	3.07107536e+02
1399            	3.07107489e+02
1400            	3.07107428e+02
1401            	3.07107348e+02
1402            	3.07107244e+02
1403            	3.07107115e+02
1404            	3.07106966e+02
1405            	3.07106799e+02
1406            	3.07106621e+02
1407            	3.07106438e+02
1408            	3.07106265e+02
1409            	3.07106109e+02
1410            	3.07105982e+02
1411            	3.07105878e+02
1412            	3.07105795e+02
1413            	3.07105724e+02
1414            	3.07105663e+02
1415            	3.07105599e+02
1416            	3.07105537e+02
1417            	3.07105471e+02
1418            	3.07105406e+02
1419            	3.07105344e+02
1420            	3.07105287e+02
1421            	3.07105237e+02
1422            	3.07105197e+02
1423            	3.07105167e+02
1424            	3.07105145e+02
1425            	3.07105124e+02
1426            	3.07105100e+02
1427            	3.07105074e+02
1428            	3.07105050e+02
1429            	3.07105023e+02
1430            	3.07104997e+02
1431            	3.07104979e+02
1432            	3.07104974e+02
1433            	3.07104985e+02
1434            	3.07105014e+02
1435            	3.07105065e+02
1436            	3.07105139e+02
1437            	3.07105239e+02
1438            	3.07105361e+02
1439            	3.07105501e+02
1440            	3.07105655e+02
1441            	3.07105818e+02
1442            	3.07105983e+02
1443            	3.07106149e+02
1444            	3.07106313e+02
1445            	3.07106420e+02
1446            	3.07106489e+02
1447            	3.07106532e+02
1448            	3.07106530e+02
1449            	3.07106486e+02
1450            	3.07106413e+02
1451            	3.07106324e+02
1452            	3.07106223e+02
1453            	3.07106111e+02
1454            	3.07105991e+02
1455            	3.07105866e+02
1456            	3.07105736e+02
1457            	3.07105599e+02
1458            	3.07105455e+02
1459            	3.07105302e+02
1460            	3.07105168e+02
1461            	3.07105060e+02
1462            	3.07104946e+02
1463            	3.07104894e+02
1464            	3.07104858e+02
1465            	3.07104848e+02
1466            	3.07104864e+02
1467            	3.07104916e+02
1468            	3.07105016e+02
1469            	3.07105170e+02
1470            	3.07105361e+02
1471            	3.07105570e+02
1472            	3.07105763e+02
1473            	3.07105974e+02
1474            	3.07106174e+02
1475            	3.07106352e+02
1476            	3.07106495e+02
1477            	3.07106603e+02
1478            	3.07106706e+02
1479            	3.07106715e+02
1480            	3.07106668e+02
1481            	3.07106573e+02
1482            	3.07106426e+02
1483            	3.07106245e+02
1484            	3.07106028e+02
1485            	3.07105824e+02
1486            	3.07105612e+02
1487            	3.07105389e+02
1488            	3.07105158e+02
1489            	3.07104936e+02
1490            	3.07104839e+02
1491            	3.07104754e+02
1492            	3.07104697e+02
1493            	3.07104712e+02
1494            	3.07104809e+02
1495            	3.07104971e+02
1496            	3.07105181e+02
1497            	3.07105293e+02
1498            	3.07105426e+02
1499            	3.07105576e+02
1500            	3.07105694e+02
1501            	3.07105766e+02
1502            	3.07105795e+02
1503            	3.07105798e+02
1504            	3.07105784e+02
1505            	3.07105757e+02
1506            	3.07105720e+02
1507            	3.07105669e+02
1508            	3.07105604e+02
1509            	3.07105512e+02
1510            	3.07105398e+02
1511            	3.07105299e+02
1512            	3.07105252e+02
1513            	3.07105214e+02
1514            	3.07105194e+02
1515            	3.07105189e+02
1516            	3.07105199e+02
1517            	3.07105218e+02
1518            	3.07105246e+02
1519            	3.07105288e+02
1520            	3.07105341e+02
1521            	3.07105411e+02
1522            	3.07105503e+02
1523            	3.07105616e+02
1524            	3.07105752e+02
1525            	3.07105905e+02
1526            	3.07106075e+02
1527            	3.07106261e+02
1528            	3.07106436e+02
1529            	3.07106602e+02
1530            	3.07106757e+02
1531            	3.07106889e+02
1532            	3.07107033e+02
1533            	3.07107099e+02
1534            	3.07107143e+02
1535            	3.07107164e+02
1536            	3.07107160e+02
1537            	3.07107100e+02
1538            	3.07106970e+02
1539            	3.07106808e+02
1540            	3.07106645e+02
1541            	3.07106493e+02
1542            	3.07106327e+02
1543            	3.07106123e+02
1544            	3.07105888e+02
1545            	3.07105640e+02
1546            	3.07105399e+02
1547            	3.07105167e+02
1548            	3.07104942e+02
1549            	3.07104741e+02
1550            	3.07104567e+02
1551            	3.07104417e+02
1552            	3.07104297e+02
1553            	3.07104187e+02
1554            	3.07104087e+02
1555            	3.07104005e+02
1556            	3.07103946e+02
1557            	3.07103908e+02
1558            	3.07103890e+02
1559            	3.07103891e+02
1560            	3.07103910e+02
1561            	3.07103947e+02
1562            	3.07104003e+02
1563            	3.07104070e+02
1564            	3.07104158e+02
1565            	3.07104253e+02
1566            	3.07104357e+02
1567            	3.07104464e+02
1568            	3.07104570e+02
1569            	3.07104667e+02
1570            	3.07104759e+02
1571            	3.07104848e+02
1572            	3.07104931e+02
1573            	3.07105010e+02
1574            	3.07105096e+02
1575            	3.07105191e+02
1576            	3.07105299e+02
1577            	3.07105420e+02
1578            	3.07105555e+02
1579            	3.07105705e+02
1580            	3.07105870e+02
1581            	3.07106047e+02
1582            	3.07106182e+02
1583            	3.07106280e+02
1584            	3.07106359e+02
1585            	3.07106400e+02
1586            	3.07106406e+02
1587            	3.07106379e+02
1588            	3.07106322e+02
1589            	3.07106241e+02
1590            	3.07106143e+02
1591            	3.07106034e+02
1592            	3.07105917e+02
1593            	3.07105797e+02
1594            	3.07105683e+02
1595            	3.07105581e+02
1596            	3.07105526e+02
1597            	3.07105492e+02
1598            	3.07105477e+02
1599            	3.07105485e+02
1600            	3.07105443e+02
1601            	3.07105419e+02
1602            	3.07105392e+02
1603            	3.07105380e+02
1604            	3.07105390e+02
1605            	3.07105415e+02
1606            	3.07105434e+02
1607            	3.07105456e+02
1608            	3.07105508e+02
1609            	3.07105593e+02
1610            	3.07105707e+02
1611            	3.07105840e+02
1612            	3.07105980e+02
1613            	3.07106121e+02
1614            	3.07106265e+02
1615            	3.07106410e+02
1616            	3.07106553e+02
1617            	3.07106688e+02
1618            	3.07106816e+02
1619            	3.07106936e+02
1620            	3.07107048e+02
1621            	3.07107147e+02
1622            	3.07107233e+02
1623            	3.07107300e+02
1624            	3.07107348e+02
1625            	3.07107378e+02
1626            	3.07107388e+02
1627            	3.07107379e+02
1628            	3.07107355e+02
1629            	3.07107320e+02
1630            	3.07107275e+02
1631            	3.07107218e+02
1632            	3.07107156e+02
1633            	3.07107102e+02
1634            	3.07107061e+02
1635            	3.07107028e+02
1636            	3.07107010e+02
1637            	3.07107006e+02
1638            	3.07107018e+02
1639            	3.07107041e+02
1640            	3.07107073e+02
1641            	3.07107110e+02
1642            	3.07107149e+02
1643            	3.07107188e+02
1644            	3.07107225e+02
1645            	3.07107258e+02
1646            	3.07107283e+02
1647            	3.07107303e+02
1648            	3.07107308e+02
1649            	3.07107303e+02
1650            	3.07107288e+02
1651            	3.07107260e+02
1652            	3.07107210e+02
1653            	3.07107149e+02
1654            	3.07107073e+02
1655            	3.07106983e+02
1656            	3.07106875e+02
1657            	3.07106747e+02
1658            	3.07106618e+02
1659            	3.07106507e+02
1660            	3.07106402e+02
1661            	3.07106308e+02
1662            	3.07106231e+02
1663            	3.07106179e+02
1664            	3.07106155e+02
1665            	3.07106158e+02
1666            	3.07106184e+02
1667            	3.07106230e+02
1668            	3.07106294e+02
1669            	3.07106372e+02
1670            	3.07106469e+02
1671            	3.07106579e+02
1672            	3.07106709e+02
1673            	3.07106787e+02
1674            	3.07106816e+02
1675            	3.07106831e+02
1676            	3.07106823e+02
1677            	3.07106793e+02
1678            	3.07106740e+02
1679            	3.07106665e+02
1680            	3.07106589e+02
1681            	3.07106510e+02
1682            	3.07106421e+02
1683            	3.07106306e+02
1684            	3.07106169e+02
1685            	3.07106028e+02
1686            	3.07105879e+02
1687            	3.07105726e+02
1688            	3.07105610e+02
1689            	3.07105538e+02
1690            	3.07105517e+02
1691            	3.07105547e+02
1692            	3.07105611e+02
1693            	3.07105693e+02
1694            	3.07105834e+02
1695            	3.07105985e+02
1696            	3.07106146e+02
1697            	3.07106278e+02
1698            	3.07106389e+02
1699            	3.07106509e+02
1700            	3.07106632e+02
1701            	3.07106726e+02
1702            	3.07106763e+02
1703            	3.07106734e+02
1704            	3.07106645e+02
1705            	3.07106514e+02
1706            	3.07106344e+02
1707            	3.07106192e+02
1708            	3.07106072e+02
1709            	3.07105952e+02
1710            	3.07105880e+02
1711            	3.07105863e+02
1712            	3.07105891e+02
1713            	3.07105956e+02
1714            	3.07106052e+02
1715            	3.07106187e+02
1716            	3.07106373e+02
1717            	3.07106580e+02
1718            	3.07106732e+02
1719            	3.07106874e+02
1720            	3.07106999e+02
1721            	3.07107098e+02
1722            	3.07107131e+02
1723            	3.07107124e+02
1724            	3.07107103e+02
1725            	3.07107065e+02
1726            	3.07107007e+02
1727            	3.07106921e+02
1728            	3.07106806e+02
1729            	3.07106660e+02
1730            	3.07106490e+02
1731            	3.07106316e+02
1732            	3.07106147e+02
1733            	3.07105960e+02
1734            	3.07105775e+02
1735            	3.07105603e+02
1736            	3.07105453e+02
1737            	3.07105346e+02
1738            	3.07105263e+02
1739            	3.07105208e+02
1740            	3.07105161e+02
1741            	3.07105140e+02
1742            	3.07105128e+02
1743            	3.07105130e+02
1744            	3.07105149e+02
1745            	3.07105194e+02
1746            	3.07105220e+02
1747            	3.07105245e+02
1748            	3.07105258e+02
1749            	3.07105268e+02
1750            	3.07105270e+02
1751            	3.07105266e+02
1752            	3.07105256e+02
1753            	3.07105257e+02
1754            	3.07105273e+02
1755            	3.07105313e+02
1756            	3.07105372e+02
1757            	3.07105453e+02
1758            	3.07105619e+02
1759            	3.07105798e+02
1760            	3.07106003e+02
1761            	3.07106242e+02
1762            	3.07106465e+02
1763            	3.07106649e+02
1764            	3.07106815e+02
1765            	3.07106949e+02
1766            	3.07107009e+02
1767            	3.07106983e+02
1768            	3.07106878e+02
1769            	3.07106702e+02
1770            	3.07106481e+02
1771            	3.07106230e+02
1772            	3.07105956e+02
1773            	3.07105665e+02
1774            	3.07105420e+02
1775            	3.07105205e+02
1776            	3.07105008e+02
1777            	3.07104862e+02
1778            	3.07104772e+02
1779            	3.07104719e+02
1780            	3.07104701e+02
1781            	3.07104707e+02
1782            	3.07104741e+02
1783            	3.07104792e+02
1784            	3.07104862e+02
1785            	3.07104949e+02
1786            	3.07105046e+02
1787            	3.07105152e+02
1788            	3.07105269e+02
1789            	3.07105395e+02
1790            	3.07105527e+02
1791            	3.07105662e+02
1792            	3.07105796e+02
1793            	3.07105930e+02
1794            	3.07106062e+02
1795            	3.07106189e+02
1796            	3.07106306e+02
1797            	3.07106407e+02
1798            	3.07106492e+02
1799            	3.07106560e+02
1800            	3.07106612e+02
1801            	3.07106653e+02
1802            	3.07106682e+02
1803            	3.07106708e+02
1804            	3.07106728e+02
1805            	3.07106746e+02
1806            	3.07106763e+02
1807            	3.07106783e+02
1808            	3.07106808e+02
1809            	3.07106841e+02
1810            	3.07106848e+02
1811            	3.07106857e+02
1812            	3.07106867e+02
1813            	3.07106865e+02
1814            	3.07106844e+02
1815            	3.07106806e+02
1816            	3.07106749e+02
1817            	3.07106683e+02
1818            	3.07106611e+02
1819            	3.07106537e+02
1820            	3.07106459e+02
1821            	3.07106382e+02
1822            	3.07106303e+02
1823            	3.07106226e+02
1824            	3.07106152e+02
1825            	3.07106071e+02
1826            	3.07106004e+02
1827            	3.07105906e+02
1828            	3.07105841e+02
1829            	3.07105777e+02
1830            	3.07105720e+02
1831            	3.07105670e+02
1832            	3.07105648e+02
1833            	3.07105656e+02
1834            	3.07105667e+02
1835            	3.07105699e+02
1836            	3.07105800e+02
1837            	3.07105939e+02
1838            	3.07106111e+02
1839            	3.07106319e+02
1840            	3.07106540e+02
1841            	3.07106751e+02
1842            	3.07106953e+02
1843            	3.07107088e+02
1844            	3.07107153e+02
1845            	3.07107150e+02
1846            	3.07107094e+02
1847            	3.07106979e+02
1848            	3.07106788e+02
1849            	3.07106545e+02
1850            	3.07106315e+02
1851            	3.07106151e+02
1852            	3.07106115e+02
1853            	3.07106135e+02
1854            	3.07106218e+02
1855            	3.07106382e+02
1856            	3.07106600e+02
1857            	3.07106831e+02
1858            	3.07107015e+02
1859            	3.07107172e+02
1860            	3.07107292e+02
1861            	3.07107332e+02
1862            	3.07107302e+02
1863            	3.07107207e+02
1864            	3.07107076e+02
1865            	3.07106902e+02
1866            	3.07106693e+02
1867            	3.07106456e+02
1868            	3.07106201e+02
1869            	3.07106019e+02
1870            	3.07105935e+02
1871            	3.07105893e+02
1872            	3.07105923e+02
1873            	3.07106018e+02
1874            	3.07106159e+02
1875            	3.07106324e+02
1876            	3.07106501e+02
1877            	3.07106682e+02
1878            	3.07106861e+02
1879            	3.07107030e+02
1880            	3.07107172e+02
1881            	3.07107269e+02
1882            	3.07107330e+02
1883            	3.07107369e+02
1884            	3.07107371e+02
1885            	3.07107334e+02
1886            	3.07107283e+02
1887            	3.07107264e+02
1888            	3.07107233e+02
1889            	3.07107205e+02
1890            	3.07107192e+02
1891            	3.07107190e+02
1892            	3.07107205e+02
1893            	3.07107243e+02
1894            	3.07107316e+02
1895            	3.07107433e+02
1896            	3.07107593e+02
1897            	3.07107790e+02
1898            	3.07107992e+02
1899            	3.07108125e+02
1900            	3.07108218e+02
1901            	3.07108271e+02
1902            	3.07108261e+02
1903            	3.07108191e+02
1904            	3.07108078e+02
1905            	3.07107936e+02
1906            	3.07107771e+02
1907            	3.07107628e+02
1908            	3.07107494e+02
1909            	3.07107349e+02
1910            	3.07107223e+02
1911            	3.07107126e+02
1912            	3.07107047e+02
1913            	3.07106979e+02
1914            	3.07106924e+02
1915            	3.07106888e+02
1916            	3.07106862e+02
1917            	3.07106842e+02
1918            	3.07106821e+02
1919            	3.07106779e+02
1920            	3.07106686e+02
1921            	3.07106570e+02
1922            	3.07106444e+02
1923            	3.07106301e+02
1924            	3.07106149e+02
1925            	3.07105987e+02
1926            	3.07105823e+02
1927            	3.07105679e+02
1928            	3.07105563e+02
1929            	3.07105487e+02
1930            	3.07105438e+02
1931            	3.07105402e+02
1932            	3.07105392e+02
1933            	3.07105413e+02
1934            	3.07105471e+02
1935            	3.07105554e+02
1936            	3.07105665e+02
1937            	3.07105810e+02
1938            	3.07105994e+02
1939            	3.07106217e+02
1940            	3.07106468e+02
1941            	3.07106746e+02
1942            	3.07106945e+02
1943            	3.07107085e+02
1944            	3.07107186e+02
1945            	3.07107218e+02
1946            	3.07107175e+02
1947            	3.07107070e+02
1948            	3.07106911e+02
1949            	3.07106746e+02
1950            	3.07106545e+02
1951            	3.07106312e+02
1952            	3.07106070e+02
1953            	3.07105850e+02
1954            	3.07105710e+02
1955            	3.07105605e+02
1956            	3.07105534e+02
1957            	3.07105485e+02
1958            	3.07105459e+02
1959            	3.07105462e+02
1960            	3.07105496e+02
1961            	3.07105553e+02
1962            	3.07105616e+02
1963            	3.07105671e+02
1964            	3.07105713e+02
1965            	3.07105760e+02
1966            	3.07105811e+02
1967            	3.07105857e+02
1968            	3.07105899e+02
1969            	3.07105939e+02
1970            	3.07105979e+02
1971            	3.07106011e+02
1972            	3.07106024e+02
1973            	3.07106012e+02
1974            	3.07105983e+02
1975            	3.07105927e+02
1976            	3.07105845e+02
1977            	3.07105752e+02
1978            	3.07105655e+02
1979            	3.07105557e+02
1980            	3.07105462e+02
1981            	3.07105381e+02
1982            	3.07105322e+02
1983            	3.07105288e+02
1984            	3.07105268e+02
1985            	3.07105268e+02
1986            	3.07105288e+02
1987            	3.07105335e+02
1988            	3.07105410e+02
1989            	3.07105512e+02
1990            	3.07105636e+02
1991            	3.07105775e+02
1992            	3.07105937e+02
1993            	3.07106117e+02
1994            	3.07106243e+02
1995            	3.07106333e+02
1996            	3.07106403e+02
1997            	3.07106427e+02
1998            	3.07106406e+02
1999            	3.07106349e+02
2000            	3.07106266e+02
