/*--------------------------------*- C++ -*----------------------------------*\
| =========                 |                                                 |
| \\      /  F ield         | OpenFOAM: The Open Source CFD Toolbox           |
|  \\    /   O peration     | Version:  2506                                  |
|   \\  /    A nd           | Website:  www.openfoam.com                      |
|    \\/     M anipulation  |                                                 |
\*---------------------------------------------------------------------------*/
FoamFile
{
    version     2.0;
    format      binary;
    arch        "LSB;label=32;scalar=64";
    class       faceSet;
    location    "constant/polyMesh/sets";
    object      walls;
}
// * * * * * * * * * * * * * * * * * * * * * * * * * * * * * * * * * * * * * //


516
(
7
30
45
46
50
72
73
76
77
87
102
132
134
137
138
2195
152
2208
2212
165
2216
172
2226
186
2241
2251
207
210
2260
214
216
2270
225
227
2276
231
2288
2311
2315
277
281
283
2341
2361
2364
2367
2369
2382
2401
2402
2403
2404
2409
2418
2428
2429
2436
2443
2444
397
2458
2460
2468
420
422
430
2502
454
462
2521
2522
479
489
491
2540
498
501
2552
504
2554
507
2557
510
2561
513
2563
515
517
519
2568
521
2570
522
523
2572
524
525
2574
526
2579
2581
2582
2586
2587
2591
2592
2595
2596
2598
2621
2622
2625
585
594
597
599
2648
600
2649
603
2652
604
609
610
611
2677
633
2686
2688
2690
646
2696
2699
2711
2713
2716
669
2718
671
2720
2721
2723
2724
678
2727
680
2729
2731
2732
691
694
697
699
702
704
707
710
712
715
718
721
723
726
729
730
732
733
734
735
736
737
739
740
741
742
743
773
776
779
783
786
2836
2837
789
791
2840
793
794
795
796
797
798
800
810
2859
812
2862
2863
820
823
825
827
2877
829
832
834
836
839
840
841
842
843
2902
856
859
860
2910
867
869
2918
871
881
886
2963
916
919
921
924
926
928
929
930
2989
2992
3002
3018
3021
993
994
996
999
1002
1005
1008
3057
1011
1014
1017
1019
1020
1022
1024
1026
1029
1031
3081
1034
1037
1038
1039
1040
1041
1042
1043
1044
1045
1046
3101
3104
3112
3114
1066
3116
1072
1075
1079
3129
1085
1089
1092
3142
3144
1096
3146
1100
3149
3150
1104
1108
1112
1114
3164
1116
1119
3168
1122
1125
1127
3177
1129
1130
3179
1132
1134
1136
1138
1140
1142
3193
1145
1147
3217
3219
3230
1182
3232
3233
1185
1186
3235
1187
3237
3238
3246
3249
3258
3260
1212
1215
3265
1218
3267
1220
3270
1223
3272
1225
3274
3276
3281
1233
3282
1234
1240
1242
1244
1245
1249
3298
3299
3302
1257
3306
1258
3310
3313
1266
3316
1270
1273
3322
3325
1277
3328
1280
1282
3331
1283
3333
1285
1287
3338
3339
3341
3354
1307
3356
3357
1310
3359
1313
3362
1317
1321
1324
3374
1327
1328
1330
1333
1336
3385
3386
1342
1344
3393
3394
1348
3397
1351
1353
3404
3407
1361
3412
1365
1369
1373
1376
3425
1379
1383
1386
1388
1391
1394
1398
1400
1403
1407
1409
1412
1414
1417
1419
1421
1423
3472
1424
3473
3486
3490
3497
3499
1451
3506
3509
1463
3512
1464
1466
3517
1473
1477
3526
1478
3529
3538
3540
3542
1496
1498
3550
1502
3551
1504
1508
3557
1510
1512
1515
1528
1529
1530
1531
1532
1540
1544
1547
1549
1551
1552
1556
1558
1560
1564
1566
1610
1613
1618
1619
1620
1623
1630
1633
1634
1635
1636
1637
1674
1676
1679
1682
1699
1702
1706
1716
1717
1719
1723
1729
1731
1735
1742
1744
1747
1900
1901
1904
1960
1961
1974
1982
2005
2012
2016
)


// ************************************************************************* //
