# Region        : cellZone pcb
# Cells         : 636
# Volume        : 1.18934209e+00
# Time          	volAverage(T)
1               	3.00011052e+02
2               	3.00031879e+02
3               	3.00060559e+02
4               	3.00096523e+02
5               	3.00138643e+02
6               	3.00186898e+02
7               	3.00240911e+02
8               	3.00300207e+02
9               	3.00365026e+02
10              	3.00435057e+02
11              	3.00509754e+02
12              	3.00588976e+02
13              	3.00673022e+02
14              	3.00761098e+02
15              	3.00852726e+02
16              	3.00947687e+02
17              	3.01045688e+02
18              	3.01147686e+02
19              	3.01251939e+02
20              	3.01358668e+02
21              	3.01470797e+02
22              	3.01584440e+02
23              	3.01699591e+02
24              	3.01817378e+02
25              	3.01937114e+02
26              	3.02057278e+02
27              	3.02178258e+02
28              	3.02301436e+02
29              	3.02426225e+02
30              	3.02553228e+02
31              	3.02681825e+02
32              	3.02812301e+02
33              	3.02944551e+02
34              	3.03077500e+02
35              	3.03211257e+02
36              	3.03345508e+02
37              	3.03480341e+02
38              	3.03614845e+02
39              	3.03750826e+02
40              	3.03888290e+02
41              	3.04025270e+02
42              	3.04163635e+02
43              	3.04303317e+02
44              	3.04444498e+02
45              	3.04585131e+02
46              	3.04725596e+02
47              	3.04867057e+02
48              	3.05010214e+02
49              	3.05153145e+02
50              	3.05297009e+02
51              	3.05441974e+02
52              	3.05588532e+02
53              	3.05736529e+02
54              	3.05884720e+02
55              	3.06032189e+02
56              	3.06178679e+02
57              	3.06324393e+02
58              	3.06468405e+02
59              	3.06611917e+02
60              	3.06755451e+02
61              	3.06902902e+02
62              	3.07051180e+02
63              	3.07198740e+02
64              	3.07345045e+02
65              	3.07492258e+02
66              	3.07637264e+02
67              	3.07779918e+02
68              	3.07922563e+02
69              	3.08065698e+02
70              	3.08209274e+02
71              	3.08353658e+02
72              	3.08499904e+02
73              	3.08645639e+02
74              	3.08790413e+02
75              	3.08934487e+02
76              	3.09077319e+02
77              	3.09219277e+02
78              	3.09359664e+02
79              	3.09498912e+02
80              	3.09637837e+02
81              	3.09777304e+02
82              	3.09916226e+02
83              	3.10052513e+02
84              	3.10189089e+02
85              	3.10325479e+02
86              	3.10461940e+02
87              	3.10597360e+02
88              	3.10731766e+02
89              	3.10866543e+02
90              	3.11002551e+02
91              	3.11138623e+02
92              	3.11273664e+02
93              	3.11408412e+02
94              	3.11542159e+02
95              	3.11671501e+02
96              	3.11800552e+02
97              	3.11927885e+02
98              	3.12055905e+02
99              	3.12181597e+02
100             	3.12306355e+02
101             	3.12431931e+02
102             	3.12558613e+02
103             	3.12685203e+02
104             	3.12811441e+02
105             	3.12935307e+02
106             	3.13058030e+02
107             	3.13181093e+02
108             	3.13303050e+02
109             	3.13424206e+02
110             	3.13545091e+02
111             	3.13663969e+02
112             	3.13781566e+02
113             	3.13897599e+02
114             	3.14012829e+02
115             	3.14126408e+02
116             	3.14240334e+02
117             	3.14353243e+02
118             	3.14465322e+02
119             	3.14576141e+02
120             	3.14686430e+02
121             	3.14797166e+02
122             	3.14906365e+02
123             	3.15014481e+02
124             	3.15121485e+02
125             	3.15228155e+02
126             	3.15334452e+02
127             	3.15440385e+02
128             	3.15545996e+02
129             	3.15650150e+02
130             	3.15754062e+02
131             	3.15857812e+02
132             	3.15961691e+02
133             	3.16064844e+02
134             	3.16167370e+02
135             	3.16269359e+02
136             	3.16368497e+02
137             	3.16467296e+02
138             	3.16563947e+02
139             	3.16662052e+02
140             	3.16757945e+02
141             	3.16852602e+02
142             	3.16946897e+02
143             	3.17041495e+02
144             	3.17135776e+02
145             	3.17228834e+02
146             	3.17322217e+02
147             	3.17415138e+02
148             	3.17507462e+02
149             	3.17599352e+02
150             	3.17690295e+02
151             	3.17780752e+02
152             	3.17870250e+02
153             	3.17959036e+02
154             	3.18048532e+02
155             	3.18136197e+02
156             	3.18221819e+02
157             	3.18307924e+02
158             	3.18394414e+02
159             	3.18480936e+02
160             	3.18565819e+02
161             	3.18649382e+02
162             	3.18732718e+02
163             	3.18816183e+02
164             	3.18899504e+02
165             	3.18982078e+02
166             	3.19064345e+02
167             	3.19145364e+02
168             	3.19225356e+02
169             	3.19304174e+02
170             	3.19382449e+02
171             	3.19461315e+02
172             	3.19538079e+02
173             	3.19614526e+02
174             	3.19690072e+02
175             	3.19764037e+02
176             	3.19837141e+02
177             	3.19910250e+02
178             	3.19983168e+02
179             	3.20055598e+02
180             	3.20127553e+02
181             	3.20199597e+02
182             	3.20272453e+02
183             	3.20343613e+02
184             	3.20412879e+02
185             	3.20481658e+02
186             	3.20549376e+02
187             	3.20616842e+02
188             	3.20684887e+02
189             	3.20752657e+02
190             	3.20819953e+02
191             	3.20887410e+02
192             	3.20954196e+02
193             	3.21020160e+02
194             	3.21085635e+02
195             	3.21150587e+02
196             	3.21215058e+02
197             	3.21279243e+02
198             	3.21342508e+02
199             	3.21405219e+02
200             	3.21467467e+02
201             	3.21529163e+02
202             	3.21590029e+02
203             	3.21650026e+02
204             	3.21709561e+02
205             	3.21768836e+02
206             	3.21827741e+02
207             	3.21886504e+02
208             	3.21945258e+02
209             	3.22003420e+02
210             	3.22061559e+02
211             	3.22120021e+02
212             	3.22178758e+02
213             	3.22238040e+02
214             	3.22296685e+02
215             	3.22354151e+02
216             	3.22409381e+02
217             	3.22464263e+02
218             	3.22517480e+02
219             	3.22570634e+02
220             	3.22623261e+02
221             	3.22676151e+02
222             	3.22729265e+02
223             	3.22782395e+02
224             	3.22835001e+02
225             	3.22887585e+02
226             	3.22939673e+02
227             	3.22989838e+02
228             	3.23039272e+02
229             	3.23087772e+02
230             	3.23136039e+02
231             	3.23183659e+02
232             	3.23230958e+02
233             	3.23278946e+02
234             	3.23327029e+02
235             	3.23375028e+02
236             	3.23423120e+02
237             	3.23470876e+02
238             	3.23517751e+02
239             	3.23563072e+02
240             	3.23607442e+02
241             	3.23651003e+02
242             	3.23693970e+02
243             	3.23736741e+02
244             	3.23780031e+02
245             	3.23823432e+02
246             	3.23866839e+02
247             	3.23910332e+02
248             	3.23953316e+02
249             	3.23995821e+02
250             	3.24037830e+02
251             	3.24079325e+02
252             	3.24120291e+02
253             	3.24160835e+02
254             	3.24201066e+02
255             	3.24240710e+02
256             	3.24279590e+02
257             	3.24318067e+02
258             	3.24356549e+02
259             	3.24395087e+02
260             	3.24433313e+02
261             	3.24471530e+02
262             	3.24509073e+02
263             	3.24546335e+02
264             	3.24583847e+02
265             	3.24621411e+02
266             	3.24658810e+02
267             	3.24695827e+02
268             	3.24732629e+02
269             	3.24769745e+02
270             	3.24806032e+02
271             	3.24842438e+02
272             	3.24877970e+02
273             	3.24913378e+02
274             	3.24948778e+02
275             	3.24984455e+02
276             	3.25020327e+02
277             	3.25056001e+02
278             	3.25091395e+02
279             	3.25126557e+02
280             	3.25161576e+02
281             	3.25196217e+02
282             	3.25230884e+02
283             	3.25265548e+02
284             	3.25300072e+02
285             	3.25334373e+02
286             	3.25368378e+02
287             	3.25402056e+02
288             	3.25435380e+02
289             	3.25468361e+02
290             	3.25500900e+02
291             	3.25532979e+02
292             	3.25564554e+02
293             	3.25595837e+02
294             	3.25626793e+02
295             	3.25657353e+02
296             	3.25687503e+02
297             	3.25718037e+02
298             	3.25747841e+02
299             	3.25776972e+02
300             	3.25805528e+02
301             	3.25833644e+02
302             	3.25861303e+02
303             	3.25888662e+02
304             	3.25915895e+02
305             	3.25943210e+02
306             	3.25970558e+02
307             	3.25997686e+02
308             	3.26024565e+02
309             	3.26051138e+02
310             	3.26077328e+02
311             	3.26103274e+02
312             	3.26129002e+02
313             	3.26154932e+02
314             	3.26180844e+02
315             	3.26206611e+02
316             	3.26232167e+02
317             	3.26257311e+02
318             	3.26282057e+02
319             	3.26306429e+02
320             	3.26330693e+02
321             	3.26354968e+02
322             	3.26379240e+02
323             	3.26403566e+02
324             	3.26428080e+02
325             	3.26452748e+02
326             	3.26477406e+02
327             	3.26502130e+02
328             	3.26526973e+02
329             	3.26551880e+02
330             	3.26576831e+02
331             	3.26601779e+02
332             	3.26626209e+02
333             	3.26650170e+02
334             	3.26673826e+02
335             	3.26697295e+02
336             	3.26720568e+02
337             	3.26743614e+02
338             	3.26766484e+02
339             	3.26789233e+02
340             	3.26811915e+02
341             	3.26834264e+02
342             	3.26856281e+02
343             	3.26878028e+02
344             	3.26899881e+02
345             	3.26921735e+02
346             	3.26943026e+02
347             	3.26963765e+02
348             	3.26984129e+02
349             	3.27004020e+02
350             	3.27023536e+02
351             	3.27042785e+02
352             	3.27062149e+02
353             	3.27081424e+02
354             	3.27100373e+02
355             	3.27119203e+02
356             	3.27137588e+02
357             	3.27155734e+02
358             	3.27173733e+02
359             	3.27191623e+02
360             	3.27209297e+02
361             	3.27226810e+02
362             	3.27244165e+02
363             	3.27261355e+02
364             	3.27278388e+02
365             	3.27295412e+02
366             	3.27312408e+02
367             	3.27329381e+02
368             	3.27346272e+02
369             	3.27363007e+02
370             	3.27379445e+02
371             	3.27395587e+02
372             	3.27411528e+02
373             	3.27427285e+02
374             	3.27442871e+02
375             	3.27458326e+02
376             	3.27473704e+02
377             	3.27489002e+02
378             	3.27504291e+02
379             	3.27519694e+02
380             	3.27535124e+02
381             	3.27550643e+02
382             	3.27566252e+02
383             	3.27581990e+02
384             	3.27597803e+02
385             	3.27613848e+02
386             	3.27630037e+02
387             	3.27646362e+02
388             	3.27662961e+02
389             	3.27679693e+02
390             	3.27696412e+02
391             	3.27713215e+02
392             	3.27729954e+02
393             	3.27746608e+02
394             	3.27763086e+02
395             	3.27779314e+02
396             	3.27795231e+02
397             	3.27810812e+02
398             	3.27826039e+02
399             	3.27840890e+02
400             	3.27855366e+02
401             	3.27869550e+02
402             	3.27883231e+02
403             	3.27896445e+02
404             	3.27909363e+02
405             	3.27922039e+02
406             	3.27934479e+02
407             	3.27946709e+02
408             	3.27958777e+02
409             	3.27970728e+02
410             	3.27982606e+02
411             	3.27994413e+02
412             	3.28006111e+02
413             	3.28017768e+02
414             	3.28029425e+02
415             	3.28041031e+02
416             	3.28052507e+02
417             	3.28063709e+02
418             	3.28074901e+02
419             	3.28086032e+02
420             	3.28097050e+02
421             	3.28107916e+02
422             	3.28118450e+02
423             	3.28128875e+02
424             	3.28139253e+02
425             	3.28149513e+02
426             	3.28159603e+02
427             	3.28169071e+02
428             	3.28178355e+02
429             	3.28187683e+02
430             	3.28197217e+02
431             	3.28206770e+02
432             	3.28216467e+02
433             	3.28226264e+02
434             	3.28236061e+02
435             	3.28245889e+02
436             	3.28255755e+02
437             	3.28265631e+02
438             	3.28275589e+02
439             	3.28285572e+02
440             	3.28295577e+02
441             	3.28305964e+02
442             	3.28316477e+02
443             	3.28327010e+02
444             	3.28337724e+02
445             	3.28348596e+02
446             	3.28359587e+02
447             	3.28370614e+02
448             	3.28381517e+02
449             	3.28392339e+02
450             	3.28403240e+02
451             	3.28413784e+02
452             	3.28424388e+02
453             	3.28434814e+02
454             	3.28445093e+02
455             	3.28455115e+02
456             	3.28464816e+02
457             	3.28474323e+02
458             	3.28483731e+02
459             	3.28493041e+02
460             	3.28502212e+02
461             	3.28511007e+02
462             	3.28519218e+02
463             	3.28526871e+02
464             	3.28534107e+02
465             	3.28541082e+02
466             	3.28548068e+02
467             	3.28555004e+02
468             	3.28561856e+02
469             	3.28568594e+02
470             	3.28575358e+02
471             	3.28582117e+02
472             	3.28588102e+02
473             	3.28594669e+02
474             	3.28601522e+02
475             	3.28608259e+02
476             	3.28614745e+02
477             	3.28621217e+02
478             	3.28627739e+02
479             	3.28634481e+02
480             	3.28641273e+02
481             	3.28647783e+02
482             	3.28654126e+02
483             	3.28660208e+02
484             	3.28666135e+02
485             	3.28672179e+02
486             	3.28678011e+02
487             	3.28683777e+02
488             	3.28689391e+02
489             	3.28695071e+02
490             	3.28700798e+02
491             	3.28707031e+02
492             	3.28713270e+02
493             	3.28719325e+02
494             	3.28725800e+02
495             	3.28732609e+02
496             	3.28739578e+02
497             	3.28746399e+02
498             	3.28753248e+02
499             	3.28760100e+02
500             	3.28767373e+02
501             	3.28774211e+02
502             	3.28780635e+02
503             	3.28787516e+02
504             	3.28795171e+02
505             	3.28802132e+02
506             	3.28808539e+02
507             	3.28814956e+02
508             	3.28821150e+02
509             	3.28827552e+02
510             	3.28833986e+02
511             	3.28840605e+02
512             	3.28846774e+02
513             	3.28852112e+02
514             	3.28857885e+02
515             	3.28863822e+02
516             	3.28869603e+02
517             	3.28875180e+02
518             	3.28881021e+02
519             	3.28887122e+02
520             	3.28892299e+02
521             	3.28897116e+02
522             	3.28901856e+02
523             	3.28907129e+02
524             	3.28912192e+02
525             	3.28916987e+02
526             	3.28921117e+02
527             	3.28925571e+02
528             	3.28930041e+02
529             	3.28934174e+02
530             	3.28937996e+02
531             	3.28941664e+02
532             	3.28945956e+02
533             	3.28950756e+02
534             	3.28954459e+02
535             	3.28958478e+02
536             	3.28962634e+02
537             	3.28966603e+02
538             	3.28970061e+02
539             	3.28972734e+02
540             	3.28975677e+02
541             	3.28977863e+02
542             	3.28980807e+02
543             	3.28982878e+02
544             	3.28984909e+02
545             	3.28987396e+02
546             	3.28990591e+02
547             	3.28994426e+02
548             	3.28998777e+02
549             	3.29002473e+02
550             	3.29006955e+02
551             	3.29011847e+02
552             	3.29016659e+02
553             	3.29021636e+02
554             	3.29026864e+02
555             	3.29031927e+02
556             	3.29036600e+02
557             	3.29041348e+02
558             	3.29045720e+02
559             	3.29050108e+02
560             	3.29054747e+02
561             	3.29059264e+02
562             	3.29063420e+02
563             	3.29068046e+02
564             	3.29072773e+02
565             	3.29077315e+02
566             	3.29081553e+02
567             	3.29085750e+02
568             	3.29089825e+02
569             	3.29093774e+02
570             	3.29097829e+02
571             	3.29101736e+02
572             	3.29105570e+02
573             	3.29109521e+02
574             	3.29113424e+02
575             	3.29117849e+02
576             	3.29122247e+02
577             	3.29126477e+02
578             	3.29130524e+02
579             	3.29134691e+02
580             	3.29138355e+02
581             	3.29141750e+02
582             	3.29145186e+02
583             	3.29148475e+02
584             	3.29151603e+02
585             	3.29154642e+02
586             	3.29157630e+02
587             	3.29160558e+02
588             	3.29163326e+02
589             	3.29165860e+02
590             	3.29168329e+02
591             	3.29170625e+02
592             	3.29172475e+02
593             	3.29174246e+02
594             	3.29176318e+02
595             	3.29178260e+02
596             	3.29180566e+02
597             	3.29182645e+02
598             	3.29184992e+02
599             	3.29187716e+02
600             	3.29190732e+02
601             	3.29193935e+02
602             	3.29197172e+02
603             	3.29200223e+02
604             	3.29202961e+02
605             	3.29205661e+02
606             	3.29208481e+02
607             	3.29211408e+02
608             	3.29214346e+02
609             	3.29217618e+02
610             	3.29221171e+02
611             	3.29224923e+02
612             	3.29228720e+02
613             	3.29232427e+02
614             	3.29236518e+02
615             	3.29240898e+02
616             	3.29245396e+02
617             	3.29249922e+02
618             	3.29254285e+02
619             	3.29258470e+02
620             	3.29262610e+02
621             	3.29266911e+02
622             	3.29271308e+02
623             	3.29275711e+02
624             	3.29280014e+02
625             	3.29284320e+02
626             	3.29288367e+02
627             	3.29292280e+02
628             	3.29295874e+02
629             	3.29299122e+02
630             	3.29302236e+02
631             	3.29305355e+02
632             	3.29308470e+02
633             	3.29311453e+02
634             	3.29314000e+02
635             	3.29316276e+02
636             	3.29318411e+02
637             	3.29320286e+02
638             	3.29321884e+02
639             	3.29323161e+02
640             	3.29324104e+02
641             	3.29324855e+02
642             	3.29325488e+02
643             	3.29326072e+02
644             	3.29326779e+02
645             	3.29327558e+02
646             	3.29328432e+02
647             	3.29329429e+02
648             	3.29330564e+02
649             	3.29331718e+02
650             	3.29332713e+02
651             	3.29333460e+02
652             	3.29333959e+02
653             	3.29334564e+02
654             	3.29335448e+02
655             	3.29336676e+02
656             	3.29338147e+02
657             	3.29339632e+02
658             	3.29340965e+02
659             	3.29342358e+02
660             	3.29343873e+02
661             	3.29345564e+02
662             	3.29347468e+02
663             	3.29349542e+02
664             	3.29351867e+02
665             	3.29354402e+02
666             	3.29357184e+02
667             	3.29360102e+02
668             	3.29363192e+02
669             	3.29366535e+02
670             	3.29370103e+02
671             	3.29373767e+02
672             	3.29377462e+02
673             	3.29381289e+02
674             	3.29385281e+02
675             	3.29389146e+02
676             	3.29392871e+02
677             	3.29396543e+02
678             	3.29400065e+02
679             	3.29403391e+02
680             	3.29406613e+02
681             	3.29409641e+02
682             	3.29412508e+02
683             	3.29415202e+02
684             	3.29417662e+02
685             	3.29419736e+02
686             	3.29421472e+02
687             	3.29422971e+02
688             	3.29424270e+02
689             	3.29425351e+02
690             	3.29426280e+02
691             	3.29427103e+02
692             	3.29427900e+02
693             	3.29428749e+02
694             	3.29429563e+02
695             	3.29430256e+02
696             	3.29431011e+02
697             	3.29431933e+02
698             	3.29432800e+02
699             	3.29433609e+02
700             	3.29434381e+02
701             	3.29435071e+02
702             	3.29435349e+02
703             	3.29435236e+02
704             	3.29435135e+02
705             	3.29435101e+02
706             	3.29435021e+02
707             	3.29434811e+02
708             	3.29434697e+02
709             	3.29434755e+02
710             	3.29434926e+02
711             	3.29434880e+02
712             	3.29434750e+02
713             	3.29434624e+02
714             	3.29434597e+02
715             	3.29434701e+02
716             	3.29434939e+02
717             	3.29435383e+02
718             	3.29436125e+02
719             	3.29437248e+02
720             	3.29438599e+02
721             	3.29440228e+02
722             	3.29442032e+02
723             	3.29444120e+02
724             	3.29446242e+02
725             	3.29448504e+02
726             	3.29451115e+02
727             	3.29454006e+02
728             	3.29457165e+02
729             	3.29460475e+02
730             	3.29463903e+02
731             	3.29467136e+02
732             	3.29470095e+02
733             	3.29472873e+02
734             	3.29475774e+02
735             	3.29478691e+02
736             	3.29481420e+02
737             	3.29483961e+02
738             	3.29486285e+02
739             	3.29488391e+02
740             	3.29490229e+02
741             	3.29491793e+02
742             	3.29493511e+02
743             	3.29494780e+02
744             	3.29495395e+02
745             	3.29495494e+02
746             	3.29495248e+02
747             	3.29495010e+02
748             	3.29494831e+02
749             	3.29494166e+02
750             	3.29493869e+02
751             	3.29492816e+02
752             	3.29492518e+02
753             	3.29492834e+02
754             	3.29493323e+02
755             	3.29493736e+02
756             	3.29494243e+02
757             	3.29494337e+02
758             	3.29493721e+02
759             	3.29492536e+02
760             	3.29492284e+02
761             	3.29491248e+02
762             	3.29489699e+02
763             	3.29488097e+02
764             	3.29486466e+02
765             	3.29485192e+02
766             	3.29484618e+02
767             	3.29484828e+02
768             	3.29485224e+02
769             	3.29484866e+02
770             	3.29484044e+02
771             	3.29484202e+02
772             	3.29484767e+02
773             	3.29485317e+02
774             	3.29485728e+02
775             	3.29486099e+02
776             	3.29486994e+02
777             	3.29487346e+02
778             	3.29486274e+02
779             	3.29485759e+02
780             	3.29484761e+02
781             	3.29484319e+02
782             	3.29484672e+02
783             	3.29485474e+02
784             	3.29486535e+02
785             	3.29487777e+02
786             	3.29489190e+02
787             	3.29490963e+02
788             	3.29493406e+02
789             	3.29496506e+02
790             	3.29499716e+02
791             	3.29503312e+02
792             	3.29506954e+02
793             	3.29510130e+02
794             	3.29512660e+02
795             	3.29513263e+02
796             	3.29513484e+02
797             	3.29513459e+02
798             	3.29513444e+02
799             	3.29513317e+02
800             	3.29512850e+02
801             	3.29512253e+02
802             	3.29511718e+02
803             	3.29511278e+02
804             	3.29511139e+02
805             	3.29510604e+02
806             	3.29510452e+02
807             	3.29510485e+02
808             	3.29510115e+02
809             	3.29509515e+02
810             	3.29508770e+02
811             	3.29508293e+02
812             	3.29508050e+02
813             	3.29507907e+02
814             	3.29507952e+02
815             	3.29507466e+02
816             	3.29507326e+02
817             	3.29507028e+02
818             	3.29505873e+02
819             	3.29504114e+02
820             	3.29501980e+02
821             	3.29499827e+02
822             	3.29497708e+02
823             	3.29495930e+02
824             	3.29494425e+02
825             	3.29493049e+02
826             	3.29491971e+02
827             	3.29491374e+02
828             	3.29489948e+02
829             	3.29488550e+02
830             	3.29487274e+02
831             	3.29486394e+02
832             	3.29485982e+02
833             	3.29486063e+02
834             	3.29486780e+02
835             	3.29488152e+02
836             	3.29490021e+02
837             	3.29492147e+02
838             	3.29494342e+02
839             	3.29496843e+02
840             	3.29499667e+02
841             	3.29502606e+02
842             	3.29505502e+02
843             	3.29508351e+02
844             	3.29510429e+02
845             	3.29512335e+02
846             	3.29514641e+02
847             	3.29516863e+02
848             	3.29518448e+02
849             	3.29519585e+02
850             	3.29520574e+02
851             	3.29521497e+02
852             	3.29522403e+02
853             	3.29523217e+02
854             	3.29524129e+02
855             	3.29525254e+02
856             	3.29526578e+02
857             	3.29527926e+02
858             	3.29529266e+02
859             	3.29530533e+02
860             	3.29532092e+02
861             	3.29533673e+02
862             	3.29534871e+02
863             	3.29535752e+02
864             	3.29536329e+02
865             	3.29536599e+02
866             	3.29536581e+02
867             	3.29536175e+02
868             	3.29535815e+02
869             	3.29534742e+02
870             	3.29533247e+02
871             	3.29531261e+02
872             	3.29529194e+02
873             	3.29527143e+02
874             	3.29524977e+02
875             	3.29522519e+02
876             	3.29519905e+02
877             	3.29517521e+02
878             	3.29515662e+02
879             	3.29514343e+02
880             	3.29513427e+02
881             	3.29512827e+02
882             	3.29512409e+02
883             	3.29511927e+02
884             	3.29511380e+02
885             	3.29510800e+02
886             	3.29510182e+02
887             	3.29509577e+02
888             	3.29509052e+02
889             	3.29508784e+02
890             	3.29508949e+02
891             	3.29509664e+02
892             	3.29510722e+02
893             	3.29512036e+02
894             	3.29513560e+02
895             	3.29515090e+02
896             	3.29517131e+02
897             	3.29519527e+02
898             	3.29522154e+02
899             	3.29524663e+02
900             	3.29527402e+02
901             	3.29530292e+02
902             	3.29532839e+02
903             	3.29535006e+02
904             	3.29537142e+02
905             	3.29539267e+02
906             	3.29541143e+02
907             	3.29542310e+02
908             	3.29543334e+02
909             	3.29544179e+02
910             	3.29544833e+02
911             	3.29545094e+02
912             	3.29545243e+02
913             	3.29545513e+02
914             	3.29545516e+02
915             	3.29545280e+02
916             	3.29545004e+02
917             	3.29544997e+02
918             	3.29545290e+02
919             	3.29545542e+02
920             	3.29545685e+02
921             	3.29545671e+02
922             	3.29545493e+02
923             	3.29545138e+02
924             	3.29544631e+02
925             	3.29544141e+02
926             	3.29543425e+02
927             	3.29542881e+02
928             	3.29542430e+02
929             	3.29542017e+02
930             	3.29541622e+02
931             	3.29541211e+02
932             	3.29540489e+02
933             	3.29539300e+02
934             	3.29538092e+02
935             	3.29537005e+02
936             	3.29536022e+02
937             	3.29535057e+02
938             	3.29534014e+02
939             	3.29532944e+02
940             	3.29531902e+02
941             	3.29530917e+02
942             	3.29530061e+02
943             	3.29529432e+02
944             	3.29529148e+02
945             	3.29529479e+02
946             	3.29530296e+02
947             	3.29531425e+02
948             	3.29532733e+02
949             	3.29534181e+02
950             	3.29535671e+02
951             	3.29537349e+02
952             	3.29539464e+02
953             	3.29541860e+02
954             	3.29544232e+02
955             	3.29546593e+02
956             	3.29548927e+02
957             	3.29551197e+02
958             	3.29553386e+02
959             	3.29555605e+02
960             	3.29557652e+02
961             	3.29559494e+02
962             	3.29561104e+02
963             	3.29562469e+02
964             	3.29563575e+02
965             	3.29564470e+02
966             	3.29565143e+02
967             	3.29565486e+02
968             	3.29565457e+02
969             	3.29565169e+02
970             	3.29564662e+02
971             	3.29563973e+02
972             	3.29563149e+02
973             	3.29562262e+02
974             	3.29561671e+02
975             	3.29561118e+02
976             	3.29560555e+02
977             	3.29560182e+02
978             	3.29559816e+02
979             	3.29559598e+02
980             	3.29559340e+02
981             	3.29559212e+02
982             	3.29559132e+02
983             	3.29558989e+02
984             	3.29558810e+02
985             	3.29558433e+02
986             	3.29557783e+02
987             	3.29556952e+02
988             	3.29556133e+02
989             	3.29554995e+02
990             	3.29553949e+02
991             	3.29553238e+02
992             	3.29552719e+02
993             	3.29552196e+02
994             	3.29551850e+02
995             	3.29551250e+02
996             	3.29550305e+02
997             	3.29549129e+02
998             	3.29547973e+02
999             	3.29547001e+02
1000            	3.29546461e+02
1001            	3.29546324e+02
1002            	3.29546410e+02
1003            	3.29546618e+02
1004            	3.29547082e+02
1005            	3.29547733e+02
1006            	3.29548866e+02
1007            	3.29550254e+02
1008            	3.29551914e+02
1009            	3.29553681e+02
1010            	3.29555553e+02
1011            	3.29557573e+02
1012            	3.29559659e+02
1013            	3.29561726e+02
1014            	3.29563923e+02
1015            	3.29566265e+02
1016            	3.29568671e+02
1017            	3.29571033e+02
1018            	3.29573254e+02
1019            	3.29575247e+02
1020            	3.29576966e+02
1021            	3.29578379e+02
1022            	3.29579479e+02
1023            	3.29580299e+02
1024            	3.29580916e+02
1025            	3.29580968e+02
1026            	3.29580568e+02
1027            	3.29579922e+02
1028            	3.29579099e+02
1029            	3.29578169e+02
1030            	3.29577264e+02
1031            	3.29576347e+02
1032            	3.29575506e+02
1033            	3.29574626e+02
1034            	3.29573685e+02
1035            	3.29573054e+02
1036            	3.29572595e+02
1037            	3.29572249e+02
1038            	3.29572018e+02
1039            	3.29571852e+02
1040            	3.29571614e+02
1041            	3.29571243e+02
1042            	3.29570723e+02
1043            	3.29569966e+02
1044            	3.29569183e+02
1045            	3.29568455e+02
1046            	3.29567719e+02
1047            	3.29566917e+02
1048            	3.29566065e+02
1049            	3.29565288e+02
1050            	3.29564539e+02
1051            	3.29563653e+02
1052            	3.29562651e+02
1053            	3.29561665e+02
1054            	3.29560808e+02
1055            	3.29560153e+02
1056            	3.29559674e+02
1057            	3.29559564e+02
1058            	3.29559775e+02
1059            	3.29560216e+02
1060            	3.29560817e+02
1061            	3.29561727e+02
1062            	3.29562881e+02
1063            	3.29564272e+02
1064            	3.29565914e+02
1065            	3.29567784e+02
1066            	3.29569857e+02
1067            	3.29572175e+02
1068            	3.29574554e+02
1069            	3.29576758e+02
1070            	3.29579100e+02
1071            	3.29581533e+02
1072            	3.29583856e+02
1073            	3.29586045e+02
1074            	3.29588080e+02
1075            	3.29589917e+02
1076            	3.29591501e+02
1077            	3.29592835e+02
1078            	3.29593969e+02
1079            	3.29594907e+02
1080            	3.29595330e+02
1081            	3.29595661e+02
1082            	3.29595678e+02
1083            	3.29595713e+02
1084            	3.29595565e+02
1085            	3.29595180e+02
1086            	3.29594535e+02
1087            	3.29593800e+02
1088            	3.29593344e+02
1089            	3.29592785e+02
1090            	3.29592320e+02
1091            	3.29592010e+02
1092            	3.29591813e+02
1093            	3.29591610e+02
1094            	3.29591344e+02
1095            	3.29590824e+02
1096            	3.29589951e+02
1097            	3.29588968e+02
1098            	3.29587845e+02
1099            	3.29586726e+02
1100            	3.29585737e+02
1101            	3.29584891e+02
1102            	3.29584205e+02
1103            	3.29583537e+02
1104            	3.29582899e+02
1105            	3.29582127e+02
1106            	3.29581197e+02
1107            	3.29580184e+02
1108            	3.29579131e+02
1109            	3.29578109e+02
1110            	3.29577112e+02
1111            	3.29576066e+02
1112            	3.29575368e+02
1113            	3.29575315e+02
1114            	3.29575522e+02
1115            	3.29575793e+02
1116            	3.29576400e+02
1117            	3.29577519e+02
1118            	3.29578883e+02
1119            	3.29580529e+02
1120            	3.29582493e+02
1121            	3.29584778e+02
1122            	3.29587271e+02
1123            	3.29589826e+02
1124            	3.29592309e+02
1125            	3.29594768e+02
1126            	3.29597275e+02
1127            	3.29599738e+02
1128            	3.29602086e+02
1129            	3.29604254e+02
1130            	3.29606136e+02
1131            	3.29607775e+02
1132            	3.29609286e+02
1133            	3.29610640e+02
1134            	3.29611788e+02
1135            	3.29612608e+02
1136            	3.29613197e+02
1137            	3.29613353e+02
1138            	3.29613162e+02
1139            	3.29612752e+02
1140            	3.29612148e+02
1141            	3.29611366e+02
1142            	3.29610434e+02
1143            	3.29609379e+02
1144            	3.29608246e+02
1145            	3.29607122e+02
1146            	3.29606241e+02
1147            	3.29605376e+02
1148            	3.29604550e+02
1149            	3.29603774e+02
1150            	3.29602992e+02
1151            	3.29602152e+02
1152            	3.29601205e+02
1153            	3.29600111e+02
1154            	3.29598953e+02
1155            	3.29597855e+02
1156            	3.29596694e+02
1157            	3.29595476e+02
1158            	3.29594306e+02
1159            	3.29593199e+02
1160            	3.29592140e+02
1161            	3.29591171e+02
1162            	3.29590074e+02
1163            	3.29589035e+02
1164            	3.29588187e+02
1165            	3.29587386e+02
1166            	3.29586580e+02
1167            	3.29585792e+02
1168            	3.29585080e+02
1169            	3.29584583e+02
1170            	3.29584244e+02
1171            	3.29584163e+02
1172            	3.29584291e+02
1173            	3.29584650e+02
1174            	3.29585182e+02
1175            	3.29585821e+02
1176            	3.29586821e+02
1177            	3.29588117e+02
1178            	3.29589624e+02
1179            	3.29591284e+02
1180            	3.29592984e+02
1181            	3.29594201e+02
1182            	3.29595680e+02
1183            	3.29597505e+02
1184            	3.29599424e+02
1185            	3.29601254e+02
1186            	3.29602920e+02
1187            	3.29604416e+02
1188            	3.29605733e+02
1189            	3.29606821e+02
1190            	3.29607573e+02
1191            	3.29608168e+02
1192            	3.29608520e+02
1193            	3.29608470e+02
1194            	3.29608690e+02
1195            	3.29608436e+02
1196            	3.29607712e+02
1197            	3.29606601e+02
1198            	3.29605599e+02
1199            	3.29604852e+02
1200            	3.29604303e+02
1201            	3.29603960e+02
1202            	3.29603710e+02
1203            	3.29603391e+02
1204            	3.29603040e+02
1205            	3.29601982e+02
1206            	3.29601203e+02
1207            	3.29600447e+02
1208            	3.29599526e+02
1209            	3.29598562e+02
1210            	3.29597554e+02
1211            	3.29596519e+02
1212            	3.29595195e+02
1213            	3.29593648e+02
1214            	3.29592149e+02
1215            	3.29590807e+02
1216            	3.29589614e+02
1217            	3.29588579e+02
1218            	3.29587645e+02
1219            	3.29586591e+02
1220            	3.29585346e+02
1221            	3.29583911e+02
1222            	3.29582505e+02
1223            	3.29581668e+02
1224            	3.29580867e+02
1225            	3.29580423e+02
1226            	3.29580156e+02
1227            	3.29580111e+02
1228            	3.29580689e+02
1229            	3.29581738e+02
1230            	3.29583264e+02
1231            	3.29584840e+02
1232            	3.29586197e+02
1233            	3.29586897e+02
1234            	3.29587902e+02
1235            	3.29589338e+02
1236            	3.29590614e+02
1237            	3.29591574e+02
1238            	3.29592486e+02
1239            	3.29593439e+02
1240            	3.29594413e+02
1241            	3.29595540e+02
1242            	3.29596674e+02
1243            	3.29598077e+02
1244            	3.29599568e+02
1245            	3.29601193e+02
1246            	3.29602228e+02
1247            	3.29602477e+02
1248            	3.29602445e+02
1249            	3.29602108e+02
1250            	3.29601590e+02
1251            	3.29601026e+02
1252            	3.29600873e+02
1253            	3.29600804e+02
1254            	3.29600926e+02
1255            	3.29601292e+02
1256            	3.29600770e+02
1257            	3.29600229e+02
1258            	3.29599670e+02
1259            	3.29598877e+02
1260            	3.29597884e+02
1261            	3.29596426e+02
1262            	3.29594715e+02
1263            	3.29592830e+02
1264            	3.29591035e+02
1265            	3.29589798e+02
1266            	3.29588687e+02
1267            	3.29587546e+02
1268            	3.29586539e+02
1269            	3.29585591e+02
1270            	3.29584613e+02
1271            	3.29583456e+02
1272            	3.29582176e+02
1273            	3.29580848e+02
1274            	3.29579517e+02
1275            	3.29578135e+02
1276            	3.29576977e+02
1277            	3.29576004e+02
1278            	3.29575140e+02
1279            	3.29574342e+02
1280            	3.29573515e+02
1281            	3.29571844e+02
1282            	3.29570390e+02
1283            	3.29569788e+02
1284            	3.29569373e+02
1285            	3.29569067e+02
1286            	3.29568988e+02
1287            	3.29569183e+02
1288            	3.29570193e+02
1289            	3.29570812e+02
1290            	3.29570550e+02
1291            	3.29570981e+02
1292            	3.29571132e+02
1293            	3.29572005e+02
1294            	3.29573270e+02
1295            	3.29574674e+02
1296            	3.29576214e+02
1297            	3.29577980e+02
1298            	3.29579994e+02
1299            	3.29581828e+02
1300            	3.29583306e+02
1301            	3.29584951e+02
1302            	3.29586755e+02
1303            	3.29588068e+02
1304            	3.29588985e+02
1305            	3.29590291e+02
1306            	3.29591053e+02
1307            	3.29591258e+02
1308            	3.29591200e+02
1309            	3.29590952e+02
1310            	3.29590528e+02
1311            	3.29590109e+02
1312            	3.29589852e+02
1313            	3.29589651e+02
1314            	3.29590011e+02
1315            	3.29589714e+02
1316            	3.29588795e+02
1317            	3.29587234e+02
1318            	3.29585422e+02
1319            	3.29583772e+02
1320            	3.29582697e+02
1321            	3.29581992e+02
1322            	3.29581358e+02
1323            	3.29580114e+02
1324            	3.29578581e+02
1325            	3.29577794e+02
1326            	3.29577235e+02
1327            	3.29576437e+02
1328            	3.29575455e+02
1329            	3.29574179e+02
1330            	3.29572916e+02
1331            	3.29571817e+02
1332            	3.29570018e+02
1333            	3.29568205e+02
1334            	3.29566527e+02
1335            	3.29564980e+02
1336            	3.29563799e+02
1337            	3.29562934e+02
1338            	3.29562410e+02
1339            	3.29561774e+02
1340            	3.29561928e+02
1341            	3.29562664e+02
1342            	3.29564159e+02
1343            	3.29565794e+02
1344            	3.29567471e+02
1345            	3.29568312e+02
1346            	3.29568966e+02
1347            	3.29569775e+02
1348            	3.29570421e+02
1349            	3.29571072e+02
1350            	3.29571898e+02
1351            	3.29573093e+02
1352            	3.29573950e+02
1353            	3.29574164e+02
1354            	3.29573817e+02
1355            	3.29573408e+02
1356            	3.29573546e+02
1357            	3.29573803e+02
1358            	3.29573846e+02
1359            	3.29573778e+02
1360            	3.29573670e+02
1361            	3.29573504e+02
1362            	3.29572165e+02
1363            	3.29571325e+02
1364            	3.29570291e+02
1365            	3.29569567e+02
1366            	3.29569167e+02
1367            	3.29569018e+02
1368            	3.29569310e+02
1369            	3.29569799e+02
1370            	3.29569461e+02
1371            	3.29568081e+02
1372            	3.29565925e+02
1373            	3.29563796e+02
1374            	3.29561991e+02
1375            	3.29560860e+02
1376            	3.29559661e+02
1377            	3.29558663e+02
1378            	3.29557750e+02
1379            	3.29556977e+02
1380            	3.29556534e+02
1381            	3.29556536e+02
1382            	3.29557389e+02
1383            	3.29558227e+02
1384            	3.29558705e+02
1385            	3.29558679e+02
1386            	3.29558076e+02
1387            	3.29556689e+02
1388            	3.29554430e+02
1389            	3.29551924e+02
1390            	3.29549811e+02
1391            	3.29548112e+02
1392            	3.29546437e+02
1393            	3.29544870e+02
1394            	3.29543467e+02
1395            	3.29542086e+02
1396            	3.29540757e+02
1397            	3.29539659e+02
1398            	3.29538872e+02
1399            	3.29538270e+02
1400            	3.29538193e+02
1401            	3.29538787e+02
1402            	3.29539675e+02
1403            	3.29541235e+02
1404            	3.29543460e+02
1405            	3.29544774e+02
1406            	3.29546145e+02
1407            	3.29546891e+02
1408            	3.29549090e+02
1409            	3.29551507e+02
1410            	3.29553527e+02
1411            	3.29555371e+02
1412            	3.29556590e+02
1413            	3.29557542e+02
1414            	3.29558401e+02
1415            	3.29559260e+02
1416            	3.29560057e+02
1417            	3.29560756e+02
1418            	3.29561273e+02
1419            	3.29561679e+02
1420            	3.29562093e+02
1421            	3.29562516e+02
1422            	3.29562921e+02
1423            	3.29562566e+02
1424            	3.29562223e+02
1425            	3.29562103e+02
1426            	3.29562003e+02
1427            	3.29561786e+02
1428            	3.29561501e+02
1429            	3.29561533e+02
1430            	3.29561948e+02
1431            	3.29562001e+02
1432            	3.29562156e+02
1433            	3.29562330e+02
1434            	3.29562340e+02
1435            	3.29562715e+02
1436            	3.29562870e+02
1437            	3.29562157e+02
1438            	3.29560878e+02
1439            	3.29559200e+02
1440            	3.29557683e+02
1441            	3.29556653e+02
1442            	3.29555925e+02
1443            	3.29555240e+02
1444            	3.29554428e+02
1445            	3.29554289e+02
1446            	3.29554797e+02
1447            	3.29554728e+02
1448            	3.29554000e+02
1449            	3.29552723e+02
1450            	3.29551170e+02
1451            	3.29549720e+02
1452            	3.29549014e+02
1453            	3.29548227e+02
1454            	3.29547578e+02
1455            	3.29547346e+02
1456            	3.29546960e+02
1457            	3.29546445e+02
1458            	3.29546404e+02
1459            	3.29546491e+02
1460            	3.29546971e+02
1461            	3.29547587e+02
1462            	3.29548768e+02
1463            	3.29550101e+02
1464            	3.29551570e+02
1465            	3.29552757e+02
1466            	3.29553560e+02
1467            	3.29554901e+02
1468            	3.29556513e+02
1469            	3.29557960e+02
1470            	3.29559425e+02
1471            	3.29560504e+02
1472            	3.29561314e+02
1473            	3.29562432e+02
1474            	3.29563569e+02
1475            	3.29564499e+02
1476            	3.29565761e+02
1477            	3.29566642e+02
1478            	3.29567305e+02
1479            	3.29567528e+02
1480            	3.29567828e+02
1481            	3.29568142e+02
1482            	3.29568159e+02
1483            	3.29568096e+02
1484            	3.29567929e+02
1485            	3.29568102e+02
1486            	3.29568637e+02
1487            	3.29569483e+02
1488            	3.29569824e+02
1489            	3.29570000e+02
1490            	3.29569722e+02
1491            	3.29568936e+02
1492            	3.29567555e+02
1493            	3.29565945e+02
1494            	3.29564421e+02
1495            	3.29562948e+02
1496            	3.29561698e+02
1497            	3.29560471e+02
1498            	3.29559717e+02
1499            	3.29558956e+02
1500            	3.29557538e+02
1501            	3.29555847e+02
1502            	3.29554080e+02
1503            	3.29552507e+02
1504            	3.29551419e+02
1505            	3.29551237e+02
1506            	3.29551576e+02
1507            	3.29552248e+02
1508            	3.29552797e+02
1509            	3.29552912e+02
1510            	3.29553300e+02
1511            	3.29553829e+02
1512            	3.29553983e+02
1513            	3.29553738e+02
1514            	3.29553387e+02
1515            	3.29553487e+02
1516            	3.29553913e+02
1517            	3.29554326e+02
1518            	3.29555035e+02
1519            	3.29555965e+02
1520            	3.29556998e+02
1521            	3.29558118e+02
1522            	3.29558647e+02
1523            	3.29558531e+02
1524            	3.29559070e+02
1525            	3.29560158e+02
1526            	3.29561909e+02
1527            	3.29563643e+02
1528            	3.29565468e+02
1529            	3.29567526e+02
1530            	3.29569584e+02
1531            	3.29570847e+02
1532            	3.29571795e+02
1533            	3.29572371e+02
1534            	3.29571605e+02
1535            	3.29570539e+02
1536            	3.29569364e+02
1537            	3.29568156e+02
1538            	3.29567485e+02
1539            	3.29567388e+02
1540            	3.29567744e+02
1541            	3.29568228e+02
1542            	3.29568564e+02
1543            	3.29569084e+02
1544            	3.29569250e+02
1545            	3.29568313e+02
1546            	3.29568145e+02
1547            	3.29568312e+02
1548            	3.29568229e+02
1549            	3.29568316e+02
1550            	3.29568627e+02
1551            	3.29568821e+02
1552            	3.29568438e+02
1553            	3.29567431e+02
1554            	3.29565861e+02
1555            	3.29564326e+02
1556            	3.29563100e+02
1557            	3.29562035e+02
1558            	3.29561303e+02
1559            	3.29560782e+02
1560            	3.29560603e+02
1561            	3.29560650e+02
1562            	3.29560684e+02
1563            	3.29560353e+02
1564            	3.29559667e+02
1565            	3.29558762e+02
1566            	3.29557751e+02
1567            	3.29556587e+02
1568            	3.29555630e+02
1569            	3.29554841e+02
1570            	3.29554366e+02
1571            	3.29553879e+02
1572            	3.29553428e+02
1573            	3.29553317e+02
1574            	3.29553643e+02
1575            	3.29554220e+02
1576            	3.29555040e+02
1577            	3.29556088e+02
1578            	3.29557376e+02
1579            	3.29558789e+02
1580            	3.29560612e+02
1581            	3.29562500e+02
1582            	3.29564433e+02
1583            	3.29566694e+02
1584            	3.29569328e+02
1585            	3.29572115e+02
1586            	3.29574704e+02
1587            	3.29576517e+02
1588            	3.29577473e+02
1589            	3.29577680e+02
1590            	3.29577375e+02
1591            	3.29576663e+02
1592            	3.29575967e+02
1593            	3.29575155e+02
1594            	3.29574529e+02
1595            	3.29574108e+02
1596            	3.29573930e+02
1597            	3.29573914e+02
1598            	3.29573962e+02
1599            	3.29574312e+02
1600            	3.29574195e+02
1601            	3.29574176e+02
1602            	3.29574175e+02
1603            	3.29573997e+02
1604            	3.29573668e+02
1605            	3.29573301e+02
1606            	3.29572968e+02
1607            	3.29572667e+02
1608            	3.29572357e+02
1609            	3.29572017e+02
1610            	3.29571705e+02
1611            	3.29570872e+02
1612            	3.29569577e+02
1613            	3.29567952e+02
1614            	3.29566427e+02
1615            	3.29564671e+02
1616            	3.29563012e+02
1617            	3.29562024e+02
1618            	3.29561321e+02
1619            	3.29560899e+02
1620            	3.29560630e+02
1621            	3.29560568e+02
1622            	3.29560661e+02
1623            	3.29560896e+02
1624            	3.29561249e+02
1625            	3.29561665e+02
1626            	3.29562201e+02
1627            	3.29562705e+02
1628            	3.29563294e+02
1629            	3.29564135e+02
1630            	3.29564799e+02
1631            	3.29565029e+02
1632            	3.29565533e+02
1633            	3.29566156e+02
1634            	3.29566974e+02
1635            	3.29568044e+02
1636            	3.29569300e+02
1637            	3.29570528e+02
1638            	3.29571809e+02
1639            	3.29573339e+02
1640            	3.29574879e+02
1641            	3.29576624e+02
1642            	3.29578051e+02
1643            	3.29579391e+02
1644            	3.29580192e+02
1645            	3.29581249e+02
1646            	3.29582584e+02
1647            	3.29583967e+02
1648            	3.29585282e+02
1649            	3.29586343e+02
1650            	3.29587233e+02
1651            	3.29588049e+02
1652            	3.29588771e+02
1653            	3.29589272e+02
1654            	3.29589930e+02
1655            	3.29590428e+02
1656            	3.29590568e+02
1657            	3.29590429e+02
1658            	3.29590154e+02
1659            	3.29589609e+02
1660            	3.29588999e+02
1661            	3.29588316e+02
1662            	3.29587403e+02
1663            	3.29586349e+02
1664            	3.29585391e+02
1665            	3.29584477e+02
1666            	3.29583663e+02
1667            	3.29582930e+02
1668            	3.29582201e+02
1669            	3.29581582e+02
1670            	3.29581195e+02
1671            	3.29580970e+02
1672            	3.29580888e+02
1673            	3.29580882e+02
1674            	3.29580541e+02
1675            	3.29580323e+02
1676            	3.29580381e+02
1677            	3.29580550e+02
1678            	3.29580743e+02
1679            	3.29580982e+02
1680            	3.29581319e+02
1681            	3.29581538e+02
1682            	3.29581765e+02
1683            	3.29582190e+02
1684            	3.29582750e+02
1685            	3.29583449e+02
1686            	3.29584309e+02
1687            	3.29585269e+02
1688            	3.29586284e+02
1689            	3.29587407e+02
1690            	3.29588665e+02
1691            	3.29589927e+02
1692            	3.29591099e+02
1693            	3.29592244e+02
1694            	3.29593472e+02
1695            	3.29594887e+02
1696            	3.29596394e+02
1697            	3.29597936e+02
1698            	3.29599434e+02
1699            	3.29600780e+02
1700            	3.29601874e+02
1701            	3.29602961e+02
1702            	3.29603997e+02
1703            	3.29604806e+02
1704            	3.29605624e+02
1705            	3.29606375e+02
1706            	3.29606772e+02
1707            	3.29607087e+02
1708            	3.29607333e+02
1709            	3.29607328e+02
1710            	3.29607151e+02
1711            	3.29606857e+02
1712            	3.29606646e+02
1713            	3.29606297e+02
1714            	3.29605812e+02
1715            	3.29605194e+02
1716            	3.29604452e+02
1717            	3.29603614e+02
1718            	3.29602747e+02
1719            	3.29601861e+02
1720            	3.29600958e+02
1721            	3.29600034e+02
1722            	3.29599082e+02
1723            	3.29598104e+02
1724            	3.29597128e+02
1725            	3.29595970e+02
1726            	3.29594929e+02
1727            	3.29594202e+02
1728            	3.29593666e+02
1729            	3.29593096e+02
1730            	3.29592653e+02
1731            	3.29592315e+02
1732            	3.29591815e+02
1733            	3.29591122e+02
1734            	3.29590238e+02
1735            	3.29589360e+02
1736            	3.29588703e+02
1737            	3.29588324e+02
1738            	3.29588364e+02
1739            	3.29588699e+02
1740            	3.29589072e+02
1741            	3.29589489e+02
1742            	3.29590080e+02
1743            	3.29590939e+02
1744            	3.29591998e+02
1745            	3.29593349e+02
1746            	3.29594854e+02
1747            	3.29596227e+02
1748            	3.29597699e+02
1749            	3.29599392e+02
1750            	3.29601161e+02
1751            	3.29602908e+02
1752            	3.29604735e+02
1753            	3.29606708e+02
1754            	3.29608757e+02
1755            	3.29610581e+02
1756            	3.29612342e+02
1757            	3.29613928e+02
1758            	3.29615339e+02
1759            	3.29616660e+02
1760            	3.29617830e+02
1761            	3.29618775e+02
1762            	3.29619444e+02
1763            	3.29619843e+02
1764            	3.29619977e+02
1765            	3.29619729e+02
1766            	3.29619248e+02
1767            	3.29618845e+02
1768            	3.29618513e+02
1769            	3.29617823e+02
1770            	3.29616944e+02
1771            	3.29615721e+02
1772            	3.29614621e+02
1773            	3.29613824e+02
1774            	3.29612930e+02
1775            	3.29611880e+02
1776            	3.29610745e+02
1777            	3.29609739e+02
1778            	3.29608883e+02
1779            	3.29608102e+02
1780            	3.29607267e+02
1781            	3.29606287e+02
1782            	3.29604938e+02
1783            	3.29603268e+02
1784            	3.29601636e+02
1785            	3.29600244e+02
1786            	3.29599289e+02
1787            	3.29598673e+02
1788            	3.29598189e+02
1789            	3.29597850e+02
1790            	3.29597482e+02
1791            	3.29596853e+02
1792            	3.29596066e+02
1793            	3.29595244e+02
1794            	3.29594553e+02
1795            	3.29594173e+02
1796            	3.29594407e+02
1797            	3.29594984e+02
1798            	3.29595480e+02
1799            	3.29596477e+02
1800            	3.29597694e+02
1801            	3.29599414e+02
1802            	3.29601538e+02
1803            	3.29603873e+02
1804            	3.29606352e+02
1805            	3.29608643e+02
1806            	3.29610281e+02
1807            	3.29611472e+02
1808            	3.29612658e+02
1809            	3.29614023e+02
1810            	3.29615357e+02
1811            	3.29616488e+02
1812            	3.29617428e+02
1813            	3.29618381e+02
1814            	3.29619153e+02
1815            	3.29619574e+02
1816            	3.29619890e+02
1817            	3.29620204e+02
1818            	3.29620902e+02
1819            	3.29621829e+02
1820            	3.29622331e+02
1821            	3.29622428e+02
1822            	3.29622352e+02
1823            	3.29622230e+02
1824            	3.29622050e+02
1825            	3.29621472e+02
1826            	3.29620753e+02
1827            	3.29619701e+02
1828            	3.29618284e+02
1829            	3.29616505e+02
1830            	3.29614556e+02
1831            	3.29612659e+02
1832            	3.29610871e+02
1833            	3.29609263e+02
1834            	3.29607866e+02
1835            	3.29606556e+02
1836            	3.29605172e+02
1837            	3.29603676e+02
1838            	3.29602161e+02
1839            	3.29600916e+02
1840            	3.29600125e+02
1841            	3.29599537e+02
1842            	3.29598977e+02
1843            	3.29598719e+02
1844            	3.29598681e+02
1845            	3.29598793e+02
1846            	3.29598811e+02
1847            	3.29598744e+02
1848            	3.29598611e+02
1849            	3.29598535e+02
1850            	3.29598592e+02
1851            	3.29598866e+02
1852            	3.29599197e+02
1853            	3.29599532e+02
1854            	3.29600045e+02
1855            	3.29600705e+02
1856            	3.29601523e+02
1857            	3.29602554e+02
1858            	3.29603840e+02
1859            	3.29605407e+02
1860            	3.29607260e+02
1861            	3.29609055e+02
1862            	3.29610883e+02
1863            	3.29612855e+02
1864            	3.29614953e+02
1865            	3.29617055e+02
1866            	3.29619050e+02
1867            	3.29620870e+02
1868            	3.29622412e+02
1869            	3.29623731e+02
1870            	3.29624790e+02
1871            	3.29625579e+02
1872            	3.29626116e+02
1873            	3.29626505e+02
1874            	3.29626771e+02
1875            	3.29626909e+02
1876            	3.29626827e+02
1877            	3.29626514e+02
1878            	3.29625946e+02
1879            	3.29625147e+02
1880            	3.29624093e+02
1881            	3.29622703e+02
1882            	3.29621079e+02
1883            	3.29619378e+02
1884            	3.29617672e+02
1885            	3.29616041e+02
1886            	3.29614526e+02
1887            	3.29613127e+02
1888            	3.29611996e+02
1889            	3.29610967e+02
1890            	3.29610047e+02
1891            	3.29608976e+02
1892            	3.29607935e+02
1893            	3.29607077e+02
1894            	3.29606418e+02
1895            	3.29605837e+02
1896            	3.29604951e+02
1897            	3.29603771e+02
1898            	3.29602485e+02
1899            	3.29601136e+02
1900            	3.29599716e+02
1901            	3.29598125e+02
1902            	3.29596433e+02
1903            	3.29594848e+02
1904            	3.29593633e+02
1905            	3.29592913e+02
1906            	3.29592501e+02
1907            	3.29592387e+02
1908            	3.29592577e+02
1909            	3.29592917e+02
1910            	3.29593519e+02
1911            	3.29594489e+02
1912            	3.29595746e+02
1913            	3.29597390e+02
1914            	3.29598987e+02
1915            	3.29600742e+02
1916            	3.29602507e+02
1917            	3.29604304e+02
1918            	3.29606210e+02
1919            	3.29608263e+02
1920            	3.29610348e+02
1921            	3.29611965e+02
1922            	3.29613585e+02
1923            	3.29615248e+02
1924            	3.29616861e+02
1925            	3.29618389e+02
1926            	3.29619783e+02
1927            	3.29620977e+02
1928            	3.29621938e+02
1929            	3.29622668e+02
1930            	3.29623141e+02
1931            	3.29623230e+02
1932            	3.29622982e+02
1933            	3.29622408e+02
1934            	3.29621523e+02
1935            	3.29620407e+02
1936            	3.29619163e+02
1937            	3.29617921e+02
1938            	3.29616718e+02
1939            	3.29615573e+02
1940            	3.29614521e+02
1941            	3.29613725e+02
1942            	3.29612981e+02
1943            	3.29612250e+02
1944            	3.29611532e+02
1945            	3.29610701e+02
1946            	3.29609611e+02
1947            	3.29608240e+02
1948            	3.29606633e+02
1949            	3.29605076e+02
1950            	3.29603512e+02
1951            	3.29602028e+02
1952            	3.29600536e+02
1953            	3.29599173e+02
1954            	3.29597754e+02
1955            	3.29596170e+02
1956            	3.29594480e+02
1957            	3.29593029e+02
1958            	3.29591945e+02
1959            	3.29591139e+02
1960            	3.29590474e+02
1961            	3.29589883e+02
1962            	3.29589390e+02
1963            	3.29589038e+02
1964            	3.29588867e+02
1965            	3.29589250e+02
1966            	3.29589988e+02
1967            	3.29591293e+02
1968            	3.29592893e+02
1969            	3.29594630e+02
1970            	3.29596530e+02
1971            	3.29598688e+02
1972            	3.29600929e+02
1973            	3.29602556e+02
1974            	3.29604076e+02
1975            	3.29605989e+02
1976            	3.29608028e+02
1977            	3.29609981e+02
1978            	3.29611752e+02
1979            	3.29612849e+02
1980            	3.29613863e+02
1981            	3.29614988e+02
1982            	3.29616134e+02
1983            	3.29616837e+02
1984            	3.29617468e+02
1985            	3.29618242e+02
1986            	3.29618983e+02
1987            	3.29619479e+02
1988            	3.29619696e+02
1989            	3.29619767e+02
1990            	3.29619576e+02
1991            	3.29619270e+02
1992            	3.29618652e+02
1993            	3.29617396e+02
1994            	3.29616427e+02
1995            	3.29615618e+02
1996            	3.29614762e+02
1997            	3.29613712e+02
1998            	3.29612405e+02
1999            	3.29611102e+02
2000            	3.29609537e+02
