/*--------------------------------*- C++ -*----------------------------------*\
| =========                 |                                                 |
| \\      /  F ield         | OpenFOAM: The Open Source CFD Toolbox           |
|  \\    /   O peration     | Version:  2506                                  |
|   \\  /    A nd           | Website:  www.openfoam.com                      |
|    \\/     M anipulation  |                                                 |
\*---------------------------------------------------------------------------*/
FoamFile
{
    version     2.0;
    format      binary;
    arch        "LSB;label=32;scalar=64";
    class       faceSet;
    location    "constant/polyMesh/sets";
    object      walls;
}
// * * * * * * * * * * * * * * * * * * * * * * * * * * * * * * * * * * * * * //


476
(
7
1035
1039
1043
1047
1049
1053
1056
1060
1062
1063
1064
1067
1070
2098
2101
2105
2109
2111
2112
2114
2117
2118
1097
2125
2126
1103
1105
1106
1107
1110
1114
1117
1120
1122
1125
6258
1144
1146
1149
1150
2175
2176
1152
1153
2179
1157
2182
2183
1159
2186
1163
2189
1165
2197
1174
1176
2201
1177
1184
1185
1186
1194
17581
1197
1203
1206
1207
1231
1232
208
1235
212
2262
220
223
1249
226
227
1252
1253
229
2280
2283
238
2287
1263
241
2290
1268
2294
250
251
254
2303
2307
1283
262
2311
2317
2320
273
2323
2324
277
2335
2337
290
2339
2341
303
309
312
314
317
320
323
324
325
326
327
1361
338
2387
340
1365
2393
2395
2397
1381
2406
359
361
2410
2411
2412
364
366
367
369
1395
371
374
2428
380
2431
2432
1413
391
2443
1421
2446
2447
1426
406
1432
409
410
2462
414
2465
420
423
425
1452
428
1455
431
2482
434
437
1463
440
1466
443
445
448
450
1476
453
455
2504
456
457
458
459
460
2509
461
471
476
2526
1506
1507
1509
488
1513
1516
1529
1531
507
510
1539
515
516
520
2569
522
1554
531
1556
544
2595
548
550
552
2602
554
2606
558
561
562
2615
568
570
573
1598
575
1600
577
580
583
586
589
592
595
2644
598
2647
601
1626
602
2651
1628
604
2654
1630
1631
607
2657
609
611
612
613
614
615
2664
617
620
622
2671
2674
626
629
630
633
636
2685
639
1664
1665
2690
1666
643
2692
1668
1670
1671
647
651
654
1682
658
661
1688
664
1691
667
670
2720
672
674
1699
676
678
1703
680
1705
681
683
1708
685
687
2737
1713
1714
2739
2741
694
1720
697
700
1725
701
1726
704
1729
1730
706
1731
707
1732
710
1735
1736
712
1737
1738
714
715
716
1741
717
2767
1743
719
1744
720
1745
2770
1746
1747
2772
2773
730
2780
2783
1760
1763
2788
1764
2791
1768
2793
2795
747
748
1776
2802
754
2803
758
1785
763
1788
765
767
770
1797
781
785
788
791
1816
794
797
1823
799
800
803
806
808
1836
813
817
821
825
828
830
1857
833
1861
837
1865
841
1868
845
849
851
853
1880
856
1882
859
862
1887
866
1893
869
1895
872
1898
875
878
1904
881
1916
892
1919
896
897
1922
900
904
1929
1930
1931
907
1934
911
912
916
919
922
925
928
931
934
937
1964
940
957
959
961
1986
963
1988
964
1991
969
1994
970
971
1996
972
973
1998
2013
2015
993
995
996
997
999
1000
2025
1002
2032
1009
2034
1010
1012
1014
1015
1016
1017
)


// ************************************************************************* //
