# Region        : cellZone component_0
# Cells         : 112
# Volume        : 2.15264497e-01
# Time          	volAverage(T)
1               	3.00683304e+02
2               	3.01354683e+02
3               	3.01952435e+02
4               	3.02499031e+02
5               	3.03018895e+02
6               	3.03520458e+02
7               	3.04006377e+02
8               	3.04478974e+02
9               	3.04942338e+02
10              	3.05401534e+02
11              	3.05847572e+02
12              	3.06277997e+02
13              	3.06691561e+02
14              	3.07101098e+02
15              	3.07497333e+02
16              	3.07883496e+02
17              	3.08262288e+02
18              	3.08638475e+02
19              	3.09006966e+02
20              	3.09368700e+02
21              	3.09722915e+02
22              	3.10068796e+02
23              	3.10408956e+02
24              	3.10741024e+02
25              	3.11063433e+02
26              	3.11379964e+02
27              	3.11694760e+02
28              	3.12008412e+02
29              	3.12308664e+02
30              	3.12603848e+02
31              	3.12890854e+02
32              	3.13162472e+02
33              	3.13416462e+02
34              	3.13658825e+02
35              	3.13903304e+02
36              	3.14143072e+02
37              	3.14377727e+02
38              	3.14606840e+02
39              	3.14832969e+02
40              	3.15055058e+02
41              	3.15269232e+02
42              	3.15491561e+02
43              	3.15703517e+02
44              	3.15883907e+02
45              	3.16067127e+02
46              	3.16248926e+02
47              	3.16435179e+02
48              	3.16618605e+02
49              	3.16799894e+02
50              	3.16984497e+02
51              	3.17159101e+02
52              	3.17340327e+02
53              	3.17520328e+02
54              	3.17696978e+02
55              	3.17856972e+02
56              	3.18016615e+02
57              	3.18167304e+02
58              	3.18309488e+02
59              	3.18459868e+02
60              	3.18606833e+02
61              	3.18754188e+02
62              	3.18894921e+02
63              	3.19034034e+02
64              	3.19168402e+02
65              	3.19300877e+02
66              	3.19441001e+02
67              	3.19574471e+02
68              	3.19705046e+02
69              	3.19839558e+02
70              	3.19971636e+02
71              	3.20102917e+02
72              	3.20223248e+02
73              	3.20337819e+02
74              	3.20446116e+02
75              	3.20553483e+02
76              	3.20650963e+02
77              	3.20761952e+02
78              	3.20870281e+02
79              	3.20981561e+02
80              	3.21093095e+02
81              	3.21200219e+02
82              	3.21305556e+02
83              	3.21403745e+02
84              	3.21495871e+02
85              	3.21581909e+02
86              	3.21669365e+02
87              	3.21754629e+02
88              	3.21821428e+02
89              	3.21905805e+02
90              	3.22003422e+02
91              	3.22087623e+02
92              	3.22161474e+02
93              	3.22240180e+02
94              	3.22318533e+02
95              	3.22390770e+02
96              	3.22460275e+02
97              	3.22522236e+02
98              	3.22590870e+02
99              	3.22658177e+02
100             	3.22724744e+02
101             	3.22772831e+02
102             	3.22829332e+02
103             	3.22895802e+02
104             	3.22958727e+02
105             	3.23020608e+02
106             	3.23081101e+02
107             	3.23135188e+02
108             	3.23189003e+02
109             	3.23240711e+02
110             	3.23290130e+02
111             	3.23333398e+02
112             	3.23389039e+02
113             	3.23439428e+02
114             	3.23493798e+02
115             	3.23536656e+02
116             	3.23595083e+02
117             	3.23658174e+02
118             	3.23713514e+02
119             	3.23762852e+02
120             	3.23808563e+02
121             	3.23851239e+02
122             	3.23895733e+02
123             	3.23939674e+02
124             	3.23982976e+02
125             	3.24030969e+02
126             	3.24078927e+02
127             	3.24127867e+02
128             	3.24179732e+02
129             	3.24230847e+02
130             	3.24277767e+02
131             	3.24322191e+02
132             	3.24362350e+02
133             	3.24399591e+02
134             	3.24438507e+02
135             	3.24477998e+02
136             	3.24513055e+02
137             	3.24558331e+02
138             	3.24608339e+02
139             	3.24633622e+02
140             	3.24665577e+02
141             	3.24701749e+02
142             	3.24737317e+02
143             	3.24768647e+02
144             	3.24797594e+02
145             	3.24823273e+02
146             	3.24852618e+02
147             	3.24882149e+02
148             	3.24919259e+02
149             	3.24960618e+02
150             	3.24998373e+02
151             	3.25029209e+02
152             	3.25060657e+02
153             	3.25089849e+02
154             	3.25118421e+02
155             	3.25147034e+02
156             	3.25176463e+02
157             	3.25206607e+02
158             	3.25238734e+02
159             	3.25272445e+02
160             	3.25306269e+02
161             	3.25342150e+02
162             	3.25378628e+02
163             	3.25416329e+02
164             	3.25452255e+02
165             	3.25482575e+02
166             	3.25510119e+02
167             	3.25536413e+02
168             	3.25561823e+02
169             	3.25586673e+02
170             	3.25611370e+02
171             	3.25635785e+02
172             	3.25659383e+02
173             	3.25683075e+02
174             	3.25707305e+02
175             	3.25731811e+02
176             	3.25756195e+02
177             	3.25781419e+02
178             	3.25804730e+02
179             	3.25827109e+02
180             	3.25849674e+02
181             	3.25871234e+02
182             	3.25891359e+02
183             	3.25910317e+02
184             	3.25927609e+02
185             	3.25944944e+02
186             	3.25961567e+02
187             	3.25978212e+02
188             	3.25995028e+02
189             	3.26012465e+02
190             	3.26029697e+02
191             	3.26046683e+02
192             	3.26063241e+02
193             	3.26080399e+02
194             	3.26099464e+02
195             	3.26117333e+02
196             	3.26134119e+02
197             	3.26151626e+02
198             	3.26170355e+02
199             	3.26189816e+02
200             	3.26206704e+02
201             	3.26221579e+02
202             	3.26235382e+02
203             	3.26248398e+02
204             	3.26261572e+02
205             	3.26276381e+02
206             	3.26291304e+02
207             	3.26303374e+02
208             	3.26314450e+02
209             	3.26326938e+02
210             	3.26340016e+02
211             	3.26352715e+02
212             	3.26366010e+02
213             	3.26379307e+02
214             	3.26389554e+02
215             	3.26398962e+02
216             	3.26408155e+02
217             	3.26415609e+02
218             	3.26424003e+02
219             	3.26432513e+02
220             	3.26441518e+02
221             	3.26450331e+02
222             	3.26458729e+02
223             	3.26466776e+02
224             	3.26474872e+02
225             	3.26483063e+02
226             	3.26489830e+02
227             	3.26496522e+02
228             	3.26503766e+02
229             	3.26511127e+02
230             	3.26519030e+02
231             	3.26527163e+02
232             	3.26535313e+02
233             	3.26543422e+02
234             	3.26551487e+02
235             	3.26559554e+02
236             	3.26567712e+02
237             	3.26576016e+02
238             	3.26584514e+02
239             	3.26593203e+02
240             	3.26602072e+02
241             	3.26610285e+02
242             	3.26618738e+02
243             	3.26627118e+02
244             	3.26635335e+02
245             	3.26642923e+02
246             	3.26650049e+02
247             	3.26656738e+02
248             	3.26662939e+02
249             	3.26668613e+02
250             	3.26673785e+02
251             	3.26678668e+02
252             	3.26683402e+02
253             	3.26687871e+02
254             	3.26692172e+02
255             	3.26698137e+02
256             	3.26702986e+02
257             	3.26708360e+02
258             	3.26713885e+02
259             	3.26719418e+02
260             	3.26725298e+02
261             	3.26730795e+02
262             	3.26736033e+02
263             	3.26741015e+02
264             	3.26745868e+02
265             	3.26749080e+02
266             	3.26752486e+02
267             	3.26755528e+02
268             	3.26758873e+02
269             	3.26761557e+02
270             	3.26764252e+02
271             	3.26767242e+02
272             	3.26770410e+02
273             	3.26773505e+02
274             	3.26776539e+02
275             	3.26779551e+02
276             	3.26782584e+02
277             	3.26786105e+02
278             	3.26790135e+02
279             	3.26793858e+02
280             	3.26797900e+02
281             	3.26801659e+02
282             	3.26804562e+02
283             	3.26806849e+02
284             	3.26808595e+02
285             	3.26811584e+02
286             	3.26813411e+02
287             	3.26815308e+02
288             	3.26817591e+02
289             	3.26819932e+02
290             	3.26822074e+02
291             	3.26824008e+02
292             	3.26825835e+02
293             	3.26827634e+02
294             	3.26829480e+02
295             	3.26831331e+02
296             	3.26833199e+02
297             	3.26835204e+02
298             	3.26837483e+02
299             	3.26839980e+02
300             	3.26842677e+02
301             	3.26845432e+02
302             	3.26848512e+02
303             	3.26851703e+02
304             	3.26854759e+02
305             	3.26857474e+02
306             	3.26859983e+02
307             	3.26862164e+02
308             	3.26864258e+02
309             	3.26865877e+02
310             	3.26867299e+02
311             	3.26868779e+02
312             	3.26870694e+02
313             	3.26873187e+02
314             	3.26876191e+02
315             	3.26879437e+02
316             	3.26882375e+02
317             	3.26884658e+02
318             	3.26886454e+02
319             	3.26888673e+02
320             	3.26889887e+02
321             	3.26890790e+02
322             	3.26891556e+02
323             	3.26892068e+02
324             	3.26892322e+02
325             	3.26893215e+02
326             	3.26894210e+02
327             	3.26894081e+02
328             	3.26894037e+02
329             	3.26894039e+02
330             	3.26894080e+02
331             	3.26894160e+02
332             	3.26894359e+02
333             	3.26894679e+02
334             	3.26895111e+02
335             	3.26895609e+02
336             	3.26896153e+02
337             	3.26896851e+02
338             	3.26897458e+02
339             	3.26897775e+02
340             	3.26898021e+02
341             	3.26898301e+02
342             	3.26898606e+02
343             	3.26898984e+02
344             	3.26899753e+02
345             	3.26900835e+02
346             	3.26902211e+02
347             	3.26903804e+02
348             	3.26905429e+02
349             	3.26907330e+02
350             	3.26909443e+02
351             	3.26911602e+02
352             	3.26913723e+02
353             	3.26915884e+02
354             	3.26918081e+02
355             	3.26920035e+02
356             	3.26921706e+02
357             	3.26922944e+02
358             	3.26923551e+02
359             	3.26923962e+02
360             	3.26924290e+02
361             	3.26924996e+02
362             	3.26925711e+02
363             	3.26926530e+02
364             	3.26927445e+02
365             	3.26928616e+02
366             	3.26929758e+02
367             	3.26930703e+02
368             	3.26931439e+02
369             	3.26931984e+02
370             	3.26932297e+02
371             	3.26932292e+02
372             	3.26932217e+02
373             	3.26932049e+02
374             	3.26931670e+02
375             	3.26932892e+02
376             	3.26933296e+02
377             	3.26934119e+02
378             	3.26935952e+02
379             	3.26938251e+02
380             	3.26940639e+02
381             	3.26943361e+02
382             	3.26944348e+02
383             	3.26944857e+02
384             	3.26944518e+02
385             	3.26943766e+02
386             	3.26942794e+02
387             	3.26941609e+02
388             	3.26940911e+02
389             	3.26940784e+02
390             	3.26941022e+02
391             	3.26941501e+02
392             	3.26942600e+02
393             	3.26943992e+02
394             	3.26945634e+02
395             	3.26947541e+02
396             	3.26949338e+02
397             	3.26950847e+02
398             	3.26952010e+02
399             	3.26952064e+02
400             	3.26952095e+02
401             	3.26951448e+02
402             	3.26950745e+02
403             	3.26950162e+02
404             	3.26950124e+02
405             	3.26950940e+02
406             	3.26951218e+02
407             	3.26952255e+02
408             	3.26953740e+02
409             	3.26956208e+02
410             	3.26959053e+02
411             	3.26961349e+02
412             	3.26963285e+02
413             	3.26965576e+02
414             	3.26967472e+02
415             	3.26968908e+02
416             	3.26970295e+02
417             	3.26971188e+02
418             	3.26972404e+02
419             	3.26973526e+02
420             	3.26974362e+02
421             	3.26975162e+02
422             	3.26975611e+02
423             	3.26975441e+02
424             	3.26974950e+02
425             	3.26974283e+02
426             	3.26973585e+02
427             	3.26972874e+02
428             	3.26972092e+02
429             	3.26971342e+02
430             	3.26970688e+02
431             	3.26969924e+02
432             	3.26969618e+02
433             	3.26969473e+02
434             	3.26969362e+02
435             	3.26969336e+02
436             	3.26969390e+02
437             	3.26969488e+02
438             	3.26969552e+02
439             	3.26969530e+02
440             	3.26969417e+02
441             	3.26969166e+02
442             	3.26968803e+02
443             	3.26968321e+02
444             	3.26967901e+02
445             	3.26967285e+02
446             	3.26966508e+02
447             	3.26965426e+02
448             	3.26964184e+02
449             	3.26962891e+02
450             	3.26961546e+02
451             	3.26960145e+02
452             	3.26958667e+02
453             	3.26957145e+02
454             	3.26955594e+02
455             	3.26954025e+02
456             	3.26952527e+02
457             	3.26951029e+02
458             	3.26949658e+02
459             	3.26948546e+02
460             	3.26948035e+02
461             	3.26947848e+02
462             	3.26948083e+02
463             	3.26948722e+02
464             	3.26949722e+02
465             	3.26950918e+02
466             	3.26952565e+02
467             	3.26954455e+02
468             	3.26956526e+02
469             	3.26958292e+02
470             	3.26960338e+02
471             	3.26962339e+02
472             	3.26964084e+02
473             	3.26965538e+02
474             	3.26966747e+02
475             	3.26967589e+02
476             	3.26968039e+02
477             	3.26968783e+02
478             	3.26968567e+02
479             	3.26968177e+02
480             	3.26967920e+02
481             	3.26967980e+02
482             	3.26968580e+02
483             	3.26970089e+02
484             	3.26972338e+02
485             	3.26974921e+02
486             	3.26977296e+02
487             	3.26979781e+02
488             	3.26982205e+02
489             	3.26984404e+02
490             	3.26986399e+02
491             	3.26988194e+02
492             	3.26989722e+02
493             	3.26990943e+02
494             	3.26991822e+02
495             	3.26992347e+02
496             	3.26992668e+02
497             	3.26992960e+02
498             	3.26992897e+02
499             	3.26992617e+02
500             	3.26992258e+02
501             	3.26991814e+02
502             	3.26991228e+02
503             	3.26990361e+02
504             	3.26989579e+02
505             	3.26988989e+02
506             	3.26988405e+02
507             	3.26987821e+02
508             	3.26987117e+02
509             	3.26986311e+02
510             	3.26985435e+02
511             	3.26984428e+02
512             	3.26983215e+02
513             	3.26981755e+02
514             	3.26980650e+02
515             	3.26979223e+02
516             	3.26977860e+02
517             	3.26976725e+02
518             	3.26975839e+02
519             	3.26975490e+02
520             	3.26975677e+02
521             	3.26976293e+02
522             	3.26977228e+02
523             	3.26978560e+02
524             	3.26979960e+02
525             	3.26981430e+02
526             	3.26983043e+02
527             	3.26984514e+02
528             	3.26985748e+02
529             	3.26986979e+02
530             	3.26987963e+02
531             	3.26988823e+02
532             	3.26989592e+02
533             	3.26990277e+02
534             	3.26990853e+02
535             	3.26991292e+02
536             	3.26991618e+02
537             	3.26991786e+02
538             	3.26991897e+02
539             	3.26992073e+02
540             	3.26992211e+02
541             	3.26992298e+02
542             	3.26992411e+02
543             	3.26992582e+02
544             	3.26992779e+02
545             	3.26992879e+02
546             	3.26992757e+02
547             	3.26992330e+02
548             	3.26991784e+02
549             	3.26990766e+02
550             	3.26989488e+02
551             	3.26989140e+02
552             	3.26988182e+02
553             	3.26987190e+02
554             	3.26986432e+02
555             	3.26985797e+02
556             	3.26985174e+02
557             	3.26984558e+02
558             	3.26983984e+02
559             	3.26983503e+02
560             	3.26983160e+02
561             	3.26982997e+02
562             	3.26983074e+02
563             	3.26983462e+02
564             	3.26984256e+02
565             	3.26985396e+02
566             	3.26986609e+02
567             	3.26987989e+02
568             	3.26989568e+02
569             	3.26991133e+02
570             	3.26992547e+02
571             	3.26993969e+02
572             	3.26995171e+02
573             	3.26996182e+02
574             	3.26996983e+02
575             	3.26997545e+02
576             	3.26997835e+02
577             	3.26997677e+02
578             	3.26997387e+02
579             	3.26996800e+02
580             	3.26995249e+02
581             	3.26993395e+02
582             	3.26991402e+02
583             	3.26989205e+02
584             	3.26986889e+02
585             	3.26984660e+02
586             	3.26982574e+02
587             	3.26980822e+02
588             	3.26979515e+02
589             	3.26978709e+02
590             	3.26978514e+02
591             	3.26978645e+02
592             	3.26979416e+02
593             	3.26980651e+02
594             	3.26982103e+02
595             	3.26983534e+02
596             	3.26984984e+02
597             	3.26986300e+02
598             	3.26987391e+02
599             	3.26988281e+02
600             	3.26988987e+02
601             	3.26989519e+02
602             	3.26989921e+02
603             	3.26990207e+02
604             	3.26990406e+02
605             	3.26990534e+02
606             	3.26990524e+02
607             	3.26990468e+02
608             	3.26990550e+02
609             	3.26990715e+02
610             	3.26990837e+02
611             	3.26990999e+02
612             	3.26991257e+02
613             	3.26991573e+02
614             	3.26991899e+02
615             	3.26992205e+02
616             	3.26992462e+02
617             	3.26992663e+02
618             	3.26992786e+02
619             	3.26992816e+02
620             	3.26992740e+02
621             	3.26992504e+02
622             	3.26992078e+02
623             	3.26991443e+02
624             	3.26991082e+02
625             	3.26989917e+02
626             	3.26988404e+02
627             	3.26986624e+02
628             	3.26984795e+02
629             	3.26983078e+02
630             	3.26981619e+02
631             	3.26980552e+02
632             	3.26979854e+02
633             	3.26979808e+02
634             	3.26980448e+02
635             	3.26981647e+02
636             	3.26984220e+02
637             	3.26986042e+02
638             	3.26987182e+02
639             	3.26988278e+02
640             	3.26988724e+02
641             	3.26989349e+02
642             	3.26989647e+02
643             	3.26989527e+02
644             	3.26989116e+02
645             	3.26988580e+02
646             	3.26988411e+02
647             	3.26987757e+02
648             	3.26986922e+02
649             	3.26985818e+02
650             	3.26984456e+02
651             	3.26982974e+02
652             	3.26981476e+02
653             	3.26979951e+02
654             	3.26978980e+02
655             	3.26977365e+02
656             	3.26975883e+02
657             	3.26974766e+02
658             	3.26973875e+02
659             	3.26972945e+02
660             	3.26972191e+02
661             	3.26971915e+02
662             	3.26972075e+02
663             	3.26971749e+02
664             	3.26972077e+02
665             	3.26972644e+02
666             	3.26973514e+02
667             	3.26974922e+02
668             	3.26976642e+02
669             	3.26978586e+02
670             	3.26980644e+02
671             	3.26982659e+02
672             	3.26984551e+02
673             	3.26986150e+02
674             	3.26987367e+02
675             	3.26988175e+02
676             	3.26988763e+02
677             	3.26989147e+02
678             	3.26988976e+02
679             	3.26988533e+02
680             	3.26988016e+02
681             	3.26987545e+02
682             	3.26987132e+02
683             	3.26986774e+02
684             	3.26986509e+02
685             	3.26986413e+02
686             	3.26986527e+02
687             	3.26986869e+02
688             	3.26987350e+02
689             	3.26987853e+02
690             	3.26988293e+02
691             	3.26988669e+02
692             	3.26989001e+02
693             	3.26989243e+02
694             	3.26989330e+02
695             	3.26989201e+02
696             	3.26989066e+02
697             	3.26988329e+02
698             	3.26987171e+02
699             	3.26985646e+02
700             	3.26983744e+02
701             	3.26981854e+02
702             	3.26980101e+02
703             	3.26978588e+02
704             	3.26977426e+02
705             	3.26976714e+02
706             	3.26976428e+02
707             	3.26976519e+02
708             	3.26976853e+02
709             	3.26977335e+02
710             	3.26977883e+02
711             	3.26978515e+02
712             	3.26979349e+02
713             	3.26980479e+02
714             	3.26981845e+02
715             	3.26983267e+02
716             	3.26984466e+02
717             	3.26985397e+02
718             	3.26986026e+02
719             	3.26986541e+02
720             	3.26986661e+02
721             	3.26986247e+02
722             	3.26985458e+02
723             	3.26984603e+02
724             	3.26984436e+02
725             	3.26983465e+02
726             	3.26982828e+02
727             	3.26982884e+02
728             	3.26983564e+02
729             	3.26984449e+02
730             	3.26985517e+02
731             	3.26986900e+02
732             	3.26988107e+02
733             	3.26989478e+02
734             	3.26990781e+02
735             	3.26991822e+02
736             	3.26992536e+02
737             	3.26992963e+02
738             	3.26993380e+02
739             	3.26993929e+02
740             	3.26994464e+02
741             	3.26995141e+02
742             	3.26996108e+02
743             	3.26997386e+02
744             	3.26998889e+02
745             	3.27000492e+02
746             	3.27002075e+02
747             	3.27003589e+02
748             	3.27004971e+02
749             	3.27006207e+02
750             	3.27007212e+02
751             	3.27008277e+02
752             	3.27008518e+02
753             	3.27008211e+02
754             	3.27007883e+02
755             	3.27007245e+02
756             	3.27006323e+02
757             	3.27005248e+02
758             	3.27004100e+02
759             	3.27002958e+02
760             	3.27001909e+02
761             	3.27001028e+02
762             	3.27000356e+02
763             	3.26999888e+02
764             	3.26999544e+02
765             	3.26999208e+02
766             	3.26998813e+02
767             	3.26998153e+02
768             	3.26997231e+02
769             	3.26995972e+02
770             	3.26994629e+02
771             	3.26993228e+02
772             	3.26991574e+02
773             	3.26989822e+02
774             	3.26988022e+02
775             	3.26986199e+02
776             	3.26984499e+02
777             	3.26983063e+02
778             	3.26982067e+02
779             	3.26981597e+02
780             	3.26981630e+02
781             	3.26982205e+02
782             	3.26982813e+02
783             	3.26983765e+02
784             	3.26984911e+02
785             	3.26985938e+02
786             	3.26986851e+02
787             	3.26987625e+02
788             	3.26988040e+02
789             	3.26988458e+02
790             	3.26988518e+02
791             	3.26988142e+02
792             	3.26987507e+02
793             	3.26986790e+02
794             	3.26986214e+02
795             	3.26984970e+02
796             	3.26984083e+02
797             	3.26982900e+02
798             	3.26981693e+02
799             	3.26980661e+02
800             	3.26979874e+02
801             	3.26979297e+02
802             	3.26978904e+02
803             	3.26978775e+02
804             	3.26978910e+02
805             	3.26979277e+02
806             	3.26979836e+02
807             	3.26980565e+02
808             	3.26981352e+02
809             	3.26982112e+02
810             	3.26982674e+02
811             	3.26983132e+02
812             	3.26983500e+02
813             	3.26983794e+02
814             	3.26983960e+02
815             	3.26984003e+02
816             	3.26983996e+02
817             	3.26983989e+02
818             	3.26984320e+02
819             	3.26985041e+02
820             	3.26986135e+02
821             	3.26987560e+02
822             	3.26989304e+02
823             	3.26991345e+02
824             	3.26992840e+02
825             	3.26994546e+02
826             	3.26996204e+02
827             	3.26997614e+02
828             	3.26998749e+02
829             	3.26999609e+02
830             	3.27000255e+02
831             	3.27000524e+02
832             	3.27000257e+02
833             	3.26999439e+02
834             	3.26998854e+02
835             	3.26997488e+02
836             	3.26995737e+02
837             	3.26993857e+02
838             	3.26992156e+02
839             	3.26990434e+02
840             	3.26988638e+02
841             	3.26986869e+02
842             	3.26985120e+02
843             	3.26983491e+02
844             	3.26981962e+02
845             	3.26980527e+02
846             	3.26979221e+02
847             	3.26978010e+02
848             	3.26976876e+02
849             	3.26975796e+02
850             	3.26974737e+02
851             	3.26973726e+02
852             	3.26972847e+02
853             	3.26972232e+02
854             	3.26972273e+02
855             	3.26972775e+02
856             	3.26973627e+02
857             	3.26975039e+02
858             	3.26976710e+02
859             	3.26978476e+02
860             	3.26980174e+02
861             	3.26981918e+02
862             	3.26983579e+02
863             	3.26985074e+02
864             	3.26986378e+02
865             	3.26987455e+02
866             	3.26988289e+02
867             	3.26988884e+02
868             	3.26989192e+02
869             	3.26989166e+02
870             	3.26988806e+02
871             	3.26988347e+02
872             	3.26987195e+02
873             	3.26986277e+02
874             	3.26985095e+02
875             	3.26983849e+02
876             	3.26982569e+02
877             	3.26981207e+02
878             	3.26979905e+02
879             	3.26978576e+02
880             	3.26977285e+02
881             	3.26976184e+02
882             	3.26975380e+02
883             	3.26974919e+02
884             	3.26975109e+02
885             	3.26975913e+02
886             	3.26977215e+02
887             	3.26978220e+02
888             	3.26979970e+02
889             	3.26982114e+02
890             	3.26984158e+02
891             	3.26986135e+02
892             	3.26987991e+02
893             	3.26989732e+02
894             	3.26991307e+02
895             	3.26992663e+02
896             	3.26993717e+02
897             	3.26994403e+02
898             	3.26994663e+02
899             	3.26994523e+02
900             	3.26993967e+02
901             	3.26993019e+02
902             	3.26991726e+02
903             	3.26990135e+02
904             	3.26988305e+02
905             	3.26986289e+02
906             	3.26984166e+02
907             	3.26982001e+02
908             	3.26979898e+02
909             	3.26977797e+02
910             	3.26975851e+02
911             	3.26973913e+02
912             	3.26972031e+02
913             	3.26970201e+02
914             	3.26968303e+02
915             	3.26966726e+02
916             	3.26965101e+02
917             	3.26963534e+02
918             	3.26962265e+02
919             	3.26961292e+02
920             	3.26960631e+02
921             	3.26960327e+02
922             	3.26960437e+02
923             	3.26960937e+02
924             	3.26961872e+02
925             	3.26963374e+02
926             	3.26965001e+02
927             	3.26966860e+02
928             	3.26968534e+02
929             	3.26970055e+02
930             	3.26971561e+02
931             	3.26972960e+02
932             	3.26974213e+02
933             	3.26975135e+02
934             	3.26975682e+02
935             	3.26975876e+02
936             	3.26975619e+02
937             	3.26975014e+02
938             	3.26974083e+02
939             	3.26972928e+02
940             	3.26971699e+02
941             	3.26970600e+02
942             	3.26970302e+02
943             	3.26969514e+02
944             	3.26969130e+02
945             	3.26969358e+02
946             	3.26969814e+02
947             	3.26970378e+02
948             	3.26971287e+02
949             	3.26972518e+02
950             	3.26974024e+02
951             	3.26975899e+02
952             	3.26977776e+02
953             	3.26979691e+02
954             	3.26981564e+02
955             	3.26983103e+02
956             	3.26984477e+02
957             	3.26985839e+02
958             	3.26986870e+02
959             	3.26987474e+02
960             	3.26987760e+02
961             	3.26987849e+02
962             	3.26987797e+02
963             	3.26987642e+02
964             	3.26987454e+02
965             	3.26987453e+02
966             	3.26987838e+02
967             	3.26988215e+02
968             	3.26988837e+02
969             	3.26989600e+02
970             	3.26990431e+02
971             	3.26990785e+02
972             	3.26990487e+02
973             	3.26989660e+02
974             	3.26988319e+02
975             	3.26986613e+02
976             	3.26984674e+02
977             	3.26982550e+02
978             	3.26980244e+02
979             	3.26977843e+02
980             	3.26975479e+02
981             	3.26973355e+02
982             	3.26971840e+02
983             	3.26970150e+02
984             	3.26968839e+02
985             	3.26967989e+02
986             	3.26967183e+02
987             	3.26966289e+02
988             	3.26965853e+02
989             	3.26965623e+02
990             	3.26965522e+02
991             	3.26965603e+02
992             	3.26965920e+02
993             	3.26966490e+02
994             	3.26967290e+02
995             	3.26968223e+02
996             	3.26969362e+02
997             	3.26970736e+02
998             	3.26972254e+02
999             	3.26973899e+02
1000            	3.26975578e+02
1001            	3.26977422e+02
1002            	3.26979342e+02
1003            	3.26981463e+02
1004            	3.26983611e+02
1005            	3.26985560e+02
1006            	3.26987506e+02
1007            	3.26989397e+02
1008            	3.26991103e+02
1009            	3.26992529e+02
1010            	3.26993583e+02
1011            	3.26994264e+02
1012            	3.26994652e+02
1013            	3.26994586e+02
1014            	3.26993759e+02
1015            	3.26993363e+02
1016            	3.26992332e+02
1017            	3.26991288e+02
1018            	3.26990428e+02
1019            	3.26989994e+02
1020            	3.26990335e+02
1021            	3.26991123e+02
1022            	3.26992296e+02
1023            	3.26993917e+02
1024            	3.26995868e+02
1025            	3.26998000e+02
1026            	3.26998742e+02
1027            	3.26999771e+02
1028            	3.27000182e+02
1029            	3.26999744e+02
1030            	3.26998556e+02
1031            	3.26997273e+02
1032            	3.26996490e+02
1033            	3.26995228e+02
1034            	3.26993916e+02
1035            	3.26992805e+02
1036            	3.26991884e+02
1037            	3.26990995e+02
1038            	3.26989977e+02
1039            	3.26989288e+02
1040            	3.26988805e+02
1041            	3.26988441e+02
1042            	3.26988247e+02
1043            	3.26988113e+02
1044            	3.26988069e+02
1045            	3.26988122e+02
1046            	3.26988328e+02
1047            	3.26988709e+02
1048            	3.26989239e+02
1049            	3.26989866e+02
1050            	3.26990546e+02
1051            	3.26991230e+02
1052            	3.26991876e+02
1053            	3.26992450e+02
1054            	3.26992933e+02
1055            	3.26993314e+02
1056            	3.26993590e+02
1057            	3.26993761e+02
1058            	3.26993829e+02
1059            	3.26993828e+02
1060            	3.26993771e+02
1061            	3.26993639e+02
1062            	3.26993443e+02
1063            	3.26993241e+02
1064            	3.26992991e+02
1065            	3.26992680e+02
1066            	3.26992257e+02
1067            	3.26991699e+02
1068            	3.26990958e+02
1069            	3.26990035e+02
1070            	3.26988934e+02
1071            	3.26987668e+02
1072            	3.26986299e+02
1073            	3.26984923e+02
1074            	3.26983825e+02
1075            	3.26982923e+02
1076            	3.26982505e+02
1077            	3.26982760e+02
1078            	3.26983738e+02
1079            	3.26984775e+02
1080            	3.26986122e+02
1081            	3.26987767e+02
1082            	3.26989389e+02
1083            	3.26990828e+02
1084            	3.26992063e+02
1085            	3.26993066e+02
1086            	3.26993781e+02
1087            	3.26994162e+02
1088            	3.26994249e+02
1089            	3.26993902e+02
1090            	3.26992971e+02
1091            	3.26991601e+02
1092            	3.26990068e+02
1093            	3.26989270e+02
1094            	3.26988271e+02
1095            	3.26987608e+02
1096            	3.26987537e+02
1097            	3.26987907e+02
1098            	3.26988453e+02
1099            	3.26989091e+02
1100            	3.26989722e+02
1101            	3.26990371e+02
1102            	3.26991345e+02
1103            	3.26992319e+02
1104            	3.26993146e+02
1105            	3.26993750e+02
1106            	3.26994124e+02
1107            	3.26994273e+02
1108            	3.26994253e+02
1109            	3.26993968e+02
1110            	3.26993386e+02
1111            	3.26992591e+02
1112            	3.26991531e+02
1113            	3.26990217e+02
1114            	3.26988711e+02
1115            	3.26987456e+02
1116            	3.26986099e+02
1117            	3.26985009e+02
1118            	3.26984134e+02
1119            	3.26983394e+02
1120            	3.26983138e+02
1121            	3.26982514e+02
1122            	3.26982029e+02
1123            	3.26981605e+02
1124            	3.26980987e+02
1125            	3.26980190e+02
1126            	3.26979424e+02
1127            	3.26978626e+02
1128            	3.26977993e+02
1129            	3.26977677e+02
1130            	3.26977427e+02
1131            	3.26977420e+02
1132            	3.26978017e+02
1133            	3.26979250e+02
1134            	3.26980918e+02
1135            	3.26982728e+02
1136            	3.26983781e+02
1137            	3.26984181e+02
1138            	3.26984081e+02
1139            	3.26984446e+02
1140            	3.26985213e+02
1141            	3.26985654e+02
1142            	3.26986410e+02
1143            	3.26987327e+02
1144            	3.26989247e+02
1145            	3.26991385e+02
1146            	3.26993258e+02
1147            	3.26994803e+02
1148            	3.26996361e+02
1149            	3.26997664e+02
1150            	3.26998652e+02
1151            	3.26999161e+02
1152            	3.26999305e+02
1153            	3.26999853e+02
1154            	3.26999763e+02
1155            	3.26999512e+02
1156            	3.26999326e+02
1157            	3.26999214e+02
1158            	3.26999055e+02
1159            	3.26998600e+02
1160            	3.26997809e+02
1161            	3.26996610e+02
1162            	3.26995048e+02
1163            	3.26993240e+02
1164            	3.26991237e+02
1165            	3.26989273e+02
1166            	3.26986852e+02
1167            	3.26984317e+02
1168            	3.26981953e+02
1169            	3.26979851e+02
1170            	3.26978098e+02
1171            	3.26976847e+02
1172            	3.26976173e+02
1173            	3.26976077e+02
1174            	3.26976590e+02
1175            	3.26977380e+02
1176            	3.26978688e+02
1177            	3.26980221e+02
1178            	3.26981679e+02
1179            	3.26982903e+02
1180            	3.26983890e+02
1181            	3.26984763e+02
1182            	3.26985094e+02
1183            	3.26984955e+02
1184            	3.26984646e+02
1185            	3.26984184e+02
1186            	3.26983502e+02
1187            	3.26982669e+02
1188            	3.26981750e+02
1189            	3.26981059e+02
1190            	3.26980086e+02
1191            	3.26978852e+02
1192            	3.26977444e+02
1193            	3.26975890e+02
1194            	3.26974593e+02
1195            	3.26972885e+02
1196            	3.26971289e+02
1197            	3.26969863e+02
1198            	3.26968505e+02
1199            	3.26967316e+02
1200            	3.26966048e+02
1201            	3.26964839e+02
1202            	3.26963755e+02
1203            	3.26963025e+02
1204            	3.26962602e+02
1205            	3.26962534e+02
1206            	3.26963001e+02
1207            	3.26963613e+02
1208            	3.26964380e+02
1209            	3.26965508e+02
1210            	3.26967212e+02
1211            	3.26969544e+02
1212            	3.26972330e+02
1213            	3.26975346e+02
1214            	3.26978388e+02
1215            	3.26981224e+02
1216            	3.26983658e+02
1217            	3.26985711e+02
1218            	3.26987673e+02
1219            	3.26989655e+02
1220            	3.26990840e+02
1221            	3.26991792e+02
1222            	3.26992605e+02
1223            	3.26993067e+02
1224            	3.26993581e+02
1225            	3.26994425e+02
1226            	3.26995477e+02
1227            	3.26996438e+02
1228            	3.26997180e+02
1229            	3.26997536e+02
1230            	3.26997405e+02
1231            	3.26996734e+02
1232            	3.26995509e+02
1233            	3.26993761e+02
1234            	3.26991824e+02
1235            	3.26989909e+02
1236            	3.26987662e+02
1237            	3.26985607e+02
1238            	3.26983771e+02
1239            	3.26982067e+02
1240            	3.26980455e+02
1241            	3.26979160e+02
1242            	3.26978194e+02
1243            	3.26977502e+02
1244            	3.26976823e+02
1245            	3.26976218e+02
1246            	3.26975646e+02
1247            	3.26975024e+02
1248            	3.26974388e+02
1249            	3.26973937e+02
1250            	3.26974080e+02
1251            	3.26974993e+02
1252            	3.26976595e+02
1253            	3.26978620e+02
1254            	3.26980630e+02
1255            	3.26982387e+02
1256            	3.26983911e+02
1257            	3.26984898e+02
1258            	3.26985688e+02
1259            	3.26986169e+02
1260            	3.26986585e+02
1261            	3.26986537e+02
1262            	3.26986030e+02
1263            	3.26985123e+02
1264            	3.26984473e+02
1265            	3.26983466e+02
1266            	3.26981935e+02
1267            	3.26980405e+02
1268            	3.26979007e+02
1269            	3.26977884e+02
1270            	3.26976968e+02
1271            	3.26976170e+02
1272            	3.26975463e+02
1273            	3.26974848e+02
1274            	3.26974335e+02
1275            	3.26973930e+02
1276            	3.26973638e+02
1277            	3.26973458e+02
1278            	3.26973462e+02
1279            	3.26973593e+02
1280            	3.26973808e+02
1281            	3.26974112e+02
1282            	3.26974603e+02
1283            	3.26975274e+02
1284            	3.26976088e+02
1285            	3.26977029e+02
1286            	3.26978124e+02
1287            	3.26979203e+02
1288            	3.26980507e+02
1289            	3.26982411e+02
1290            	3.26984642e+02
1291            	3.26986622e+02
1292            	3.26988497e+02
1293            	3.26990320e+02
1294            	3.26992075e+02
1295            	3.26993643e+02
1296            	3.26994947e+02
1297            	3.26995927e+02
1298            	3.26996512e+02
1299            	3.26996723e+02
1300            	3.26996607e+02
1301            	3.26996204e+02
1302            	3.26995528e+02
1303            	3.26994617e+02
1304            	3.26993678e+02
1305            	3.26992440e+02
1306            	3.26991132e+02
1307            	3.26989855e+02
1308            	3.26988816e+02
1309            	3.26987500e+02
1310            	3.26986122e+02
1311            	3.26984805e+02
1312            	3.26983818e+02
1313            	3.26983101e+02
1314            	3.26982856e+02
1315            	3.26983202e+02
1316            	3.26983774e+02
1317            	3.26984626e+02
1318            	3.26985806e+02
1319            	3.26987359e+02
1320            	3.26989229e+02
1321            	3.26990894e+02
1322            	3.26992671e+02
1323            	3.26994529e+02
1324            	3.26996107e+02
1325            	3.26997304e+02
1326            	3.26997904e+02
1327            	3.26998122e+02
1328            	3.26998067e+02
1329            	3.26997728e+02
1330            	3.26997083e+02
1331            	3.26996137e+02
1332            	3.26994905e+02
1333            	3.26993455e+02
1334            	3.26991885e+02
1335            	3.26990242e+02
1336            	3.26988567e+02
1337            	3.26986811e+02
1338            	3.26984844e+02
1339            	3.26982790e+02
1340            	3.26980680e+02
1341            	3.26978521e+02
1342            	3.26976513e+02
1343            	3.26974227e+02
1344            	3.26971867e+02
1345            	3.26969548e+02
1346            	3.26967308e+02
1347            	3.26965171e+02
1348            	3.26963222e+02
1349            	3.26961940e+02
1350            	3.26961157e+02
1351            	3.26961057e+02
1352            	3.26961724e+02
1353            	3.26963114e+02
1354            	3.26965123e+02
1355            	3.26967613e+02
1356            	3.26970470e+02
1357            	3.26973519e+02
1358            	3.26976476e+02
1359            	3.26979146e+02
1360            	3.26981524e+02
1361            	3.26983652e+02
1362            	3.26985416e+02
1363            	3.26987065e+02
1364            	3.26988463e+02
1365            	3.26989822e+02
1366            	3.26991095e+02
1367            	3.26992380e+02
1368            	3.26993775e+02
1369            	3.26995211e+02
1370            	3.26996659e+02
1371            	3.26998116e+02
1372            	3.26999442e+02
1373            	3.27000571e+02
1374            	3.27001426e+02
1375            	3.27001925e+02
1376            	3.27001989e+02
1377            	3.27001878e+02
1378            	3.27000800e+02
1379            	3.26999079e+02
1380            	3.26997523e+02
1381            	3.26995485e+02
1382            	3.26993245e+02
1383            	3.26990937e+02
1384            	3.26988564e+02
1385            	3.26986142e+02
1386            	3.26983731e+02
1387            	3.26981420e+02
1388            	3.26979263e+02
1389            	3.26977369e+02
1390            	3.26975696e+02
1391            	3.26974336e+02
1392            	3.26973306e+02
1393            	3.26972576e+02
1394            	3.26972137e+02
1395            	3.26972035e+02
1396            	3.26972294e+02
1397            	3.26972778e+02
1398            	3.26973634e+02
1399            	3.26974811e+02
1400            	3.26976095e+02
1401            	3.26977472e+02
1402            	3.26978942e+02
1403            	3.26980375e+02
1404            	3.26981854e+02
1405            	3.26983222e+02
1406            	3.26984316e+02
1407            	3.26984982e+02
1408            	3.26985165e+02
1409            	3.26984826e+02
1410            	3.26983820e+02
1411            	3.26982334e+02
1412            	3.26980687e+02
1413            	3.26979981e+02
1414            	3.26978953e+02
1415            	3.26978300e+02
1416            	3.26978550e+02
1417            	3.26979566e+02
1418            	3.26980857e+02
1419            	3.26981940e+02
1420            	3.26983477e+02
1421            	3.26985277e+02
1422            	3.26986936e+02
1423            	3.26988527e+02
1424            	3.26990096e+02
1425            	3.26991557e+02
1426            	3.26992963e+02
1427            	3.26994387e+02
1428            	3.26995997e+02
1429            	3.26997693e+02
1430            	3.26999751e+02
1431            	3.27001957e+02
1432            	3.27004250e+02
1433            	3.27006348e+02
1434            	3.27008261e+02
1435            	3.27010051e+02
1436            	3.27011549e+02
1437            	3.27012625e+02
1438            	3.27013262e+02
1439            	3.27013422e+02
1440            	3.27013867e+02
1441            	3.27013248e+02
1442            	3.27011900e+02
1443            	3.27010016e+02
1444            	3.27007703e+02
1445            	3.27005118e+02
1446            	3.27002396e+02
1447            	3.26999623e+02
1448            	3.26997020e+02
1449            	3.26994727e+02
1450            	3.26992569e+02
1451            	3.26990858e+02
1452            	3.26989690e+02
1453            	3.26988872e+02
1454            	3.26988391e+02
1455            	3.26987828e+02
1456            	3.26987316e+02
1457            	3.26987042e+02
1458            	3.26986914e+02
1459            	3.26986895e+02
1460            	3.26987281e+02
1461            	3.26988000e+02
1462            	3.26988718e+02
1463            	3.26989426e+02
1464            	3.26989871e+02
1465            	3.26990707e+02
1466            	3.26991814e+02
1467            	3.26993013e+02
1468            	3.26994174e+02
1469            	3.26995193e+02
1470            	3.26995978e+02
1471            	3.26996439e+02
1472            	3.26996684e+02
1473            	3.26996423e+02
1474            	3.26995871e+02
1475            	3.26994913e+02
1476            	3.26993690e+02
1477            	3.26992310e+02
1478            	3.26990839e+02
1479            	3.26989327e+02
1480            	3.26987846e+02
1481            	3.26986480e+02
1482            	3.26985298e+02
1483            	3.26984357e+02
1484            	3.26983672e+02
1485            	3.26983220e+02
1486            	3.26982919e+02
1487            	3.26982736e+02
1488            	3.26982637e+02
1489            	3.26982596e+02
1490            	3.26982550e+02
1491            	3.26982580e+02
1492            	3.26982078e+02
1493            	3.26981206e+02
1494            	3.26979993e+02
1495            	3.26978398e+02
1496            	3.26976449e+02
1497            	3.26974279e+02
1498            	3.26972066e+02
1499            	3.26969947e+02
1500            	3.26968083e+02
1501            	3.26966573e+02
1502            	3.26965473e+02
1503            	3.26964849e+02
1504            	3.26964661e+02
1505            	3.26964772e+02
1506            	3.26965218e+02
1507            	3.26965990e+02
1508            	3.26966990e+02
1509            	3.26968168e+02
1510            	3.26969422e+02
1511            	3.26970600e+02
1512            	3.26971782e+02
1513            	3.26972836e+02
1514            	3.26973733e+02
1515            	3.26974531e+02
1516            	3.26975022e+02
1517            	3.26975266e+02
1518            	3.26975093e+02
1519            	3.26974436e+02
1520            	3.26973529e+02
1521            	3.26973098e+02
1522            	3.26972097e+02
1523            	3.26971291e+02
1524            	3.26970919e+02
1525            	3.26970900e+02
1526            	3.26971096e+02
1527            	3.26971598e+02
1528            	3.26972347e+02
1529            	3.26973316e+02
1530            	3.26974552e+02
1531            	3.26975996e+02
1532            	3.26977618e+02
1533            	3.26979367e+02
1534            	3.26981218e+02
1535            	3.26983035e+02
1536            	3.26985026e+02
1537            	3.26987068e+02
1538            	3.26989152e+02
1539            	3.26991244e+02
1540            	3.26993150e+02
1541            	3.26995062e+02
1542            	3.26996874e+02
1543            	3.26998400e+02
1544            	3.26999707e+02
1545            	3.27000687e+02
1546            	3.27001405e+02
1547            	3.27001769e+02
1548            	3.27002032e+02
1549            	3.27001574e+02
1550            	3.27000557e+02
1551            	3.26999150e+02
1552            	3.26997402e+02
1553            	3.26995933e+02
1554            	3.26993817e+02
1555            	3.26991602e+02
1556            	3.26989522e+02
1557            	3.26987520e+02
1558            	3.26985569e+02
1559            	3.26983689e+02
1560            	3.26981936e+02
1561            	3.26980305e+02
1562            	3.26978918e+02
1563            	3.26977820e+02
1564            	3.26976959e+02
1565            	3.26976379e+02
1566            	3.26976090e+02
1567            	3.26976095e+02
1568            	3.26976358e+02
1569            	3.26976926e+02
1570            	3.26977676e+02
1571            	3.26978734e+02
1572            	3.26980020e+02
1573            	3.26981461e+02
1574            	3.26982948e+02
1575            	3.26984417e+02
1576            	3.26985841e+02
1577            	3.26987055e+02
1578            	3.26988204e+02
1579            	3.26989522e+02
1580            	3.26990693e+02
1581            	3.26991691e+02
1582            	3.26992722e+02
1583            	3.26993541e+02
1584            	3.26994228e+02
1585            	3.26994745e+02
1586            	3.26995025e+02
1587            	3.26994990e+02
1588            	3.26994450e+02
1589            	3.26993655e+02
1590            	3.26991994e+02
1591            	3.26989888e+02
1592            	3.26987690e+02
1593            	3.26985323e+02
1594            	3.26982788e+02
1595            	3.26980253e+02
1596            	3.26977764e+02
1597            	3.26975346e+02
1598            	3.26973069e+02
1599            	3.26970988e+02
1600            	3.26969172e+02
1601            	3.26967678e+02
1602            	3.26966528e+02
1603            	3.26965823e+02
1604            	3.26965446e+02
1605            	3.26965447e+02
1606            	3.26965892e+02
1607            	3.26966291e+02
1608            	3.26967332e+02
1609            	3.26968688e+02
1610            	3.26970128e+02
1611            	3.26971656e+02
1612            	3.26973115e+02
1613            	3.26974459e+02
1614            	3.26975769e+02
1615            	3.26977141e+02
1616            	3.26978405e+02
1617            	3.26979349e+02
1618            	3.26980104e+02
1619            	3.26980718e+02
1620            	3.26981249e+02
1621            	3.26981609e+02
1622            	3.26981766e+02
1623            	3.26981741e+02
1624            	3.26981317e+02
1625            	3.26980026e+02
1626            	3.26978400e+02
1627            	3.26976567e+02
1628            	3.26974782e+02
1629            	3.26972812e+02
1630            	3.26970790e+02
1631            	3.26968853e+02
1632            	3.26967055e+02
1633            	3.26965473e+02
1634            	3.26964065e+02
1635            	3.26962884e+02
1636            	3.26961926e+02
1637            	3.26961186e+02
1638            	3.26960680e+02
1639            	3.26960446e+02
1640            	3.26960527e+02
1641            	3.26960961e+02
1642            	3.26961419e+02
1643            	3.26962470e+02
1644            	3.26963878e+02
1645            	3.26965442e+02
1646            	3.26967156e+02
1647            	3.26968951e+02
1648            	3.26970776e+02
1649            	3.26972466e+02
1650            	3.26974233e+02
1651            	3.26975998e+02
1652            	3.26977766e+02
1653            	3.26979474e+02
1654            	3.26981076e+02
1655            	3.26982681e+02
1656            	3.26984181e+02
1657            	3.26985565e+02
1658            	3.26986898e+02
1659            	3.26988164e+02
1660            	3.26989188e+02
1661            	3.26989814e+02
1662            	3.26989969e+02
1663            	3.26989655e+02
1664            	3.26989224e+02
1665            	3.26988088e+02
1666            	3.26986674e+02
1667            	3.26985058e+02
1668            	3.26983527e+02
1669            	3.26982076e+02
1670            	3.26980433e+02
1671            	3.26978885e+02
1672            	3.26977604e+02
1673            	3.26976591e+02
1674            	3.26975963e+02
1675            	3.26975278e+02
1676            	3.26975589e+02
1677            	3.26976605e+02
1678            	3.26978118e+02
1679            	3.26980069e+02
1680            	3.26982240e+02
1681            	3.26984301e+02
1682            	3.26986141e+02
1683            	3.26987541e+02
1684            	3.26988451e+02
1685            	3.26989239e+02
1686            	3.26990183e+02
1687            	3.26991105e+02
1688            	3.26992032e+02
1689            	3.26993023e+02
1690            	3.26993740e+02
1691            	3.26994720e+02
1692            	3.26995841e+02
1693            	3.26996965e+02
1694            	3.26997982e+02
1695            	3.26998757e+02
1696            	3.26999139e+02
1697            	3.26999042e+02
1698            	3.26998413e+02
1699            	3.26997588e+02
1700            	3.26995954e+02
1701            	3.26995003e+02
1702            	3.26993236e+02
1703            	3.26991431e+02
1704            	3.26989891e+02
1705            	3.26988510e+02
1706            	3.26987238e+02
1707            	3.26985947e+02
1708            	3.26985027e+02
1709            	3.26984486e+02
1710            	3.26984315e+02
1711            	3.26984474e+02
1712            	3.26985060e+02
1713            	3.26986102e+02
1714            	3.26986096e+02
1715            	3.26986531e+02
1716            	3.26986950e+02
1717            	3.26987292e+02
1718            	3.26987616e+02
1719            	3.26987772e+02
1720            	3.26987239e+02
1721            	3.26986686e+02
1722            	3.26986238e+02
1723            	3.26985357e+02
1724            	3.26984494e+02
1725            	3.26983599e+02
1726            	3.26982610e+02
1727            	3.26981531e+02
1728            	3.26980441e+02
1729            	3.26979615e+02
1730            	3.26979127e+02
1731            	3.26979022e+02
1732            	3.26978864e+02
1733            	3.26979055e+02
1734            	3.26979377e+02
1735            	3.26979759e+02
1736            	3.26980170e+02
1737            	3.26980554e+02
1738            	3.26980890e+02
1739            	3.26981169e+02
1740            	3.26981141e+02
1741            	3.26980719e+02
1742            	3.26980219e+02
1743            	3.26979274e+02
1744            	3.26978131e+02
1745            	3.26977083e+02
1746            	3.26976375e+02
1747            	3.26975844e+02
1748            	3.26975930e+02
1749            	3.26976459e+02
1750            	3.26977435e+02
1751            	3.26978640e+02
1752            	3.26980472e+02
1753            	3.26982456e+02
1754            	3.26984376e+02
1755            	3.26986079e+02
1756            	3.26987530e+02
1757            	3.26988637e+02
1758            	3.26989523e+02
1759            	3.26989985e+02
1760            	3.26990134e+02
1761            	3.26990132e+02
1762            	3.26990119e+02
1763            	3.26990135e+02
1764            	3.26990312e+02
1765            	3.26990265e+02
1766            	3.26989996e+02
1767            	3.26989324e+02
1768            	3.26988470e+02
1769            	3.26987503e+02
1770            	3.26986280e+02
1771            	3.26984303e+02
1772            	3.26982115e+02
1773            	3.26979750e+02
1774            	3.26977174e+02
1775            	3.26974512e+02
1776            	3.26971927e+02
1777            	3.26969589e+02
1778            	3.26967547e+02
1779            	3.26965882e+02
1780            	3.26964745e+02
1781            	3.26964071e+02
1782            	3.26963818e+02
1783            	3.26963888e+02
1784            	3.26964447e+02
1785            	3.26965354e+02
1786            	3.26966546e+02
1787            	3.26967942e+02
1788            	3.26969427e+02
1789            	3.26970861e+02
1790            	3.26972190e+02
1791            	3.26973310e+02
1792            	3.26974273e+02
1793            	3.26975377e+02
1794            	3.26976864e+02
1795            	3.26978562e+02
1796            	3.26980543e+02
1797            	3.26982520e+02
1798            	3.26984170e+02
1799            	3.26985932e+02
1800            	3.26987628e+02
1801            	3.26989244e+02
1802            	3.26990727e+02
1803            	3.26991922e+02
1804            	3.26992754e+02
1805            	3.26993195e+02
1806            	3.26993057e+02
1807            	3.26992589e+02
1808            	3.26991228e+02
1809            	3.26989513e+02
1810            	3.26987768e+02
1811            	3.26985903e+02
1812            	3.26984067e+02
1813            	3.26982297e+02
1814            	3.26980557e+02
1815            	3.26978861e+02
1816            	3.26977245e+02
1817            	3.26975723e+02
1818            	3.26974348e+02
1819            	3.26973588e+02
1820            	3.26973294e+02
1821            	3.26973664e+02
1822            	3.26974682e+02
1823            	3.26976257e+02
1824            	3.26977767e+02
1825            	3.26979774e+02
1826            	3.26981517e+02
1827            	3.26983415e+02
1828            	3.26985138e+02
1829            	3.26986687e+02
1830            	3.26987866e+02
1831            	3.26988604e+02
1832            	3.26988975e+02
1833            	3.26989109e+02
1834            	3.26989039e+02
1835            	3.26988704e+02
1836            	3.26988117e+02
1837            	3.26987353e+02
1838            	3.26986501e+02
1839            	3.26985653e+02
1840            	3.26984870e+02
1841            	3.26984171e+02
1842            	3.26983480e+02
1843            	3.26982751e+02
1844            	3.26981771e+02
1845            	3.26980456e+02
1846            	3.26979056e+02
1847            	3.26977044e+02
1848            	3.26975615e+02
1849            	3.26973665e+02
1850            	3.26971554e+02
1851            	3.26969392e+02
1852            	3.26967137e+02
1853            	3.26964808e+02
1854            	3.26962471e+02
1855            	3.26960216e+02
1856            	3.26958167e+02
1857            	3.26956461e+02
1858            	3.26955187e+02
1859            	3.26954478e+02
1860            	3.26954405e+02
1861            	3.26954714e+02
1862            	3.26955876e+02
1863            	3.26957028e+02
1864            	3.26958504e+02
1865            	3.26959723e+02
1866            	3.26960671e+02
1867            	3.26961544e+02
1868            	3.26962400e+02
1869            	3.26963190e+02
1870            	3.26963904e+02
1871            	3.26964521e+02
1872            	3.26965033e+02
1873            	3.26965557e+02
1874            	3.26965791e+02
1875            	3.26965319e+02
1876            	3.26964308e+02
1877            	3.26963537e+02
1878            	3.26962490e+02
1879            	3.26961415e+02
1880            	3.26960344e+02
1881            	3.26959139e+02
1882            	3.26957811e+02
1883            	3.26956373e+02
1884            	3.26954942e+02
1885            	3.26953543e+02
1886            	3.26952260e+02
1887            	3.26951249e+02
1888            	3.26950559e+02
1889            	3.26950214e+02
1890            	3.26950215e+02
1891            	3.26950553e+02
1892            	3.26951264e+02
1893            	3.26952322e+02
1894            	3.26953796e+02
1895            	3.26955611e+02
1896            	3.26957235e+02
1897            	3.26959434e+02
1898            	3.26961723e+02
1899            	3.26963793e+02
1900            	3.26965736e+02
1901            	3.26967458e+02
1902            	3.26968874e+02
1903            	3.26970030e+02
1904            	3.26970979e+02
1905            	3.26971776e+02
1906            	3.26972343e+02
1907            	3.26972716e+02
1908            	3.26972946e+02
1909            	3.26973055e+02
1910            	3.26973058e+02
1911            	3.26972941e+02
1912            	3.26972691e+02
1913            	3.26972290e+02
1914            	3.26971732e+02
1915            	3.26971026e+02
1916            	3.26970210e+02
1917            	3.26969260e+02
1918            	3.26968157e+02
1919            	3.26966956e+02
1920            	3.26965645e+02
1921            	3.26964275e+02
1922            	3.26962835e+02
1923            	3.26961425e+02
1924            	3.26959970e+02
1925            	3.26958547e+02
1926            	3.26957223e+02
1927            	3.26956022e+02
1928            	3.26954968e+02
1929            	3.26954100e+02
1930            	3.26953500e+02
1931            	3.26953244e+02
1932            	3.26953441e+02
1933            	3.26954171e+02
1934            	3.26955212e+02
1935            	3.26956576e+02
1936            	3.26958295e+02
1937            	3.26959983e+02
1938            	3.26961706e+02
1939            	3.26963386e+02
1940            	3.26964986e+02
1941            	3.26966327e+02
1942            	3.26967369e+02
1943            	3.26968043e+02
1944            	3.26968212e+02
1945            	3.26968005e+02
1946            	3.26967489e+02
1947            	3.26966608e+02
1948            	3.26965558e+02
1949            	3.26965052e+02
1950            	3.26964158e+02
1951            	3.26963112e+02
1952            	3.26962256e+02
1953            	3.26961615e+02
1954            	3.26961675e+02
1955            	3.26962268e+02
1956            	3.26963264e+02
1957            	3.26964512e+02
1958            	3.26966015e+02
1959            	3.26967725e+02
1960            	3.26969585e+02
1961            	3.26971548e+02
1962            	3.26973571e+02
1963            	3.26975622e+02
1964            	3.26977606e+02
1965            	3.26979318e+02
1966            	3.26980900e+02
1967            	3.26982568e+02
1968            	3.26984043e+02
1969            	3.26985256e+02
1970            	3.26986345e+02
1971            	3.26987394e+02
1972            	3.26988348e+02
1973            	3.26989113e+02
1974            	3.26989848e+02
1975            	3.26990550e+02
1976            	3.26991390e+02
1977            	3.26992066e+02
1978            	3.26992713e+02
1979            	3.26993220e+02
1980            	3.26993681e+02
1981            	3.26994108e+02
1982            	3.26994472e+02
1983            	3.26994754e+02
1984            	3.26994943e+02
1985            	3.26994989e+02
1986            	3.26994806e+02
1987            	3.26994245e+02
1988            	3.26993280e+02
1989            	3.26992233e+02
1990            	3.26990765e+02
1991            	3.26989046e+02
1992            	3.26987352e+02
1993            	3.26985529e+02
1994            	3.26983607e+02
1995            	3.26981867e+02
1996            	3.26980217e+02
1997            	3.26978797e+02
1998            	3.26977988e+02
1999            	3.26977795e+02
2000            	3.26977414e+02
