/*--------------------------------*- C++ -*----------------------------------*\
| =========                 |                                                 |
| \\      /  F ield         | OpenFOAM: The Open Source CFD Toolbox           |
|  \\    /   O peration     | Version:  2506                                  |
|   \\  /    A nd           | Website:  www.openfoam.com                      |
|    \\/     M anipulation  |                                                 |
\*---------------------------------------------------------------------------*/
FoamFile
{
    version     2.0;
    format      binary;
    arch        "LSB;label=32;scalar=64";
    class       faceSet;
    location    "constant/polyMesh/sets";
    object      walls;
}
// * * * * * * * * * * * * * * * * * * * * * * * * * * * * * * * * * * * * * //


632
(
2050
2054
2062
2066
2076
2082
2086
38
2090
2093
2095
2099
2123
75
2127
2130
2139
2145
2148
2155
107
2159
114
117
2179
132
133
2183
2186
2198
152
2202
154
2205
2209
2222
175
2229
193
2242
194
2244
197
2248
201
2252
206
2256
208
210
2263
2269
2271
226
2280
2282
237
240
241
244
248
2305
257
2307
2309
2332
2335
2337
2340
2342
2355
4407
314
2363
318
2372
326
2375
2376
2377
2382
2387
2389
2410
366
368
379
383
2433
2435
387
2437
2439
392
2441
2442
2443
396
399
402
405
408
410
413
2463
416
2465
419
422
424
2474
426
2477
429
432
434
435
436
437
2486
438
439
2488
440
441
2490
442
2492
444
2493
2494
2497
454
2517
2521
473
475
2524
477
478
2527
2529
2530
2532
2534
2536
2545
2546
500
540
541
543
553
556
558
562
564
566
568
572
574
592
598
600
603
606
608
612
615
618
621
623
626
629
2678
631
2681
2682
635
636
2685
638
640
2691
643
2692
645
646
647
648
649
651
652
673
675
685
687
691
694
2746
698
702
705
707
2756
710
714
2765
717
720
2769
724
728
731
734
738
741
743
747
749
753
757
761
765
769
773
776
779
2829
781
783
784
785
786
787
789
791
793
795
797
798
799
801
802
803
805
807
809
811
812
814
2871
2879
833
2887
2890
2895
852
2902
2906
2915
875
2924
2949
933
2982
936
2985
2986
940
943
2993
946
950
953
955
958
961
963
966
968
971
3020
975
978
980
3030
983
984
5081
986
3035
988
990
992
994
996
997
998
3047
999
1000
1001
1002
3052
1004
3055
3075
1040
3098
3104
1062
1066
1069
3118
3120
1072
1076
1080
1083
1085
3135
1087
1090
1092
1095
1097
3146
1100
3149
1102
3153
1106
1109
1113
1115
1118
1121
1123
1126
1129
1132
3183
3211
1168
3234
3235
3245
3246
1207
1208
1209
1210
1211
1212
3261
1213
1214
3263
1215
3264
1217
1218
1222
3277
3278
3279
3280
3282
3284
3286
3299
3300
1257
1260
1268
1273
1275
3326
3327
3329
3330
3332
1284
3334
3335
1287
3337
3338
1290
1294
3343
1298
1299
1303
3354
1307
3356
3357
1310
3360
3361
1314
3363
1318
1321
3371
1324
3373
3375
3376
1328
1330
3380
3382
1334
3386
1338
3387
3388
1340
3391
1343
1347
3397
3399
1351
1353
3404
1356
3405
3407
1359
1360
1362
1364
3414
1367
1370
1372
3423
1375
3426
1378
3428
3429
1381
3431
1383
3432
3433
1386
1388
3437
1390
3439
3442
3443
3445
3446
3450
3454
3456
3459
3462
3465
3467
3468
3470
3471
3473
3474
1436
1440
1443
1447
1450
1453
1455
1458
1460
3511
1463
3514
3515
1467
1469
1473
3524
1476
3527
1479
3528
1482
1483
1484
1486
1503
3557
3560
3577
3580
1534
1535
1536
1537
1539
1540
1542
1543
1544
1545
1546
1547
1548
1554
1557
3606
1563
1566
1580
1583
1585
1586
1600
20036
1605
1608
1609
1612
20045
1614
1619
1629
1632
1636
1639
1643
1645
1648
1650
1652
1656
1658
1662
1665
1667
1668
3719
1672
1675
1678
3729
1681
3731
1684
3734
3736
3740
1693
3755
1714
3765
3768
3782
3789
3790
3800
3802
3804
1756
1757
3806
1758
3807
1759
1760
1761
3816
3817
1785
1787
3841
1793
3843
1796
1798
3847
3849
1801
1803
1805
3856
3857
1811
3860
3861
1813
1814
3867
3868
1821
3871
3873
1825
1826
1833
1845
1850
1853
1855
1861
1862
1864
1865
1871
1874
1875
1937
20370
1940
1941
1951
1954
1970
1972
1981
1997
2009
2013
2024
2036
)


// ************************************************************************* //
