# Region        : cellZone pcb
# Cells         : 440
# Volume        : 8.42657162e-01
# Time          	volAverage(T)
1               	3.00011846e+02
2               	3.00034763e+02
3               	3.00067265e+02
4               	3.00107788e+02
5               	3.00154378e+02
6               	3.00206716e+02
7               	3.00264686e+02
8               	3.00327625e+02
9               	3.00395470e+02
10              	3.00467809e+02
11              	3.00543433e+02
12              	3.00622192e+02
13              	3.00704140e+02
14              	3.00788901e+02
15              	3.00874399e+02
16              	3.00961577e+02
17              	3.01051857e+02
18              	3.01143159e+02
19              	3.01235927e+02
20              	3.01330731e+02
21              	3.01425935e+02
22              	3.01521551e+02
23              	3.01618546e+02
24              	3.01716567e+02
25              	3.01814556e+02
26              	3.01913628e+02
27              	3.02013711e+02
28              	3.02115565e+02
29              	3.02217203e+02
30              	3.02319232e+02
31              	3.02422219e+02
32              	3.02525477e+02
33              	3.02628255e+02
34              	3.02728940e+02
35              	3.02828342e+02
36              	3.02926941e+02
37              	3.03022747e+02
38              	3.03116183e+02
39              	3.03209243e+02
40              	3.03301428e+02
41              	3.03391348e+02
42              	3.03481527e+02
43              	3.03571252e+02
44              	3.03660587e+02
45              	3.03749978e+02
46              	3.03838350e+02
47              	3.03925429e+02
48              	3.04012868e+02
49              	3.04099874e+02
50              	3.04185617e+02
51              	3.04268967e+02
52              	3.04353294e+02
53              	3.04439285e+02
54              	3.04523053e+02
55              	3.04604080e+02
56              	3.04682445e+02
57              	3.04757619e+02
58              	3.04829618e+02
59              	3.04899917e+02
60              	3.04968764e+02
61              	3.05039237e+02
62              	3.05107933e+02
63              	3.05174183e+02
64              	3.05239554e+02
65              	3.05302691e+02
66              	3.05365035e+02
67              	3.05428031e+02
68              	3.05491217e+02
69              	3.05551556e+02
70              	3.05610415e+02
71              	3.05668401e+02
72              	3.05725081e+02
73              	3.05781500e+02
74              	3.05837365e+02
75              	3.05894254e+02
76              	3.05951276e+02
77              	3.06007554e+02
78              	3.06062137e+02
79              	3.06116798e+02
80              	3.06170481e+02
81              	3.06220845e+02
82              	3.06268357e+02
83              	3.06315503e+02
84              	3.06362885e+02
85              	3.06409844e+02
86              	3.06456238e+02
87              	3.06501764e+02
88              	3.06545290e+02
89              	3.06587857e+02
90              	3.06629857e+02
91              	3.06671326e+02
92              	3.06709252e+02
93              	3.06743874e+02
94              	3.06778264e+02
95              	3.06812801e+02
96              	3.06847403e+02
97              	3.06881784e+02
98              	3.06915540e+02
99              	3.06949222e+02
100             	3.06982300e+02
101             	3.07015080e+02
102             	3.07048161e+02
103             	3.07081958e+02
104             	3.07115745e+02
105             	3.07149672e+02
106             	3.07182479e+02
107             	3.07214768e+02
108             	3.07246075e+02
109             	3.07277027e+02
110             	3.07307114e+02
111             	3.07336570e+02
112             	3.07365103e+02
113             	3.07392904e+02
114             	3.07420000e+02
115             	3.07445860e+02
116             	3.07471011e+02
117             	3.07495877e+02
118             	3.07519972e+02
119             	3.07542854e+02
120             	3.07564951e+02
121             	3.07586160e+02
122             	3.07606678e+02
123             	3.07626679e+02
124             	3.07646861e+02
125             	3.07666688e+02
126             	3.07685921e+02
127             	3.07705400e+02
128             	3.07724904e+02
129             	3.07744624e+02
130             	3.07764162e+02
131             	3.07783378e+02
132             	3.07802338e+02
133             	3.07820750e+02
134             	3.07838658e+02
135             	3.07855493e+02
136             	3.07872054e+02
137             	3.07888404e+02
138             	3.07904361e+02
139             	3.07919909e+02
140             	3.07934853e+02
141             	3.07949363e+02
142             	3.07963704e+02
143             	3.07977436e+02
144             	3.07991205e+02
145             	3.08004466e+02
146             	3.08017659e+02
147             	3.08030998e+02
148             	3.08044689e+02
149             	3.08058461e+02
150             	3.08072546e+02
151             	3.08086552e+02
152             	3.08099873e+02
153             	3.08113025e+02
154             	3.08125669e+02
155             	3.08137738e+02
156             	3.08149205e+02
157             	3.08159921e+02
158             	3.08170160e+02
159             	3.08179812e+02
160             	3.08189197e+02
161             	3.08198761e+02
162             	3.08207735e+02
163             	3.08216465e+02
164             	3.08225427e+02
165             	3.08234370e+02
166             	3.08243610e+02
167             	3.08252853e+02
168             	3.08262232e+02
169             	3.08271580e+02
170             	3.08280543e+02
171             	3.08288980e+02
172             	3.08297308e+02
173             	3.08305519e+02
174             	3.08313244e+02
175             	3.08320664e+02
176             	3.08327851e+02
177             	3.08334957e+02
178             	3.08341786e+02
179             	3.08348587e+02
180             	3.08355230e+02
181             	3.08362006e+02
182             	3.08368621e+02
183             	3.08375189e+02
184             	3.08381680e+02
185             	3.08388135e+02
186             	3.08394338e+02
187             	3.08400605e+02
188             	3.08406893e+02
189             	3.08412873e+02
190             	3.08418789e+02
191             	3.08424677e+02
192             	3.08430254e+02
193             	3.08435748e+02
194             	3.08440907e+02
195             	3.08445493e+02
196             	3.08449891e+02
197             	3.08453989e+02
198             	3.08458155e+02
199             	3.08462212e+02
200             	3.08466089e+02
201             	3.08470137e+02
202             	3.08474189e+02
203             	3.08478245e+02
204             	3.08482332e+02
205             	3.08486243e+02
206             	3.08490353e+02
207             	3.08494396e+02
208             	3.08498554e+02
209             	3.08502621e+02
210             	3.08506799e+02
211             	3.08510845e+02
212             	3.08514947e+02
213             	3.08518854e+02
214             	3.08522745e+02
215             	3.08526628e+02
216             	3.08530156e+02
217             	3.08533708e+02
218             	3.08537144e+02
219             	3.08540453e+02
220             	3.08543630e+02
221             	3.08546492e+02
222             	3.08549380e+02
223             	3.08552162e+02
224             	3.08554849e+02
225             	3.08557487e+02
226             	3.08559830e+02
227             	3.08562194e+02
228             	3.08564499e+02
229             	3.08566820e+02
230             	3.08569124e+02
231             	3.08571169e+02
232             	3.08573291e+02
233             	3.08575418e+02
234             	3.08577364e+02
235             	3.08579343e+02
236             	3.08581415e+02
237             	3.08583185e+02
238             	3.08585091e+02
239             	3.08586887e+02
240             	3.08588788e+02
241             	3.08590582e+02
242             	3.08592602e+02
243             	3.08594430e+02
244             	3.08596359e+02
245             	3.08598252e+02
246             	3.08600317e+02
247             	3.08602330e+02
248             	3.08604456e+02
249             	3.08606475e+02
250             	3.08608574e+02
251             	3.08610519e+02
252             	3.08612324e+02
253             	3.08614022e+02
254             	3.08615759e+02
255             	3.08617243e+02
256             	3.08618680e+02
257             	3.08619908e+02
258             	3.08621173e+02
259             	3.08622292e+02
260             	3.08623469e+02
261             	3.08624513e+02
262             	3.08625619e+02
263             	3.08626771e+02
264             	3.08627720e+02
265             	3.08628772e+02
266             	3.08629872e+02
267             	3.08631160e+02
268             	3.08632094e+02
269             	3.08633142e+02
270             	3.08634277e+02
271             	3.08635285e+02
272             	3.08636436e+02
273             	3.08637661e+02
274             	3.08638760e+02
275             	3.08639988e+02
276             	3.08641249e+02
277             	3.08642450e+02
278             	3.08643451e+02
279             	3.08644555e+02
280             	3.08645637e+02
281             	3.08646497e+02
282             	3.08647408e+02
283             	3.08648337e+02
284             	3.08648978e+02
285             	3.08649693e+02
286             	3.08650245e+02
287             	3.08650855e+02
288             	3.08651326e+02
289             	3.08651888e+02
290             	3.08652350e+02
291             	3.08652955e+02
292             	3.08653487e+02
293             	3.08654152e+02
294             	3.08654719e+02
295             	3.08655397e+02
296             	3.08655971e+02
297             	3.08656649e+02
298             	3.08657209e+02
299             	3.08657892e+02
300             	3.08658463e+02
301             	3.08659136e+02
302             	3.08659736e+02
303             	3.08660417e+02
304             	3.08661006e+02
305             	3.08661677e+02
306             	3.08662223e+02
307             	3.08662888e+02
308             	3.08663449e+02
309             	3.08664103e+02
310             	3.08664824e+02
311             	3.08665304e+02
312             	3.08665888e+02
313             	3.08666476e+02
314             	3.08666872e+02
315             	3.08667331e+02
316             	3.08667764e+02
317             	3.08668117e+02
318             	3.08668509e+02
319             	3.08668641e+02
320             	3.08668880e+02
321             	3.08669122e+02
322             	3.08669395e+02
323             	3.08669413e+02
324             	3.08669586e+02
325             	3.08669885e+02
326             	3.08669996e+02
327             	3.08670278e+02
328             	3.08670474e+02
329             	3.08670801e+02
330             	3.08671029e+02
331             	3.08671393e+02
332             	3.08671660e+02
333             	3.08672041e+02
334             	3.08672313e+02
335             	3.08672690e+02
336             	3.08672950e+02
337             	3.08673345e+02
338             	3.08673634e+02
339             	3.08674041e+02
340             	3.08674336e+02
341             	3.08674734e+02
342             	3.08675036e+02
343             	3.08675432e+02
344             	3.08675715e+02
345             	3.08676106e+02
346             	3.08676391e+02
347             	3.08676774e+02
348             	3.08677052e+02
349             	3.08677426e+02
350             	3.08677664e+02
351             	3.08677951e+02
352             	3.08678090e+02
353             	3.08678292e+02
354             	3.08678365e+02
355             	3.08678518e+02
356             	3.08678549e+02
357             	3.08678657e+02
358             	3.08678644e+02
359             	3.08678711e+02
360             	3.08678804e+02
361             	3.08678740e+02
362             	3.08678780e+02
363             	3.08678849e+02
364             	3.08678994e+02
365             	3.08678924e+02
366             	3.08679015e+02
367             	3.08679134e+02
368             	3.08679300e+02
369             	3.08679327e+02
370             	3.08679521e+02
371             	3.08679785e+02
372             	3.08679926e+02
373             	3.08680187e+02
374             	3.08680501e+02
375             	3.08680637e+02
376             	3.08680888e+02
377             	3.08681247e+02
378             	3.08681295e+02
379             	3.08681478e+02
380             	3.08681555e+02
381             	3.08681767e+02
382             	3.08681869e+02
383             	3.08682080e+02
384             	3.08682155e+02
385             	3.08682321e+02
386             	3.08682348e+02
387             	3.08682484e+02
388             	3.08682485e+02
389             	3.08682576e+02
390             	3.08682535e+02
391             	3.08682598e+02
392             	3.08682542e+02
393             	3.08682594e+02
394             	3.08682531e+02
395             	3.08682573e+02
396             	3.08682499e+02
397             	3.08682521e+02
398             	3.08682439e+02
399             	3.08682464e+02
400             	3.08682596e+02
401             	3.08682498e+02
402             	3.08682512e+02
403             	3.08682556e+02
404             	3.08682413e+02
405             	3.08682392e+02
406             	3.08682422e+02
407             	3.08682314e+02
408             	3.08682329e+02
409             	3.08682393e+02
410             	3.08682558e+02
411             	3.08682487e+02
412             	3.08682569e+02
413             	3.08682705e+02
414             	3.08682714e+02
415             	3.08682846e+02
416             	3.08683035e+02
417             	3.08683076e+02
418             	3.08683247e+02
419             	3.08683490e+02
420             	3.08683553e+02
421             	3.08683747e+02
422             	3.08684063e+02
423             	3.08684102e+02
424             	3.08684302e+02
425             	3.08684411e+02
426             	3.08684655e+02
427             	3.08684788e+02
428             	3.08685023e+02
429             	3.08685134e+02
430             	3.08685341e+02
431             	3.08685400e+02
432             	3.08685537e+02
433             	3.08685522e+02
434             	3.08685602e+02
435             	3.08685546e+02
436             	3.08685587e+02
437             	3.08685496e+02
438             	3.08685499e+02
439             	3.08685374e+02
440             	3.08685350e+02
441             	3.08685213e+02
442             	3.08685176e+02
443             	3.08685032e+02
444             	3.08684997e+02
445             	3.08685033e+02
446             	3.08684826e+02
447             	3.08684723e+02
448             	3.08684644e+02
449             	3.08684597e+02
450             	3.08684596e+02
451             	3.08684643e+02
452             	3.08684687e+02
453             	3.08684404e+02
454             	3.08684299e+02
455             	3.08684255e+02
456             	3.08684287e+02
457             	3.08684171e+02
458             	3.08684207e+02
459             	3.08684288e+02
460             	3.08684252e+02
461             	3.08684367e+02
462             	3.08684562e+02
463             	3.08684594e+02
464             	3.08684764e+02
465             	3.08685044e+02
466             	3.08685073e+02
467             	3.08685249e+02
468             	3.08685329e+02
469             	3.08685526e+02
470             	3.08685611e+02
471             	3.08685798e+02
472             	3.08685898e+02
473             	3.08686139e+02
474             	3.08686251e+02
475             	3.08686433e+02
476             	3.08686465e+02
477             	3.08686594e+02
478             	3.08686551e+02
479             	3.08686571e+02
480             	3.08686431e+02
481             	3.08686377e+02
482             	3.08686185e+02
483             	3.08686101e+02
484             	3.08685892e+02
485             	3.08685787e+02
486             	3.08685552e+02
487             	3.08685432e+02
488             	3.08685230e+02
489             	3.08685140e+02
490             	3.08685108e+02
491             	3.08684873e+02
492             	3.08684756e+02
493             	3.08684646e+02
494             	3.08684572e+02
495             	3.08684316e+02
496             	3.08684209e+02
497             	3.08684157e+02
498             	3.08684173e+02
499             	3.08684290e+02
500             	3.08684220e+02
501             	3.08684321e+02
502             	3.08684493e+02
503             	3.08684541e+02
504             	3.08684721e+02
505             	3.08684994e+02
506             	3.08685063e+02
507             	3.08685282e+02
508             	3.08685417e+02
509             	3.08685686e+02
510             	3.08685858e+02
511             	3.08686155e+02
512             	3.08686339e+02
513             	3.08686629e+02
514             	3.08686791e+02
515             	3.08687067e+02
516             	3.08687203e+02
517             	3.08687427e+02
518             	3.08687495e+02
519             	3.08687635e+02
520             	3.08687628e+02
521             	3.08687701e+02
522             	3.08687606e+02
523             	3.08687593e+02
524             	3.08687442e+02
525             	3.08687390e+02
526             	3.08687212e+02
527             	3.08687141e+02
528             	3.08686945e+02
529             	3.08686851e+02
530             	3.08686626e+02
531             	3.08686511e+02
532             	3.08686289e+02
533             	3.08686179e+02
534             	3.08685953e+02
535             	3.08685797e+02
536             	3.08685690e+02
537             	3.08685382e+02
538             	3.08685204e+02
539             	3.08685076e+02
540             	3.08685018e+02
541             	3.08684998e+02
542             	3.08684999e+02
543             	3.08685021e+02
544             	3.08685067e+02
545             	3.08685145e+02
546             	3.08685295e+02
547             	3.08685178e+02
548             	3.08685245e+02
549             	3.08685380e+02
550             	3.08685397e+02
551             	3.08685578e+02
552             	3.08685700e+02
553             	3.08685975e+02
554             	3.08686167e+02
555             	3.08686491e+02
556             	3.08686699e+02
557             	3.08687025e+02
558             	3.08687193e+02
559             	3.08687465e+02
560             	3.08687573e+02
561             	3.08687741e+02
562             	3.08687734e+02
563             	3.08687793e+02
564             	3.08687689e+02
565             	3.08687656e+02
566             	3.08687475e+02
567             	3.08687375e+02
568             	3.08687125e+02
569             	3.08686959e+02
570             	3.08686652e+02
571             	3.08686440e+02
572             	3.08686101e+02
573             	3.08685885e+02
574             	3.08685581e+02
575             	3.08685410e+02
576             	3.08685172e+02
577             	3.08685046e+02
578             	3.08684979e+02
579             	3.08684690e+02
580             	3.08684528e+02
581             	3.08684418e+02
582             	3.08684361e+02
583             	3.08684354e+02
584             	3.08684363e+02
585             	3.08684087e+02
586             	3.08683988e+02
587             	3.08683955e+02
588             	3.08684003e+02
589             	3.08684160e+02
590             	3.08684081e+02
591             	3.08684183e+02
592             	3.08684364e+02
593             	3.08684409e+02
594             	3.08684601e+02
595             	3.08684885e+02
596             	3.08684964e+02
597             	3.08685178e+02
598             	3.08685502e+02
599             	3.08685578e+02
600             	3.08685814e+02
601             	3.08685959e+02
602             	3.08686221e+02
603             	3.08686372e+02
604             	3.08686628e+02
605             	3.08686752e+02
606             	3.08686978e+02
607             	3.08687054e+02
608             	3.08687202e+02
609             	3.08687186e+02
610             	3.08687238e+02
611             	3.08687123e+02
612             	3.08687081e+02
613             	3.08686882e+02
614             	3.08686777e+02
615             	3.08686546e+02
616             	3.08686425e+02
617             	3.08686169e+02
618             	3.08685969e+02
619             	3.08685615e+02
620             	3.08685337e+02
621             	3.08685101e+02
622             	3.08684962e+02
623             	3.08684551e+02
624             	3.08684308e+02
625             	3.08684122e+02
626             	3.08683991e+02
627             	3.08683913e+02
628             	3.08683889e+02
629             	3.08683911e+02
630             	3.08684001e+02
631             	3.08684135e+02
632             	3.08684062e+02
633             	3.08684148e+02
634             	3.08684319e+02
635             	3.08684364e+02
636             	3.08684549e+02
637             	3.08684807e+02
638             	3.08684844e+02
639             	3.08685000e+02
640             	3.08685232e+02
641             	3.08685253e+02
642             	3.08685426e+02
643             	3.08685729e+02
644             	3.08685786e+02
645             	3.08686004e+02
646             	3.08686117e+02
647             	3.08686331e+02
648             	3.08686426e+02
649             	3.08686623e+02
650             	3.08686708e+02
651             	3.08686902e+02
652             	3.08686946e+02
653             	3.08687071e+02
654             	3.08687023e+02
655             	3.08687036e+02
656             	3.08686875e+02
657             	3.08686783e+02
658             	3.08686520e+02
659             	3.08686332e+02
660             	3.08685989e+02
661             	3.08685742e+02
662             	3.08685359e+02
663             	3.08685076e+02
664             	3.08684699e+02
665             	3.08684420e+02
666             	3.08684201e+02
667             	3.08683683e+02
668             	3.08683350e+02
669             	3.08683111e+02
670             	3.08682971e+02
671             	3.08682698e+02
672             	3.08682602e+02
673             	3.08682641e+02
674             	3.08682634e+02
675             	3.08682835e+02
676             	3.08683173e+02
677             	3.08683361e+02
678             	3.08683713e+02
679             	3.08684143e+02
680             	3.08684344e+02
681             	3.08684667e+02
682             	3.08684850e+02
683             	3.08685097e+02
684             	3.08685215e+02
685             	3.08685420e+02
686             	3.08685495e+02
687             	3.08685665e+02
688             	3.08685705e+02
689             	3.08685851e+02
690             	3.08685886e+02
691             	3.08686058e+02
692             	3.08686098e+02
693             	3.08686304e+02
694             	3.08686447e+02
695             	3.08686664e+02
696             	3.08686744e+02
697             	3.08686941e+02
698             	3.08687002e+02
699             	3.08687077e+02
700             	3.08686943e+02
701             	3.08686849e+02
702             	3.08686570e+02
703             	3.08686362e+02
704             	3.08686012e+02
705             	3.08685747e+02
706             	3.08685358e+02
707             	3.08685060e+02
708             	3.08684810e+02
709             	3.08684413e+02
710             	3.08684150e+02
711             	3.08683927e+02
712             	3.08683738e+02
713             	3.08683583e+02
714             	3.08683462e+02
715             	3.08683425e+02
716             	3.08683151e+02
717             	3.08683058e+02
718             	3.08683043e+02
719             	3.08682879e+02
720             	3.08682880e+02
721             	3.08682816e+02
722             	3.08682890e+02
723             	3.08682883e+02
724             	3.08683002e+02
725             	3.08683021e+02
726             	3.08683161e+02
727             	3.08683195e+02
728             	3.08683343e+02
729             	3.08683389e+02
730             	3.08683568e+02
731             	3.08683676e+02
732             	3.08683940e+02
733             	3.08684134e+02
734             	3.08684460e+02
735             	3.08684677e+02
736             	3.08684968e+02
737             	3.08685154e+02
738             	3.08685472e+02
739             	3.08685646e+02
740             	3.08685886e+02
741             	3.08685957e+02
742             	3.08686088e+02
743             	3.08686045e+02
744             	3.08686038e+02
745             	3.08685828e+02
746             	3.08685672e+02
747             	3.08685348e+02
748             	3.08685092e+02
749             	3.08684681e+02
750             	3.08684360e+02
751             	3.08683926e+02
752             	3.08683608e+02
753             	3.08683355e+02
754             	3.08683168e+02
755             	3.08682733e+02
756             	3.08682399e+02
757             	3.08682079e+02
758             	3.08681808e+02
759             	3.08681617e+02
760             	3.08681496e+02
761             	3.08681432e+02
762             	3.08681424e+02
763             	3.08681468e+02
764             	3.08681588e+02
765             	3.08681793e+02
766             	3.08681805e+02
767             	3.08681977e+02
768             	3.08682199e+02
769             	3.08682275e+02
770             	3.08682478e+02
771             	3.08682786e+02
772             	3.08682862e+02
773             	3.08683097e+02
774             	3.08683231e+02
775             	3.08683469e+02
776             	3.08683584e+02
777             	3.08683812e+02
778             	3.08683912e+02
779             	3.08684148e+02
780             	3.08684288e+02
781             	3.08684587e+02
782             	3.08684731e+02
783             	3.08684985e+02
784             	3.08685086e+02
785             	3.08685216e+02
786             	3.08685159e+02
787             	3.08685175e+02
788             	3.08685032e+02
789             	3.08684971e+02
790             	3.08684765e+02
791             	3.08684647e+02
792             	3.08684385e+02
793             	3.08684223e+02
794             	3.08683934e+02
795             	3.08683766e+02
796             	3.08683491e+02
797             	3.08683310e+02
798             	3.08683180e+02
799             	3.08682784e+02
800             	3.08682529e+02
801             	3.08682361e+02
802             	3.08682329e+02
803             	3.08682092e+02
804             	3.08682046e+02
805             	3.08682079e+02
806             	3.08682239e+02
807             	3.08682237e+02
808             	3.08682440e+02
809             	3.08682748e+02
810             	3.08682932e+02
811             	3.08683268e+02
812             	3.08683703e+02
813             	3.08683945e+02
814             	3.08684329e+02
815             	3.08684621e+02
816             	3.08685007e+02
817             	3.08685257e+02
818             	3.08685582e+02
819             	3.08685777e+02
820             	3.08686077e+02
821             	3.08686263e+02
822             	3.08686562e+02
823             	3.08686748e+02
824             	3.08687029e+02
825             	3.08687168e+02
826             	3.08687388e+02
827             	3.08687450e+02
828             	3.08687578e+02
829             	3.08687552e+02
830             	3.08687598e+02
831             	3.08687493e+02
832             	3.08687473e+02
833             	3.08687320e+02
834             	3.08687264e+02
835             	3.08687069e+02
836             	3.08686972e+02
837             	3.08686737e+02
838             	3.08686599e+02
839             	3.08686331e+02
840             	3.08686165e+02
841             	3.08685886e+02
842             	3.08685736e+02
843             	3.08685496e+02
844             	3.08685369e+02
845             	3.08685322e+02
846             	3.08685006e+02
847             	3.08684818e+02
848             	3.08684692e+02
849             	3.08684615e+02
850             	3.08684530e+02
851             	3.08684481e+02
852             	3.08684497e+02
853             	3.08684569e+02
854             	3.08684685e+02
855             	3.08684832e+02
856             	3.08685010e+02
857             	3.08685240e+02
858             	3.08685283e+02
859             	3.08685503e+02
860             	3.08685822e+02
861             	3.08685967e+02
862             	3.08686265e+02
863             	3.08686466e+02
864             	3.08686775e+02
865             	3.08686946e+02
866             	3.08687280e+02
867             	3.08687510e+02
868             	3.08687831e+02
869             	3.08687974e+02
870             	3.08688147e+02
871             	3.08688136e+02
872             	3.08688175e+02
873             	3.08687976e+02
874             	3.08687801e+02
875             	3.08687441e+02
876             	3.08687161e+02
877             	3.08686737e+02
878             	3.08686424e+02
879             	3.08686003e+02
880             	3.08685705e+02
881             	3.08685327e+02
882             	3.08685096e+02
883             	3.08684962e+02
884             	3.08684628e+02
885             	3.08684425e+02
886             	3.08684260e+02
887             	3.08684134e+02
888             	3.08684057e+02
889             	3.08683979e+02
890             	3.08683867e+02
891             	3.08683752e+02
892             	3.08683656e+02
893             	3.08683576e+02
894             	3.08683560e+02
895             	3.08683576e+02
896             	3.08683589e+02
897             	3.08683641e+02
898             	3.08683740e+02
899             	3.08683929e+02
900             	3.08683856e+02
901             	3.08684005e+02
902             	3.08684280e+02
903             	3.08684391e+02
904             	3.08684684e+02
905             	3.08684893e+02
906             	3.08685239e+02
907             	3.08685479e+02
908             	3.08685845e+02
909             	3.08686106e+02
910             	3.08686509e+02
911             	3.08686744e+02
912             	3.08687089e+02
913             	3.08687275e+02
914             	3.08687493e+02
915             	3.08687486e+02
916             	3.08687499e+02
917             	3.08687340e+02
918             	3.08687239e+02
919             	3.08686957e+02
920             	3.08686734e+02
921             	3.08686344e+02
922             	3.08686042e+02
923             	3.08685605e+02
924             	3.08685282e+02
925             	3.08684862e+02
926             	3.08684586e+02
927             	3.08684433e+02
928             	3.08683989e+02
929             	3.08683685e+02
930             	3.08683429e+02
931             	3.08683284e+02
932             	3.08682889e+02
933             	3.08682675e+02
934             	3.08682544e+02
935             	3.08682467e+02
936             	3.08682413e+02
937             	3.08682395e+02
938             	3.08682419e+02
939             	3.08682479e+02
940             	3.08682571e+02
941             	3.08682730e+02
942             	3.08682885e+02
943             	3.08683034e+02
944             	3.08683209e+02
945             	3.08683463e+02
946             	3.08683483e+02
947             	3.08683663e+02
948             	3.08683911e+02
949             	3.08683981e+02
950             	3.08684198e+02
951             	3.08684545e+02
952             	3.08684592e+02
953             	3.08684819e+02
954             	3.08684972e+02
955             	3.08685251e+02
956             	3.08685397e+02
957             	3.08685631e+02
958             	3.08685694e+02
959             	3.08685802e+02
960             	3.08685736e+02
961             	3.08685721e+02
962             	3.08685541e+02
963             	3.08685425e+02
964             	3.08685154e+02
965             	3.08684972e+02
966             	3.08684638e+02
967             	3.08684397e+02
968             	3.08684015e+02
969             	3.08683736e+02
970             	3.08683348e+02
971             	3.08683082e+02
972             	3.08682777e+02
973             	3.08682595e+02
974             	3.08682436e+02
975             	3.08682045e+02
976             	3.08681777e+02
977             	3.08681565e+02
978             	3.08681436e+02
979             	3.08681384e+02
980             	3.08681383e+02
981             	3.08681421e+02
982             	3.08681490e+02
983             	3.08681647e+02
984             	3.08681905e+02
985             	3.08682238e+02
986             	3.08682404e+02
987             	3.08682733e+02
988             	3.08683135e+02
989             	3.08683366e+02
990             	3.08683734e+02
991             	3.08683997e+02
992             	3.08684363e+02
993             	3.08684599e+02
994             	3.08684927e+02
995             	3.08685104e+02
996             	3.08685367e+02
997             	3.08685506e+02
998             	3.08685763e+02
999             	3.08685900e+02
1000            	3.08686141e+02
1001            	3.08686230e+02
1002            	3.08686365e+02
1003            	3.08686352e+02
1004            	3.08686426e+02
1005            	3.08686352e+02
1006            	3.08686347e+02
1007            	3.08686214e+02
1008            	3.08686170e+02
1009            	3.08686009e+02
1010            	3.08685954e+02
1011            	3.08685777e+02
1012            	3.08685702e+02
1013            	3.08685494e+02
1014            	3.08685387e+02
1015            	3.08685158e+02
1016            	3.08685049e+02
1017            	3.08684857e+02
1018            	3.08684745e+02
1019            	3.08684676e+02
1020            	3.08684397e+02
1021            	3.08684169e+02
1022            	3.08683984e+02
1023            	3.08683876e+02
1024            	3.08683825e+02
1025            	3.08683792e+02
1026            	3.08683824e+02
1027            	3.08683938e+02
1028            	3.08684136e+02
1029            	3.08684453e+02
1030            	3.08684472e+02
1031            	3.08684682e+02
1032            	3.08684980e+02
1033            	3.08685131e+02
1034            	3.08685458e+02
1035            	3.08685714e+02
1036            	3.08686109e+02
1037            	3.08686402e+02
1038            	3.08686828e+02
1039            	3.08687123e+02
1040            	3.08687511e+02
1041            	3.08687732e+02
1042            	3.08688068e+02
1043            	3.08688264e+02
1044            	3.08688520e+02
1045            	3.08688580e+02
1046            	3.08688668e+02
1047            	3.08688571e+02
1048            	3.08688520e+02
1049            	3.08688298e+02
1050            	3.08688120e+02
1051            	3.08687789e+02
1052            	3.08687544e+02
1053            	3.08687177e+02
1054            	3.08686922e+02
1055            	3.08686562e+02
1056            	3.08686329e+02
1057            	3.08685992e+02
1058            	3.08685782e+02
1059            	3.08685506e+02
1060            	3.08685359e+02
1061            	3.08685245e+02
1062            	3.08684936e+02
1063            	3.08684740e+02
1064            	3.08684579e+02
1065            	3.08684460e+02
1066            	3.08684391e+02
1067            	3.08684324e+02
1068            	3.08684285e+02
1069            	3.08684300e+02
1070            	3.08684371e+02
1071            	3.08684254e+02
1072            	3.08684308e+02
1073            	3.08684427e+02
1074            	3.08684431e+02
1075            	3.08684573e+02
1076            	3.08684813e+02
1077            	3.08684876e+02
1078            	3.08685095e+02
1079            	3.08685244e+02
1080            	3.08685526e+02
1081            	3.08685738e+02
1082            	3.08686083e+02
1083            	3.08686341e+02
1084            	3.08686705e+02
1085            	3.08686945e+02
1086            	3.08687255e+02
1087            	3.08687444e+02
1088            	3.08687740e+02
1089            	3.08687862e+02
1090            	3.08688049e+02
1091            	3.08688055e+02
1092            	3.08688100e+02
1093            	3.08687964e+02
1094            	3.08687884e+02
1095            	3.08687625e+02
1096            	3.08687429e+02
1097            	3.08687068e+02
1098            	3.08686787e+02
1099            	3.08686363e+02
1100            	3.08686051e+02
1101            	3.08685626e+02
1102            	3.08685323e+02
1103            	3.08684920e+02
1104            	3.08684597e+02
1105            	3.08684334e+02
1106            	3.08683850e+02
1107            	3.08683493e+02
1108            	3.08683212e+02
1109            	3.08683013e+02
1110            	3.08682892e+02
1111            	3.08682819e+02
1112            	3.08682812e+02
1113            	3.08682882e+02
1114            	3.08683013e+02
1115            	3.08683223e+02
1116            	3.08683521e+02
1117            	3.08683609e+02
1118            	3.08683895e+02
1119            	3.08684249e+02
1120            	3.08684480e+02
1121            	3.08684827e+02
1122            	3.08685217e+02
1123            	3.08685404e+02
1124            	3.08685700e+02
1125            	3.08685885e+02
1126            	3.08686166e+02
1127            	3.08686320e+02
1128            	3.08686584e+02
1129            	3.08686731e+02
1130            	3.08686947e+02
1131            	3.08687074e+02
1132            	3.08687289e+02
1133            	3.08687313e+02
1134            	3.08687385e+02
1135            	3.08687296e+02
1136            	3.08687286e+02
1137            	3.08687141e+02
1138            	3.08687094e+02
1139            	3.08686900e+02
1140            	3.08686798e+02
1141            	3.08686549e+02
1142            	3.08686398e+02
1143            	3.08686139e+02
1144            	3.08685990e+02
1145            	3.08685876e+02
1146            	3.08685557e+02
1147            	3.08685317e+02
1148            	3.08685083e+02
1149            	3.08684867e+02
1150            	3.08684669e+02
1151            	3.08684484e+02
1152            	3.08684310e+02
1153            	3.08684145e+02
1154            	3.08683989e+02
1155            	3.08683832e+02
1156            	3.08683688e+02
1157            	3.08683581e+02
1158            	3.08683538e+02
1159            	3.08683349e+02
1160            	3.08683332e+02
1161            	3.08683388e+02
1162            	3.08683297e+02
1163            	3.08683391e+02
1164            	3.08683426e+02
1165            	3.08683592e+02
1166            	3.08683673e+02
1167            	3.08683891e+02
1168            	3.08684044e+02
1169            	3.08684351e+02
1170            	3.08684581e+02
1171            	3.08684938e+02
1172            	3.08685206e+02
1173            	3.08685576e+02
1174            	3.08685795e+02
1175            	3.08686088e+02
1176            	3.08686246e+02
1177            	3.08686475e+02
1178            	3.08686521e+02
1179            	3.08686604e+02
1180            	3.08686516e+02
1181            	3.08686509e+02
1182            	3.08686321e+02
1183            	3.08686169e+02
1184            	3.08685807e+02
1185            	3.08685505e+02
1186            	3.08685050e+02
1187            	3.08684697e+02
1188            	3.08684400e+02
1189            	3.08683905e+02
1190            	3.08683533e+02
1191            	3.08683210e+02
1192            	3.08682983e+02
1193            	3.08682562e+02
1194            	3.08682327e+02
1195            	3.08682207e+02
1196            	3.08681978e+02
1197            	3.08681899e+02
1198            	3.08681915e+02
1199            	3.08681786e+02
1200            	3.08681855e+02
1201            	3.08682022e+02
1202            	3.08682244e+02
1203            	3.08682260e+02
1204            	3.08682425e+02
1205            	3.08682613e+02
1206            	3.08682871e+02
1207            	3.08682922e+02
1208            	3.08683112e+02
1209            	3.08683368e+02
1210            	3.08683435e+02
1211            	3.08683643e+02
1212            	3.08683764e+02
1213            	3.08684013e+02
1214            	3.08684170e+02
1215            	3.08684445e+02
1216            	3.08684609e+02
1217            	3.08684858e+02
1218            	3.08684945e+02
1219            	3.08685169e+02
1220            	3.08685302e+02
1221            	3.08685522e+02
1222            	3.08685589e+02
1223            	3.08685725e+02
1224            	3.08685709e+02
1225            	3.08685755e+02
1226            	3.08685616e+02
1227            	3.08685532e+02
1228            	3.08685276e+02
1229            	3.08685091e+02
1230            	3.08684748e+02
1231            	3.08684536e+02
1232            	3.08684171e+02
1233            	3.08683864e+02
1234            	3.08683410e+02
1235            	3.08683059e+02
1236            	3.08682810e+02
1237            	3.08682384e+02
1238            	3.08682126e+02
1239            	3.08681950e+02
1240            	3.08681868e+02
1241            	3.08681908e+02
1242            	3.08681747e+02
1243            	3.08681796e+02
1244            	3.08681920e+02
1245            	3.08682137e+02
1246            	3.08682189e+02
1247            	3.08682410e+02
1248            	3.08682699e+02
1249            	3.08682852e+02
1250            	3.08683115e+02
1251            	3.08683408e+02
1252            	3.08683525e+02
1253            	3.08683730e+02
1254            	3.08683939e+02
1255            	3.08684184e+02
1256            	3.08684191e+02
1257            	3.08684332e+02
1258            	3.08684531e+02
1259            	3.08684578e+02
1260            	3.08684759e+02
1261            	3.08684815e+02
1262            	3.08684962e+02
1263            	3.08685010e+02
1264            	3.08685195e+02
1265            	3.08685264e+02
1266            	3.08685447e+02
1267            	3.08685488e+02
1268            	3.08685583e+02
1269            	3.08685534e+02
1270            	3.08685584e+02
1271            	3.08685465e+02
1272            	3.08685417e+02
1273            	3.08685204e+02
1274            	3.08685071e+02
1275            	3.08684787e+02
1276            	3.08684591e+02
1277            	3.08684265e+02
1278            	3.08684047e+02
1279            	3.08683729e+02
1280            	3.08683529e+02
1281            	3.08683204e+02
1282            	3.08682954e+02
1283            	3.08682766e+02
1284            	3.08682558e+02
1285            	3.08682346e+02
1286            	3.08682187e+02
1287            	3.08682096e+02
1288            	3.08682049e+02
1289            	3.08682058e+02
1290            	3.08682166e+02
1291            	3.08682114e+02
1292            	3.08682277e+02
1293            	3.08682557e+02
1294            	3.08682714e+02
1295            	3.08683037e+02
1296            	3.08683480e+02
1297            	3.08683692e+02
1298            	3.08684064e+02
1299            	3.08684348e+02
1300            	3.08684770e+02
1301            	3.08685099e+02
1302            	3.08685539e+02
1303            	3.08685827e+02
1304            	3.08686189e+02
1305            	3.08686428e+02
1306            	3.08686747e+02
1307            	3.08686875e+02
1308            	3.08687052e+02
1309            	3.08687033e+02
1310            	3.08687060e+02
1311            	3.08686913e+02
1312            	3.08686842e+02
1313            	3.08686618e+02
1314            	3.08686469e+02
1315            	3.08686177e+02
1316            	3.08685984e+02
1317            	3.08685668e+02
1318            	3.08685464e+02
1319            	3.08685159e+02
1320            	3.08684978e+02
1321            	3.08684724e+02
1322            	3.08684583e+02
1323            	3.08684506e+02
1324            	3.08684218e+02
1325            	3.08684042e+02
1326            	3.08683887e+02
1327            	3.08683748e+02
1328            	3.08683626e+02
1329            	3.08683537e+02
1330            	3.08683467e+02
1331            	3.08683432e+02
1332            	3.08683409e+02
1333            	3.08683407e+02
1334            	3.08683461e+02
1335            	3.08683356e+02
1336            	3.08683408e+02
1337            	3.08683542e+02
1338            	3.08683538e+02
1339            	3.08683695e+02
1340            	3.08683789e+02
1341            	3.08684014e+02
1342            	3.08684159e+02
1343            	3.08684423e+02
1344            	3.08684604e+02
1345            	3.08684914e+02
1346            	3.08685142e+02
1347            	3.08685491e+02
1348            	3.08685739e+02
1349            	3.08686080e+02
1350            	3.08686306e+02
1351            	3.08686613e+02
1352            	3.08686775e+02
1353            	3.08686992e+02
1354            	3.08687018e+02
1355            	3.08687094e+02
1356            	3.08686986e+02
1357            	3.08686939e+02
1358            	3.08686722e+02
1359            	3.08686595e+02
1360            	3.08686334e+02
1361            	3.08686175e+02
1362            	3.08685861e+02
1363            	3.08685619e+02
1364            	3.08685233e+02
1365            	3.08684932e+02
1366            	3.08684680e+02
1367            	3.08684252e+02
1368            	3.08683966e+02
1369            	3.08683737e+02
1370            	3.08683553e+02
1371            	3.08683404e+02
1372            	3.08683261e+02
1373            	3.08683205e+02
1374            	3.08683133e+02
1375            	3.08683086e+02
1376            	3.08683105e+02
1377            	3.08683133e+02
1378            	3.08683178e+02
1379            	3.08683272e+02
1380            	3.08683414e+02
1381            	3.08683586e+02
1382            	3.08683768e+02
1383            	3.08683956e+02
1384            	3.08684159e+02
1385            	3.08684165e+02
1386            	3.08684322e+02
1387            	3.08684551e+02
1388            	3.08684630e+02
1389            	3.08684863e+02
1390            	3.08685003e+02
1391            	3.08685253e+02
1392            	3.08685399e+02
1393            	3.08685680e+02
1394            	3.08685822e+02
1395            	3.08686054e+02
1396            	3.08686130e+02
1397            	3.08686305e+02
1398            	3.08686303e+02
1399            	3.08686356e+02
1400            	3.08686202e+02
1401            	3.08686093e+02
1402            	3.08685800e+02
1403            	3.08685578e+02
1404            	3.08685197e+02
1405            	3.08684904e+02
1406            	3.08684485e+02
1407            	3.08684184e+02
1408            	3.08683784e+02
1409            	3.08683509e+02
1410            	3.08683102e+02
1411            	3.08682771e+02
1412            	3.08682522e+02
1413            	3.08682096e+02
1414            	3.08681825e+02
1415            	3.08681633e+02
1416            	3.08681515e+02
1417            	3.08681450e+02
1418            	3.08681428e+02
1419            	3.08681456e+02
1420            	3.08681542e+02
1421            	3.08681682e+02
1422            	3.08681871e+02
1423            	3.08682103e+02
1424            	3.08682374e+02
1425            	3.08682682e+02
1426            	3.08683048e+02
1427            	3.08683140e+02
1428            	3.08683381e+02
1429            	3.08683674e+02
1430            	3.08683788e+02
1431            	3.08684027e+02
1432            	3.08684165e+02
1433            	3.08684407e+02
1434            	3.08684530e+02
1435            	3.08684742e+02
1436            	3.08684801e+02
1437            	3.08684998e+02
1438            	3.08685100e+02
1439            	3.08685310e+02
1440            	3.08685356e+02
1441            	3.08685462e+02
1442            	3.08685409e+02
1443            	3.08685447e+02
1444            	3.08685332e+02
1445            	3.08685263e+02
1446            	3.08685020e+02
1447            	3.08684885e+02
1448            	3.08684597e+02
1449            	3.08684397e+02
1450            	3.08684107e+02
1451            	3.08683925e+02
1452            	3.08683773e+02
1453            	3.08683445e+02
1454            	3.08683204e+02
1455            	3.08683006e+02
1456            	3.08682682e+02
1457            	3.08682496e+02
1458            	3.08682233e+02
1459            	3.08682108e+02
1460            	3.08681921e+02
1461            	3.08681895e+02
1462            	3.08681797e+02
1463            	3.08681842e+02
1464            	3.08681789e+02
1465            	3.08681888e+02
1466            	3.08681917e+02
1467            	3.08682086e+02
1468            	3.08682336e+02
1469            	3.08682422e+02
1470            	3.08682623e+02
1471            	3.08682872e+02
1472            	3.08683202e+02
1473            	3.08683338e+02
1474            	3.08683613e+02
1475            	3.08683916e+02
1476            	3.08684082e+02
1477            	3.08684352e+02
1478            	3.08684521e+02
1479            	3.08684727e+02
1480            	3.08684760e+02
1481            	3.08684963e+02
1482            	3.08685069e+02
1483            	3.08685278e+02
1484            	3.08685354e+02
1485            	3.08685528e+02
1486            	3.08685530e+02
1487            	3.08685568e+02
1488            	3.08685417e+02
1489            	3.08685324e+02
1490            	3.08685049e+02
1491            	3.08684863e+02
1492            	3.08684561e+02
1493            	3.08684346e+02
1494            	3.08684008e+02
1495            	3.08683760e+02
1496            	3.08683542e+02
1497            	3.08683347e+02
1498            	3.08683161e+02
1499            	3.08682973e+02
1500            	3.08682808e+02
1501            	3.08682637e+02
1502            	3.08682463e+02
1503            	3.08682290e+02
1504            	3.08682153e+02
1505            	3.08681801e+02
1506            	3.08681635e+02
1507            	3.08681535e+02
1508            	3.08681506e+02
1509            	3.08681317e+02
1510            	3.08681313e+02
1511            	3.08681399e+02
1512            	3.08681386e+02
1513            	3.08681521e+02
1514            	3.08681722e+02
1515            	3.08681815e+02
1516            	3.08682057e+02
1517            	3.08682385e+02
1518            	3.08682585e+02
1519            	3.08682930e+02
1520            	3.08683375e+02
1521            	3.08683618e+02
1522            	3.08683997e+02
1523            	3.08684264e+02
1524            	3.08684613e+02
1525            	3.08684836e+02
1526            	3.08685164e+02
1527            	3.08685341e+02
1528            	3.08685614e+02
1529            	3.08685727e+02
1530            	3.08685887e+02
1531            	3.08685846e+02
1532            	3.08685850e+02
1533            	3.08685691e+02
1534            	3.08685613e+02
1535            	3.08685375e+02
1536            	3.08685225e+02
1537            	3.08684932e+02
1538            	3.08684741e+02
1539            	3.08684424e+02
1540            	3.08684222e+02
1541            	3.08683908e+02
1542            	3.08683706e+02
1543            	3.08683413e+02
1544            	3.08683221e+02
1545            	3.08683080e+02
1546            	3.08682763e+02
1547            	3.08682558e+02
1548            	3.08682382e+02
1549            	3.08682240e+02
1550            	3.08682131e+02
1551            	3.08682033e+02
1552            	3.08681966e+02
1553            	3.08681947e+02
1554            	3.08681980e+02
1555            	3.08682079e+02
1556            	3.08682244e+02
1557            	3.08682503e+02
1558            	3.08682549e+02
1559            	3.08682779e+02
1560            	3.08683109e+02
1561            	3.08683257e+02
1562            	3.08683557e+02
1563            	3.08683766e+02
1564            	3.08684106e+02
1565            	3.08684355e+02
1566            	3.08684730e+02
1567            	3.08684976e+02
1568            	3.08685365e+02
1569            	3.08685629e+02
1570            	3.08685976e+02
1571            	3.08686157e+02
1572            	3.08686387e+02
1573            	3.08686420e+02
1574            	3.08686488e+02
1575            	3.08686393e+02
1576            	3.08686310e+02
1577            	3.08686035e+02
1578            	3.08685822e+02
1579            	3.08685458e+02
1580            	3.08685200e+02
1581            	3.08684827e+02
1582            	3.08684592e+02
1583            	3.08684269e+02
1584            	3.08684091e+02
1585            	3.08683839e+02
1586            	3.08683715e+02
1587            	3.08683640e+02
1588            	3.08683382e+02
1589            	3.08683223e+02
1590            	3.08683092e+02
1591            	3.08682995e+02
1592            	3.08682910e+02
1593            	3.08682864e+02
1594            	3.08682861e+02
1595            	3.08682881e+02
1596            	3.08682915e+02
1597            	3.08682934e+02
1598            	3.08682955e+02
1599            	3.08682992e+02
1600            	3.08683040e+02
1601            	3.08683147e+02
1602            	3.08683029e+02
1603            	3.08683126e+02
1604            	3.08683377e+02
1605            	3.08683440e+02
1606            	3.08683675e+02
1607            	3.08683830e+02
1608            	3.08684128e+02
1609            	3.08684332e+02
1610            	3.08684701e+02
1611            	3.08684969e+02
1612            	3.08685390e+02
1613            	3.08685667e+02
1614            	3.08685986e+02
1615            	3.08686091e+02
1616            	3.08686236e+02
1617            	3.08686196e+02
1618            	3.08686223e+02
1619            	3.08686036e+02
1620            	3.08685868e+02
1621            	3.08685499e+02
1622            	3.08685199e+02
1623            	3.08684759e+02
1624            	3.08684421e+02
1625            	3.08684165e+02
1626            	3.08683698e+02
1627            	3.08683389e+02
1628            	3.08683190e+02
1629            	3.08682811e+02
1630            	3.08682610e+02
1631            	3.08682552e+02
1632            	3.08682291e+02
1633            	3.08682203e+02
1634            	3.08682195e+02
1635            	3.08682297e+02
1636            	3.08682106e+02
1637            	3.08682086e+02
1638            	3.08682105e+02
1639            	3.08682190e+02
1640            	3.08682105e+02
1641            	3.08682155e+02
1642            	3.08682197e+02
1643            	3.08682083e+02
1644            	3.08682113e+02
1645            	3.08682214e+02
1646            	3.08682404e+02
1647            	3.08682634e+02
1648            	3.08682842e+02
1649            	3.08683065e+02
1650            	3.08683055e+02
1651            	3.08683248e+02
1652            	3.08683578e+02
1653            	3.08683734e+02
1654            	3.08684052e+02
1655            	3.08684290e+02
1656            	3.08684667e+02
1657            	3.08684936e+02
1658            	3.08685276e+02
1659            	3.08685404e+02
1660            	3.08685548e+02
1661            	3.08685479e+02
1662            	3.08685479e+02
1663            	3.08685306e+02
1664            	3.08685196e+02
1665            	3.08684896e+02
1666            	3.08684655e+02
1667            	3.08684269e+02
1668            	3.08683973e+02
1669            	3.08683573e+02
1670            	3.08683284e+02
1671            	3.08682918e+02
1672            	3.08682682e+02
1673            	3.08682558e+02
1674            	3.08682254e+02
1675            	3.08682124e+02
1676            	3.08682099e+02
1677            	3.08681948e+02
1678            	3.08681947e+02
1679            	3.08681996e+02
1680            	3.08682089e+02
1681            	3.08682173e+02
1682            	3.08682230e+02
1683            	3.08682284e+02
1684            	3.08682337e+02
1685            	3.08682383e+02
1686            	3.08682425e+02
1687            	3.08682467e+02
1688            	3.08682512e+02
1689            	3.08682562e+02
1690            	3.08682646e+02
1691            	3.08682502e+02
1692            	3.08682527e+02
1693            	3.08682626e+02
1694            	3.08682585e+02
1695            	3.08682696e+02
1696            	3.08682901e+02
1697            	3.08682959e+02
1698            	3.08683187e+02
1699            	3.08683358e+02
1700            	3.08683637e+02
1701            	3.08683833e+02
1702            	3.08684148e+02
1703            	3.08684344e+02
1704            	3.08684609e+02
1705            	3.08684691e+02
1706            	3.08684810e+02
1707            	3.08684737e+02
1708            	3.08684745e+02
1709            	3.08684603e+02
1710            	3.08684499e+02
1711            	3.08684178e+02
1712            	3.08683903e+02
1713            	3.08683469e+02
1714            	3.08683117e+02
1715            	3.08682784e+02
1716            	3.08682486e+02
1717            	3.08682268e+02
1718            	3.08682121e+02
1719            	3.08681957e+02
1720            	3.08681800e+02
1721            	3.08681695e+02
1722            	3.08681295e+02
1723            	3.08681120e+02
1724            	3.08681032e+02
1725            	3.08681031e+02
1726            	3.08681114e+02
1727            	3.08680866e+02
1728            	3.08680790e+02
1729            	3.08680769e+02
1730            	3.08680817e+02
1731            	3.08680667e+02
1732            	3.08680664e+02
1733            	3.08680724e+02
1734            	3.08680653e+02
1735            	3.08680723e+02
1736            	3.08680872e+02
1737            	3.08680842e+02
1738            	3.08680979e+02
1739            	3.08681248e+02
1740            	3.08681320e+02
1741            	3.08681569e+02
1742            	3.08681945e+02
1743            	3.08682100e+02
1744            	3.08682409e+02
1745            	3.08682613e+02
1746            	3.08682892e+02
1747            	3.08683062e+02
1748            	3.08683357e+02
1749            	3.08683477e+02
1750            	3.08683674e+02
1751            	3.08683693e+02
1752            	3.08683786e+02
1753            	3.08683652e+02
1754            	3.08683557e+02
1755            	3.08683247e+02
1756            	3.08682978e+02
1757            	3.08682561e+02
1758            	3.08682238e+02
1759            	3.08681975e+02
1760            	3.08681540e+02
1761            	3.08681246e+02
1762            	3.08681011e+02
1763            	3.08680830e+02
1764            	3.08680677e+02
1765            	3.08680559e+02
1766            	3.08680478e+02
1767            	3.08680441e+02
1768            	3.08680432e+02
1769            	3.08680445e+02
1770            	3.08680486e+02
1771            	3.08680545e+02
1772            	3.08680619e+02
1773            	3.08680709e+02
1774            	3.08680817e+02
1775            	3.08680931e+02
1776            	3.08681033e+02
1777            	3.08681121e+02
1778            	3.08681206e+02
1779            	3.08681317e+02
1780            	3.08681182e+02
1781            	3.08681214e+02
1782            	3.08681312e+02
1783            	3.08681292e+02
1784            	3.08681442e+02
1785            	3.08681730e+02
1786            	3.08681824e+02
1787            	3.08682093e+02
1788            	3.08682282e+02
1789            	3.08682603e+02
1790            	3.08682807e+02
1791            	3.08683149e+02
1792            	3.08683368e+02
1793            	3.08683665e+02
1794            	3.08683779e+02
1795            	3.08683926e+02
1796            	3.08683910e+02
1797            	3.08683933e+02
1798            	3.08683745e+02
1799            	3.08683600e+02
1800            	3.08683275e+02
1801            	3.08683027e+02
1802            	3.08682674e+02
1803            	3.08682427e+02
1804            	3.08682052e+02
1805            	3.08681771e+02
1806            	3.08681366e+02
1807            	3.08681063e+02
1808            	3.08680808e+02
1809            	3.08680609e+02
1810            	3.08680439e+02
1811            	3.08680293e+02
1812            	3.08680188e+02
1813            	3.08680135e+02
1814            	3.08680142e+02
1815            	3.08680214e+02
1816            	3.08680324e+02
1817            	3.08680469e+02
1818            	3.08680653e+02
1819            	3.08680900e+02
1820            	3.08680934e+02
1821            	3.08681130e+02
1822            	3.08681414e+02
1823            	3.08681511e+02
1824            	3.08681748e+02
1825            	3.08681883e+02
1826            	3.08682119e+02
1827            	3.08682244e+02
1828            	3.08682474e+02
1829            	3.08682614e+02
1830            	3.08682887e+02
1831            	3.08683063e+02
1832            	3.08683326e+02
1833            	3.08683508e+02
1834            	3.08683844e+02
1835            	3.08684044e+02
1836            	3.08684375e+02
1837            	3.08684555e+02
1838            	3.08684769e+02
1839            	3.08684786e+02
1840            	3.08684863e+02
1841            	3.08684764e+02
1842            	3.08684723e+02
1843            	3.08684505e+02
1844            	3.08684356e+02
1845            	3.08684051e+02
1846            	3.08683839e+02
1847            	3.08683493e+02
1848            	3.08683242e+02
1849            	3.08682902e+02
1850            	3.08682668e+02
1851            	3.08682458e+02
1852            	3.08682011e+02
1853            	3.08681690e+02
1854            	3.08681428e+02
1855            	3.08681227e+02
1856            	3.08681086e+02
1857            	3.08681004e+02
1858            	3.08680957e+02
1859            	3.08680963e+02
1860            	3.08681046e+02
1861            	3.08681216e+02
1862            	3.08681229e+02
1863            	3.08681425e+02
1864            	3.08681713e+02
1865            	3.08681883e+02
1866            	3.08682211e+02
1867            	3.08682689e+02
1868            	3.08682909e+02
1869            	3.08683283e+02
1870            	3.08683563e+02
1871            	3.08683935e+02
1872            	3.08684201e+02
1873            	3.08684575e+02
1874            	3.08684842e+02
1875            	3.08685205e+02
1876            	3.08685423e+02
1877            	3.08685716e+02
1878            	3.08685893e+02
1879            	3.08686127e+02
1880            	3.08686231e+02
1881            	3.08686417e+02
1882            	3.08686411e+02
1883            	3.08686450e+02
1884            	3.08686323e+02
1885            	3.08686276e+02
1886            	3.08686074e+02
1887            	3.08685955e+02
1888            	3.08685686e+02
1889            	3.08685511e+02
1890            	3.08685202e+02
1891            	3.08685006e+02
1892            	3.08684699e+02
1893            	3.08684525e+02
1894            	3.08684258e+02
1895            	3.08684073e+02
1896            	3.08683909e+02
1897            	3.08683799e+02
1898            	3.08683428e+02
1899            	3.08683218e+02
1900            	3.08683083e+02
1901            	3.08683012e+02
1902            	3.08683000e+02
1903            	3.08683010e+02
1904            	3.08683048e+02
1905            	3.08683131e+02
1906            	3.08683262e+02
1907            	3.08683457e+02
1908            	3.08683464e+02
1909            	3.08683633e+02
1910            	3.08683895e+02
1911            	3.08683994e+02
1912            	3.08684261e+02
1913            	3.08684448e+02
1914            	3.08684754e+02
1915            	3.08684949e+02
1916            	3.08685262e+02
1917            	3.08685473e+02
1918            	3.08685809e+02
1919            	3.08686029e+02
1920            	3.08686350e+02
1921            	3.08686585e+02
1922            	3.08686941e+02
1923            	3.08687122e+02
1924            	3.08687351e+02
1925            	3.08687398e+02
1926            	3.08687489e+02
1927            	3.08687388e+02
1928            	3.08687316e+02
1929            	3.08687064e+02
1930            	3.08686881e+02
1931            	3.08686540e+02
1932            	3.08686285e+02
1933            	3.08685885e+02
1934            	3.08685587e+02
1935            	3.08685168e+02
1936            	3.08684865e+02
1937            	3.08684480e+02
1938            	3.08684220e+02
1939            	3.08684008e+02
1940            	3.08683627e+02
1941            	3.08683299e+02
1942            	3.08682980e+02
1943            	3.08682744e+02
1944            	3.08682608e+02
1945            	3.08682547e+02
1946            	3.08682534e+02
1947            	3.08682590e+02
1948            	3.08682742e+02
1949            	3.08682661e+02
1950            	3.08682807e+02
1951            	3.08683092e+02
1952            	3.08683242e+02
1953            	3.08683562e+02
1954            	3.08683808e+02
1955            	3.08684190e+02
1956            	3.08684468e+02
1957            	3.08684861e+02
1958            	3.08685120e+02
1959            	3.08685470e+02
1960            	3.08685668e+02
1961            	3.08685964e+02
1962            	3.08686119e+02
1963            	3.08686382e+02
1964            	3.08686519e+02
1965            	3.08686748e+02
1966            	3.08686870e+02
1967            	3.08687045e+02
1968            	3.08687091e+02
1969            	3.08687208e+02
1970            	3.08687190e+02
1971            	3.08687222e+02
1972            	3.08687105e+02
1973            	3.08687067e+02
1974            	3.08686882e+02
1975            	3.08686790e+02
1976            	3.08686566e+02
1977            	3.08686439e+02
1978            	3.08686179e+02
1979            	3.08686026e+02
1980            	3.08685763e+02
1981            	3.08685619e+02
1982            	3.08685564e+02
1983            	3.08685284e+02
1984            	3.08685136e+02
1985            	3.08685001e+02
1986            	3.08684811e+02
1987            	3.08684584e+02
1988            	3.08684406e+02
1989            	3.08684309e+02
1990            	3.08684266e+02
1991            	3.08684265e+02
1992            	3.08684321e+02
1993            	3.08684495e+02
1994            	3.08684806e+02
1995            	3.08684903e+02
1996            	3.08685180e+02
1997            	3.08685561e+02
1998            	3.08685736e+02
1999            	3.08686071e+02
2000            	3.08686307e+02
