# Region        : cellZone component_0
# Cells         : 470
# Volume        : 9.96358661e-01
# Time          	volAverage(T)
1               	3.00095714e+02
2               	3.00190610e+02
3               	3.00280214e+02
4               	3.00366154e+02
5               	3.00450017e+02
6               	3.00532339e+02
7               	3.00613436e+02
8               	3.00693668e+02
9               	3.00773027e+02
10              	3.00851537e+02
11              	3.00929340e+02
12              	3.01006173e+02
13              	3.01082226e+02
14              	3.01157588e+02
15              	3.01232407e+02
16              	3.01306845e+02
17              	3.01381203e+02
18              	3.01454168e+02
19              	3.01525267e+02
20              	3.01595110e+02
21              	3.01663586e+02
22              	3.01731548e+02
23              	3.01798631e+02
24              	3.01865396e+02
25              	3.01931477e+02
26              	3.01996246e+02
27              	3.02059878e+02
28              	3.02122903e+02
29              	3.02185573e+02
30              	3.02248249e+02
31              	3.02310305e+02
32              	3.02368761e+02
33              	3.02428210e+02
34              	3.02487742e+02
35              	3.02546047e+02
36              	3.02602835e+02
37              	3.02658556e+02
38              	3.02712520e+02
39              	3.02765529e+02
40              	3.02817412e+02
41              	3.02869490e+02
42              	3.02921496e+02
43              	3.02973123e+02
44              	3.03025116e+02
45              	3.03073667e+02
46              	3.03116023e+02
47              	3.03151409e+02
48              	3.03188674e+02
49              	3.03227879e+02
50              	3.03268376e+02
51              	3.03307828e+02
52              	3.03345721e+02
53              	3.03384871e+02
54              	3.03421731e+02
55              	3.03459338e+02
56              	3.03497652e+02
57              	3.03535951e+02
58              	3.03574023e+02
59              	3.03613676e+02
60              	3.03651613e+02
61              	3.03689495e+02
62              	3.03726307e+02
63              	3.03763349e+02
64              	3.03800712e+02
65              	3.03838318e+02
66              	3.03876603e+02
67              	3.03913512e+02
68              	3.03949425e+02
69              	3.03985425e+02
70              	3.04019878e+02
71              	3.04053166e+02
72              	3.04085432e+02
73              	3.04115418e+02
74              	3.04144615e+02
75              	3.04173716e+02
76              	3.04202677e+02
77              	3.04231461e+02
78              	3.04259837e+02
79              	3.04287340e+02
80              	3.04314415e+02
81              	3.04340954e+02
82              	3.04367258e+02
83              	3.04393066e+02
84              	3.04419373e+02
85              	3.04445330e+02
86              	3.04471628e+02
87              	3.04498531e+02
88              	3.04525157e+02
89              	3.04551037e+02
90              	3.04576083e+02
91              	3.04600098e+02
92              	3.04623549e+02
93              	3.04646064e+02
94              	3.04668318e+02
95              	3.04690713e+02
96              	3.04713173e+02
97              	3.04735872e+02
98              	3.04758017e+02
99              	3.04780172e+02
100             	3.04802840e+02
101             	3.04824512e+02
102             	3.04846137e+02
103             	3.04867377e+02
104             	3.04888187e+02
105             	3.04909156e+02
106             	3.04930367e+02
107             	3.04951903e+02
108             	3.04973608e+02
109             	3.04995058e+02
110             	3.05016987e+02
111             	3.05038749e+02
112             	3.05060394e+02
113             	3.05082094e+02
114             	3.05102603e+02
115             	3.05121481e+02
116             	3.05139448e+02
117             	3.05156626e+02
118             	3.05173301e+02
119             	3.05189901e+02
120             	3.05206384e+02
121             	3.05223495e+02
122             	3.05241357e+02
123             	3.05259834e+02
124             	3.05278634e+02
125             	3.05297070e+02
126             	3.05315039e+02
127             	3.05332965e+02
128             	3.05350399e+02
129             	3.05367683e+02
130             	3.05383841e+02
131             	3.05399286e+02
132             	3.05414206e+02
133             	3.05428408e+02
134             	3.05442314e+02
135             	3.05456064e+02
136             	3.05469259e+02
137             	3.05482999e+02
138             	3.05497097e+02
139             	3.05510945e+02
140             	3.05524582e+02
141             	3.05537972e+02
142             	3.05551671e+02
143             	3.05565340e+02
144             	3.05578201e+02
145             	3.05590470e+02
146             	3.05601401e+02
147             	3.05612082e+02
148             	3.05622622e+02
149             	3.05632866e+02
150             	3.05642975e+02
151             	3.05653094e+02
152             	3.05663385e+02
153             	3.05674464e+02
154             	3.05686070e+02
155             	3.05698152e+02
156             	3.05710961e+02
157             	3.05723388e+02
158             	3.05736273e+02
159             	3.05747975e+02
160             	3.05759532e+02
161             	3.05770972e+02
162             	3.05781551e+02
163             	3.05791408e+02
164             	3.05800771e+02
165             	3.05810083e+02
166             	3.05819272e+02
167             	3.05828935e+02
168             	3.05838933e+02
169             	3.05849619e+02
170             	3.05860329e+02
171             	3.05871442e+02
172             	3.05882197e+02
173             	3.05892809e+02
174             	3.05903047e+02
175             	3.05913223e+02
176             	3.05923281e+02
177             	3.05933250e+02
178             	3.05943171e+02
179             	3.05952924e+02
180             	3.05962631e+02
181             	3.05972504e+02
182             	3.05982118e+02
183             	3.05990959e+02
184             	3.05999376e+02
185             	3.06007220e+02
186             	3.06014696e+02
187             	3.06021633e+02
188             	3.06028330e+02
189             	3.06034702e+02
190             	3.06041189e+02
191             	3.06048016e+02
192             	3.06055066e+02
193             	3.06062425e+02
194             	3.06069837e+02
195             	3.06077294e+02
196             	3.06083931e+02
197             	3.06091112e+02
198             	3.06097862e+02
199             	3.06103841e+02
200             	3.06109410e+02
201             	3.06114666e+02
202             	3.06119780e+02
203             	3.06125209e+02
204             	3.06131104e+02
205             	3.06137883e+02
206             	3.06145117e+02
207             	3.06152649e+02
208             	3.06160379e+02
209             	3.06168049e+02
210             	3.06175159e+02
211             	3.06182669e+02
212             	3.06189681e+02
213             	3.06196601e+02
214             	3.06203173e+02
215             	3.06209497e+02
216             	3.06215636e+02
217             	3.06221457e+02
218             	3.06227036e+02
219             	3.06232456e+02
220             	3.06237861e+02
221             	3.06243258e+02
222             	3.06248698e+02
223             	3.06254183e+02
224             	3.06259685e+02
225             	3.06265142e+02
226             	3.06270645e+02
227             	3.06276242e+02
228             	3.06282156e+02
229             	3.06288090e+02
230             	3.06294150e+02
231             	3.06300207e+02
232             	3.06305771e+02
233             	3.06311219e+02
234             	3.06316154e+02
235             	3.06320802e+02
236             	3.06325174e+02
237             	3.06329331e+02
238             	3.06333163e+02
239             	3.06336974e+02
240             	3.06340609e+02
241             	3.06344289e+02
242             	3.06348243e+02
243             	3.06352701e+02
244             	3.06357619e+02
245             	3.06362814e+02
246             	3.06368450e+02
247             	3.06374098e+02
248             	3.06379662e+02
249             	3.06385037e+02
250             	3.06390259e+02
251             	3.06395205e+02
252             	3.06399922e+02
253             	3.06404435e+02
254             	3.06408691e+02
255             	3.06412782e+02
256             	3.06416664e+02
257             	3.06420616e+02
258             	3.06424269e+02
259             	3.06427870e+02
260             	3.06431463e+02
261             	3.06435076e+02
262             	3.06438723e+02
263             	3.06442427e+02
264             	3.06445758e+02
265             	3.06449334e+02
266             	3.06452717e+02
267             	3.06456062e+02
268             	3.06459703e+02
269             	3.06463483e+02
270             	3.06467324e+02
271             	3.06470969e+02
272             	3.06474307e+02
273             	3.06477309e+02
274             	3.06480192e+02
275             	3.06482777e+02
276             	3.06485189e+02
277             	3.06487504e+02
278             	3.06489767e+02
279             	3.06492005e+02
280             	3.06494348e+02
281             	3.06496725e+02
282             	3.06499120e+02
283             	3.06501613e+02
284             	3.06504105e+02
285             	3.06506798e+02
286             	3.06509560e+02
287             	3.06512549e+02
288             	3.06515854e+02
289             	3.06519261e+02
290             	3.06522817e+02
291             	3.06526180e+02
292             	3.06529469e+02
293             	3.06532663e+02
294             	3.06535868e+02
295             	3.06538899e+02
296             	3.06541818e+02
297             	3.06544678e+02
298             	3.06547504e+02
299             	3.06550356e+02
300             	3.06553154e+02
301             	3.06555853e+02
302             	3.06558355e+02
303             	3.06560618e+02
304             	3.06562726e+02
305             	3.06564708e+02
306             	3.06566654e+02
307             	3.06568580e+02
308             	3.06570534e+02
309             	3.06572554e+02
310             	3.06574629e+02
311             	3.06576732e+02
312             	3.06578811e+02
313             	3.06580889e+02
314             	3.06582662e+02
315             	3.06584682e+02
316             	3.06586765e+02
317             	3.06588934e+02
318             	3.06591096e+02
319             	3.06593303e+02
320             	3.06595624e+02
321             	3.06597789e+02
322             	3.06599688e+02
323             	3.06601348e+02
324             	3.06602811e+02
325             	3.06604150e+02
326             	3.06605396e+02
327             	3.06606527e+02
328             	3.06607594e+02
329             	3.06608719e+02
330             	3.06610011e+02
331             	3.06611432e+02
332             	3.06613055e+02
333             	3.06614832e+02
334             	3.06616762e+02
335             	3.06618745e+02
336             	3.06620859e+02
337             	3.06622896e+02
338             	3.06624828e+02
339             	3.06626769e+02
340             	3.06628763e+02
341             	3.06630789e+02
342             	3.06632858e+02
343             	3.06634908e+02
344             	3.06637048e+02
345             	3.06639233e+02
346             	3.06641392e+02
347             	3.06643457e+02
348             	3.06645465e+02
349             	3.06647439e+02
350             	3.06649314e+02
351             	3.06651030e+02
352             	3.06652627e+02
353             	3.06654106e+02
354             	3.06655481e+02
355             	3.06656795e+02
356             	3.06658125e+02
357             	3.06659328e+02
358             	3.06660586e+02
359             	3.06661971e+02
360             	3.06663420e+02
361             	3.06665003e+02
362             	3.06666524e+02
363             	3.06668200e+02
364             	3.06669980e+02
365             	3.06671689e+02
366             	3.06673372e+02
367             	3.06674984e+02
368             	3.06676474e+02
369             	3.06677979e+02
370             	3.06679327e+02
371             	3.06680505e+02
372             	3.06681595e+02
373             	3.06682635e+02
374             	3.06683627e+02
375             	3.06684586e+02
376             	3.06685474e+02
377             	3.06686379e+02
378             	3.06687296e+02
379             	3.06688207e+02
380             	3.06689093e+02
381             	3.06690033e+02
382             	3.06691103e+02
383             	3.06692167e+02
384             	3.06693330e+02
385             	3.06694618e+02
386             	3.06696033e+02
387             	3.06697507e+02
388             	3.06698890e+02
389             	3.06700340e+02
390             	3.06701899e+02
391             	3.06703394e+02
392             	3.06704790e+02
393             	3.06706044e+02
394             	3.06707231e+02
395             	3.06708359e+02
396             	3.06709361e+02
397             	3.06710264e+02
398             	3.06711051e+02
399             	3.06711864e+02
400             	3.06712738e+02
401             	3.06713677e+02
402             	3.06714750e+02
403             	3.06715947e+02
404             	3.06717240e+02
405             	3.06718622e+02
406             	3.06719857e+02
407             	3.06721099e+02
408             	3.06722361e+02
409             	3.06723664e+02
410             	3.06724925e+02
411             	3.06726171e+02
412             	3.06727387e+02
413             	3.06728633e+02
414             	3.06729834e+02
415             	3.06730980e+02
416             	3.06732098e+02
417             	3.06733103e+02
418             	3.06734050e+02
419             	3.06734901e+02
420             	3.06735737e+02
421             	3.06736587e+02
422             	3.06737477e+02
423             	3.06738351e+02
424             	3.06739210e+02
425             	3.06740038e+02
426             	3.06740828e+02
427             	3.06741522e+02
428             	3.06742285e+02
429             	3.06743082e+02
430             	3.06743910e+02
431             	3.06744850e+02
432             	3.06745869e+02
433             	3.06746918e+02
434             	3.06747963e+02
435             	3.06748896e+02
436             	3.06749774e+02
437             	3.06750677e+02
438             	3.06751605e+02
439             	3.06752439e+02
440             	3.06753246e+02
441             	3.06753990e+02
442             	3.06754589e+02
443             	3.06755071e+02
444             	3.06755468e+02
445             	3.06755763e+02
446             	3.06755988e+02
447             	3.06756235e+02
448             	3.06756563e+02
449             	3.06757032e+02
450             	3.06757583e+02
451             	3.06758205e+02
452             	3.06758927e+02
453             	3.06759695e+02
454             	3.06760408e+02
455             	3.06761227e+02
456             	3.06762118e+02
457             	3.06762993e+02
458             	3.06763849e+02
459             	3.06764690e+02
460             	3.06765493e+02
461             	3.06766264e+02
462             	3.06766990e+02
463             	3.06767681e+02
464             	3.06768383e+02
465             	3.06769118e+02
466             	3.06769844e+02
467             	3.06770542e+02
468             	3.06771190e+02
469             	3.06771685e+02
470             	3.06772209e+02
471             	3.06772757e+02
472             	3.06773291e+02
473             	3.06773793e+02
474             	3.06774301e+02
475             	3.06774830e+02
476             	3.06775378e+02
477             	3.06775969e+02
478             	3.06776642e+02
479             	3.06777249e+02
480             	3.06777880e+02
481             	3.06778499e+02
482             	3.06779132e+02
483             	3.06779743e+02
484             	3.06780428e+02
485             	3.06781184e+02
486             	3.06781960e+02
487             	3.06782724e+02
488             	3.06783446e+02
489             	3.06784158e+02
490             	3.06784964e+02
491             	3.06785656e+02
492             	3.06786240e+02
493             	3.06786796e+02
494             	3.06787403e+02
495             	3.06788022e+02
496             	3.06788640e+02
497             	3.06789234e+02
498             	3.06789786e+02
499             	3.06790309e+02
500             	3.06790806e+02
501             	3.06791285e+02
502             	3.06791743e+02
503             	3.06792182e+02
504             	3.06792593e+02
505             	3.06792990e+02
506             	3.06793348e+02
507             	3.06793759e+02
508             	3.06794207e+02
509             	3.06794636e+02
510             	3.06795069e+02
511             	3.06795541e+02
512             	3.06796051e+02
513             	3.06796535e+02
514             	3.06797000e+02
515             	3.06797464e+02
516             	3.06797913e+02
517             	3.06798434e+02
518             	3.06798994e+02
519             	3.06799542e+02
520             	3.06800105e+02
521             	3.06800691e+02
522             	3.06801271e+02
523             	3.06801747e+02
524             	3.06802127e+02
525             	3.06802518e+02
526             	3.06802915e+02
527             	3.06803301e+02
528             	3.06803682e+02
529             	3.06804012e+02
530             	3.06804250e+02
531             	3.06804481e+02
532             	3.06804716e+02
533             	3.06804963e+02
534             	3.06805207e+02
535             	3.06805436e+02
536             	3.06805682e+02
537             	3.06806025e+02
538             	3.06806312e+02
539             	3.06806611e+02
540             	3.06806951e+02
541             	3.06807327e+02
542             	3.06807721e+02
543             	3.06808104e+02
544             	3.06808483e+02
545             	3.06808847e+02
546             	3.06809144e+02
547             	3.06809457e+02
548             	3.06809780e+02
549             	3.06810107e+02
550             	3.06810439e+02
551             	3.06810729e+02
552             	3.06810996e+02
553             	3.06811256e+02
554             	3.06811562e+02
555             	3.06811890e+02
556             	3.06812154e+02
557             	3.06812375e+02
558             	3.06812566e+02
559             	3.06812734e+02
560             	3.06812895e+02
561             	3.06813091e+02
562             	3.06813337e+02
563             	3.06813632e+02
564             	3.06814046e+02
565             	3.06814294e+02
566             	3.06814529e+02
567             	3.06814811e+02
568             	3.06815110e+02
569             	3.06815404e+02
570             	3.06815687e+02
571             	3.06815959e+02
572             	3.06816254e+02
573             	3.06816548e+02
574             	3.06816849e+02
575             	3.06817197e+02
576             	3.06817510e+02
577             	3.06817745e+02
578             	3.06817949e+02
579             	3.06818130e+02
580             	3.06818307e+02
581             	3.06818472e+02
582             	3.06818635e+02
583             	3.06818813e+02
584             	3.06819066e+02
585             	3.06819306e+02
586             	3.06819504e+02
587             	3.06819744e+02
588             	3.06820019e+02
589             	3.06820315e+02
590             	3.06820593e+02
591             	3.06820843e+02
592             	3.06821085e+02
593             	3.06821318e+02
594             	3.06821556e+02
595             	3.06821774e+02
596             	3.06821980e+02
597             	3.06822204e+02
598             	3.06822429e+02
599             	3.06822660e+02
600             	3.06822876e+02
601             	3.06823068e+02
602             	3.06823241e+02
603             	3.06823397e+02
604             	3.06823551e+02
605             	3.06823751e+02
606             	3.06823918e+02
607             	3.06824042e+02
608             	3.06824155e+02
609             	3.06824313e+02
610             	3.06824495e+02
611             	3.06824698e+02
612             	3.06824926e+02
613             	3.06825178e+02
614             	3.06825453e+02
615             	3.06825746e+02
616             	3.06826071e+02
617             	3.06826361e+02
618             	3.06826625e+02
619             	3.06826864e+02
620             	3.06827087e+02
621             	3.06827314e+02
622             	3.06827546e+02
623             	3.06827785e+02
624             	3.06828028e+02
625             	3.06828279e+02
626             	3.06828540e+02
627             	3.06828787e+02
628             	3.06828997e+02
629             	3.06829171e+02
630             	3.06829310e+02
631             	3.06829430e+02
632             	3.06829542e+02
633             	3.06829656e+02
634             	3.06829778e+02
635             	3.06829922e+02
636             	3.06830087e+02
637             	3.06830253e+02
638             	3.06830439e+02
639             	3.06830601e+02
640             	3.06830766e+02
641             	3.06830937e+02
642             	3.06831131e+02
643             	3.06831302e+02
644             	3.06831473e+02
645             	3.06831640e+02
646             	3.06831801e+02
647             	3.06831975e+02
648             	3.06832132e+02
649             	3.06832271e+02
650             	3.06832402e+02
651             	3.06832527e+02
652             	3.06832649e+02
653             	3.06832771e+02
654             	3.06832885e+02
655             	3.06832992e+02
656             	3.06833100e+02
657             	3.06833229e+02
658             	3.06833352e+02
659             	3.06833491e+02
660             	3.06833641e+02
661             	3.06833734e+02
662             	3.06833823e+02
663             	3.06833912e+02
664             	3.06833988e+02
665             	3.06834040e+02
666             	3.06834068e+02
667             	3.06834098e+02
668             	3.06834155e+02
669             	3.06834188e+02
670             	3.06834210e+02
671             	3.06834268e+02
672             	3.06834331e+02
673             	3.06834412e+02
674             	3.06834514e+02
675             	3.06834630e+02
676             	3.06834760e+02
677             	3.06834933e+02
678             	3.06835094e+02
679             	3.06835242e+02
680             	3.06835435e+02
681             	3.06835618e+02
682             	3.06835768e+02
683             	3.06835874e+02
684             	3.06835929e+02
685             	3.06835993e+02
686             	3.06836080e+02
687             	3.06836191e+02
688             	3.06836337e+02
689             	3.06836505e+02
690             	3.06836680e+02
691             	3.06836827e+02
692             	3.06836940e+02
693             	3.06837036e+02
694             	3.06837139e+02
695             	3.06837263e+02
696             	3.06837405e+02
697             	3.06837562e+02
698             	3.06837707e+02
699             	3.06837857e+02
700             	3.06838005e+02
701             	3.06838134e+02
702             	3.06838245e+02
703             	3.06838342e+02
704             	3.06838416e+02
705             	3.06838474e+02
706             	3.06838529e+02
707             	3.06838583e+02
708             	3.06838664e+02
709             	3.06838840e+02
710             	3.06838996e+02
711             	3.06839195e+02
712             	3.06839457e+02
713             	3.06839768e+02
714             	3.06840086e+02
715             	3.06840389e+02
716             	3.06840668e+02
717             	3.06840928e+02
718             	3.06841179e+02
719             	3.06841406e+02
720             	3.06841574e+02
721             	3.06841750e+02
722             	3.06841939e+02
723             	3.06842111e+02
724             	3.06842261e+02
725             	3.06842397e+02
726             	3.06842526e+02
727             	3.06842639e+02
728             	3.06842741e+02
729             	3.06842830e+02
730             	3.06842906e+02
731             	3.06842968e+02
732             	3.06843020e+02
733             	3.06843102e+02
734             	3.06843186e+02
735             	3.06843277e+02
736             	3.06843356e+02
737             	3.06843407e+02
738             	3.06843450e+02
739             	3.06843506e+02
740             	3.06843638e+02
741             	3.06843747e+02
742             	3.06843858e+02
743             	3.06843999e+02
744             	3.06844147e+02
745             	3.06844290e+02
746             	3.06844430e+02
747             	3.06844552e+02
748             	3.06844654e+02
749             	3.06844749e+02
750             	3.06844839e+02
751             	3.06844941e+02
752             	3.06845018e+02
753             	3.06845083e+02
754             	3.06845170e+02
755             	3.06845252e+02
756             	3.06845315e+02
757             	3.06845349e+02
758             	3.06845373e+02
759             	3.06845371e+02
760             	3.06845341e+02
761             	3.06845287e+02
762             	3.06845226e+02
763             	3.06845146e+02
764             	3.06845068e+02
765             	3.06844998e+02
766             	3.06844926e+02
767             	3.06844848e+02
768             	3.06844770e+02
769             	3.06844765e+02
770             	3.06844726e+02
771             	3.06844733e+02
772             	3.06844790e+02
773             	3.06844892e+02
774             	3.06845020e+02
775             	3.06845152e+02
776             	3.06845275e+02
777             	3.06845370e+02
778             	3.06845454e+02
779             	3.06845535e+02
780             	3.06845599e+02
781             	3.06845600e+02
782             	3.06845584e+02
783             	3.06845540e+02
784             	3.06845481e+02
785             	3.06845404e+02
786             	3.06845325e+02
787             	3.06845255e+02
788             	3.06845162e+02
789             	3.06845052e+02
790             	3.06844942e+02
791             	3.06844912e+02
792             	3.06844841e+02
793             	3.06844784e+02
794             	3.06844735e+02
795             	3.06844716e+02
796             	3.06844757e+02
797             	3.06844838e+02
798             	3.06844947e+02
799             	3.06845066e+02
800             	3.06845181e+02
801             	3.06845269e+02
802             	3.06845343e+02
803             	3.06845410e+02
804             	3.06845449e+02
805             	3.06845512e+02
806             	3.06845592e+02
807             	3.06845689e+02
808             	3.06845801e+02
809             	3.06845921e+02
810             	3.06845958e+02
811             	3.06845989e+02
812             	3.06846007e+02
813             	3.06846010e+02
814             	3.06845994e+02
815             	3.06845973e+02
816             	3.06845941e+02
817             	3.06845905e+02
818             	3.06845870e+02
819             	3.06845836e+02
820             	3.06845793e+02
821             	3.06845775e+02
822             	3.06845739e+02
823             	3.06845692e+02
824             	3.06845751e+02
825             	3.06845767e+02
826             	3.06845828e+02
827             	3.06845976e+02
828             	3.06846182e+02
829             	3.06846380e+02
830             	3.06846494e+02
831             	3.06846643e+02
832             	3.06846735e+02
833             	3.06846732e+02
834             	3.06846686e+02
835             	3.06846597e+02
836             	3.06846461e+02
837             	3.06846279e+02
838             	3.06846148e+02
839             	3.06845944e+02
840             	3.06845787e+02
841             	3.06845680e+02
842             	3.06845512e+02
843             	3.06845433e+02
844             	3.06845487e+02
845             	3.06845623e+02
846             	3.06845781e+02
847             	3.06845885e+02
848             	3.06845948e+02
849             	3.06845990e+02
850             	3.06845970e+02
851             	3.06845850e+02
852             	3.06845638e+02
853             	3.06845347e+02
854             	3.06845004e+02
855             	3.06844643e+02
856             	3.06844333e+02
857             	3.06844124e+02
858             	3.06843664e+02
859             	3.06843530e+02
860             	3.06843602e+02
861             	3.06843810e+02
862             	3.06844068e+02
863             	3.06844315e+02
864             	3.06844455e+02
865             	3.06844624e+02
866             	3.06844689e+02
867             	3.06844549e+02
868             	3.06844282e+02
869             	3.06843949e+02
870             	3.06843602e+02
871             	3.06843191e+02
872             	3.06842761e+02
873             	3.06842370e+02
874             	3.06842064e+02
875             	3.06841487e+02
876             	3.06841342e+02
877             	3.06841500e+02
878             	3.06841594e+02
879             	3.06841756e+02
880             	3.06842060e+02
881             	3.06842348e+02
882             	3.06842485e+02
883             	3.06842354e+02
884             	3.06841997e+02
885             	3.06841442e+02
886             	3.06840732e+02
887             	3.06839927e+02
888             	3.06839100e+02
889             	3.06838353e+02
890             	3.06837445e+02
891             	3.06837007e+02
892             	3.06836887e+02
893             	3.06837031e+02
894             	3.06837297e+02
895             	3.06837545e+02
896             	3.06837558e+02
897             	3.06837702e+02
898             	3.06837929e+02
899             	3.06838107e+02
900             	3.06838074e+02
901             	3.06837951e+02
902             	3.06837735e+02
903             	3.06837423e+02
904             	3.06837056e+02
905             	3.06836677e+02
906             	3.06836305e+02
907             	3.06835949e+02
908             	3.06835598e+02
909             	3.06835247e+02
910             	3.06834875e+02
911             	3.06834601e+02
912             	3.06834365e+02
913             	3.06834193e+02
914             	3.06834095e+02
915             	3.06834121e+02
916             	3.06834182e+02
917             	3.06834232e+02
918             	3.06834328e+02
919             	3.06834469e+02
920             	3.06834661e+02
921             	3.06834873e+02
922             	3.06835041e+02
923             	3.06835036e+02
924             	3.06834955e+02
925             	3.06834852e+02
926             	3.06834739e+02
927             	3.06834648e+02
928             	3.06834565e+02
929             	3.06834339e+02
930             	3.06834073e+02
931             	3.06833761e+02
932             	3.06833434e+02
933             	3.06833099e+02
934             	3.06832771e+02
935             	3.06832444e+02
936             	3.06832094e+02
937             	3.06831749e+02
938             	3.06831440e+02
939             	3.06830933e+02
940             	3.06830715e+02
941             	3.06830702e+02
942             	3.06830840e+02
943             	3.06831057e+02
944             	3.06831080e+02
945             	3.06831291e+02
946             	3.06831513e+02
947             	3.06831614e+02
948             	3.06831495e+02
949             	3.06831180e+02
950             	3.06830715e+02
951             	3.06830134e+02
952             	3.06829465e+02
953             	3.06828769e+02
954             	3.06828144e+02
955             	3.06827582e+02
956             	3.06827134e+02
957             	3.06826435e+02
958             	3.06826168e+02
959             	3.06826189e+02
960             	3.06826249e+02
961             	3.06826477e+02
962             	3.06826803e+02
963             	3.06827120e+02
964             	3.06827108e+02
965             	3.06826934e+02
966             	3.06826660e+02
967             	3.06826289e+02
968             	3.06825827e+02
969             	3.06825317e+02
970             	3.06824821e+02
971             	3.06824346e+02
972             	3.06823984e+02
973             	3.06823667e+02
974             	3.06823419e+02
975             	3.06823270e+02
976             	3.06823201e+02
977             	3.06823176e+02
978             	3.06823151e+02
979             	3.06823148e+02
980             	3.06823125e+02
981             	3.06823159e+02
982             	3.06823290e+02
983             	3.06823524e+02
984             	3.06823850e+02
985             	3.06824188e+02
986             	3.06824420e+02
987             	3.06824634e+02
988             	3.06824762e+02
989             	3.06824714e+02
990             	3.06824561e+02
991             	3.06824315e+02
992             	3.06823998e+02
993             	3.06823630e+02
994             	3.06823254e+02
995             	3.06822898e+02
996             	3.06822581e+02
997             	3.06822343e+02
998             	3.06822187e+02
999             	3.06822015e+02
1000            	3.06821837e+02
1001            	3.06821788e+02
1002            	3.06821657e+02
1003            	3.06821605e+02
1004            	3.06821660e+02
1005            	3.06821684e+02
1006            	3.06821837e+02
1007            	3.06822031e+02
1008            	3.06822254e+02
1009            	3.06822425e+02
1010            	3.06822609e+02
1011            	3.06822699e+02
1012            	3.06822703e+02
1013            	3.06822616e+02
1014            	3.06822430e+02
1015            	3.06822172e+02
1016            	3.06821843e+02
1017            	3.06821457e+02
1018            	3.06821022e+02
1019            	3.06820587e+02
1020            	3.06820237e+02
1021            	3.06819922e+02
1022            	3.06819432e+02
1023            	3.06819296e+02
1024            	3.06819410e+02
1025            	3.06819706e+02
1026            	3.06819812e+02
1027            	3.06819998e+02
1028            	3.06820158e+02
1029            	3.06820326e+02
1030            	3.06820232e+02
1031            	3.06819986e+02
1032            	3.06819624e+02
1033            	3.06819137e+02
1034            	3.06818566e+02
1035            	3.06818118e+02
1036            	3.06817674e+02
1037            	3.06817392e+02
1038            	3.06817383e+02
1039            	3.06817412e+02
1040            	3.06817611e+02
1041            	3.06817933e+02
1042            	3.06818312e+02
1043            	3.06818714e+02
1044            	3.06819191e+02
1045            	3.06819649e+02
1046            	3.06819951e+02
1047            	3.06819995e+02
1048            	3.06820102e+02
1049            	3.06820268e+02
1050            	3.06820446e+02
1051            	3.06820534e+02
1052            	3.06820582e+02
1053            	3.06820599e+02
1054            	3.06820637e+02
1055            	3.06820567e+02
1056            	3.06820536e+02
1057            	3.06820144e+02
1058            	3.06820008e+02
1059            	3.06820048e+02
1060            	3.06820145e+02
1061            	3.06819946e+02
1062            	3.06819964e+02
1063            	3.06820107e+02
1064            	3.06820271e+02
1065            	3.06820430e+02
1066            	3.06820456e+02
1067            	3.06820418e+02
1068            	3.06820244e+02
1069            	3.06819946e+02
1070            	3.06819567e+02
1071            	3.06819129e+02
1072            	3.06818782e+02
1073            	3.06818457e+02
1074            	3.06818019e+02
1075            	3.06817724e+02
1076            	3.06817603e+02
1077            	3.06817649e+02
1078            	3.06817851e+02
1079            	3.06818189e+02
1080            	3.06818615e+02
1081            	3.06819077e+02
1082            	3.06819534e+02
1083            	3.06819863e+02
1084            	3.06820027e+02
1085            	3.06820018e+02
1086            	3.06819965e+02
1087            	3.06819859e+02
1088            	3.06819696e+02
1089            	3.06819520e+02
1090            	3.06819400e+02
1091            	3.06819347e+02
1092            	3.06819371e+02
1093            	3.06819428e+02
1094            	3.06819152e+02
1095            	3.06819142e+02
1096            	3.06819258e+02
1097            	3.06819374e+02
1098            	3.06819455e+02
1099            	3.06819578e+02
1100            	3.06819831e+02
1101            	3.06820210e+02
1102            	3.06820494e+02
1103            	3.06820806e+02
1104            	3.06820997e+02
1105            	3.06821039e+02
1106            	3.06821030e+02
1107            	3.06820917e+02
1108            	3.06820733e+02
1109            	3.06820507e+02
1110            	3.06820256e+02
1111            	3.06820034e+02
1112            	3.06819813e+02
1113            	3.06819655e+02
1114            	3.06819571e+02
1115            	3.06819647e+02
1116            	3.06819681e+02
1117            	3.06819710e+02
1118            	3.06819779e+02
1119            	3.06819909e+02
1120            	3.06820068e+02
1121            	3.06820273e+02
1122            	3.06820563e+02
1123            	3.06820854e+02
1124            	3.06820990e+02
1125            	3.06821066e+02
1126            	3.06821084e+02
1127            	3.06821048e+02
1128            	3.06820885e+02
1129            	3.06820587e+02
1130            	3.06820180e+02
1131            	3.06819734e+02
1132            	3.06819301e+02
1133            	3.06819174e+02
1134            	3.06818988e+02
1135            	3.06819014e+02
1136            	3.06819303e+02
1137            	3.06819770e+02
1138            	3.06820195e+02
1139            	3.06820604e+02
1140            	3.06820906e+02
1141            	3.06820891e+02
1142            	3.06820726e+02
1143            	3.06820518e+02
1144            	3.06820324e+02
1145            	3.06820014e+02
1146            	3.06819742e+02
1147            	3.06819532e+02
1148            	3.06819424e+02
1149            	3.06819414e+02
1150            	3.06819390e+02
1151            	3.06819343e+02
1152            	3.06819265e+02
1153            	3.06819082e+02
1154            	3.06818827e+02
1155            	3.06818091e+02
1156            	3.06817593e+02
1157            	3.06817483e+02
1158            	3.06817553e+02
1159            	3.06817691e+02
1160            	3.06817973e+02
1161            	3.06818423e+02
1162            	3.06818905e+02
1163            	3.06819282e+02
1164            	3.06819333e+02
1165            	3.06819095e+02
1166            	3.06818770e+02
1167            	3.06818512e+02
1168            	3.06818235e+02
1169            	3.06818102e+02
1170            	3.06818087e+02
1171            	3.06818106e+02
1172            	3.06818115e+02
1173            	3.06818111e+02
1174            	3.06817943e+02
1175            	3.06817856e+02
1176            	3.06817748e+02
1177            	3.06817770e+02
1178            	3.06817848e+02
1179            	3.06817999e+02
1180            	3.06818189e+02
1181            	3.06818446e+02
1182            	3.06818785e+02
1183            	3.06819170e+02
1184            	3.06819573e+02
1185            	3.06820064e+02
1186            	3.06820381e+02
1187            	3.06820617e+02
1188            	3.06820722e+02
1189            	3.06820804e+02
1190            	3.06820883e+02
1191            	3.06820972e+02
1192            	3.06821072e+02
1193            	3.06821174e+02
1194            	3.06821239e+02
1195            	3.06821269e+02
1196            	3.06821267e+02
1197            	3.06821232e+02
1198            	3.06821181e+02
1199            	3.06821140e+02
1200            	3.06821153e+02
1201            	3.06821235e+02
1202            	3.06821398e+02
1203            	3.06821572e+02
1204            	3.06821681e+02
1205            	3.06821755e+02
1206            	3.06821908e+02
1207            	3.06822050e+02
1208            	3.06822158e+02
1209            	3.06822306e+02
1210            	3.06822523e+02
1211            	3.06822735e+02
1212            	3.06822874e+02
1213            	3.06822973e+02
1214            	3.06823023e+02
1215            	3.06823030e+02
1216            	3.06823015e+02
1217            	3.06822992e+02
1218            	3.06822984e+02
1219            	3.06823064e+02
1220            	3.06823149e+02
1221            	3.06823240e+02
1222            	3.06823386e+02
1223            	3.06823480e+02
1224            	3.06823573e+02
1225            	3.06823667e+02
1226            	3.06823749e+02
1227            	3.06823821e+02
1228            	3.06823869e+02
1229            	3.06823889e+02
1230            	3.06823870e+02
1231            	3.06823827e+02
1232            	3.06823770e+02
1233            	3.06823714e+02
1234            	3.06823743e+02
1235            	3.06823864e+02
1236            	3.06824077e+02
1237            	3.06824337e+02
1238            	3.06824575e+02
1239            	3.06824857e+02
1240            	3.06825124e+02
1241            	3.06825338e+02
1242            	3.06825507e+02
1243            	3.06825636e+02
1244            	3.06825745e+02
1245            	3.06825864e+02
1246            	3.06825985e+02
1247            	3.06826100e+02
1248            	3.06826208e+02
1249            	3.06826331e+02
1250            	3.06826542e+02
1251            	3.06826724e+02
1252            	3.06826925e+02
1253            	3.06827126e+02
1254            	3.06827290e+02
1255            	3.06827437e+02
1256            	3.06827503e+02
1257            	3.06827522e+02
1258            	3.06827509e+02
1259            	3.06827477e+02
1260            	3.06827443e+02
1261            	3.06827417e+02
1262            	3.06827403e+02
1263            	3.06827404e+02
1264            	3.06827483e+02
1265            	3.06827545e+02
1266            	3.06827595e+02
1267            	3.06827657e+02
1268            	3.06827717e+02
1269            	3.06827759e+02
1270            	3.06827813e+02
1271            	3.06827894e+02
1272            	3.06827990e+02
1273            	3.06828103e+02
1274            	3.06828243e+02
1275            	3.06828425e+02
1276            	3.06828606e+02
1277            	3.06828799e+02
1278            	3.06829001e+02
1279            	3.06829198e+02
1280            	3.06829320e+02
1281            	3.06829445e+02
1282            	3.06829567e+02
1283            	3.06829685e+02
1284            	3.06829791e+02
1285            	3.06829888e+02
1286            	3.06829987e+02
1287            	3.06830102e+02
1288            	3.06830290e+02
1289            	3.06830563e+02
1290            	3.06830798e+02
1291            	3.06831052e+02
1292            	3.06831364e+02
1293            	3.06831720e+02
1294            	3.06832097e+02
1295            	3.06832448e+02
1296            	3.06832680e+02
1297            	3.06832900e+02
1298            	3.06833098e+02
1299            	3.06833286e+02
1300            	3.06833492e+02
1301            	3.06833659e+02
1302            	3.06833788e+02
1303            	3.06833945e+02
1304            	3.06834082e+02
1305            	3.06834202e+02
1306            	3.06834310e+02
1307            	3.06834415e+02
1308            	3.06834515e+02
1309            	3.06834605e+02
1310            	3.06834687e+02
1311            	3.06834763e+02
1312            	3.06834824e+02
1313            	3.06834883e+02
1314            	3.06834950e+02
1315            	3.06835011e+02
1316            	3.06835068e+02
1317            	3.06835118e+02
1318            	3.06835175e+02
1319            	3.06835247e+02
1320            	3.06835336e+02
1321            	3.06835438e+02
1322            	3.06835529e+02
1323            	3.06835616e+02
1324            	3.06835691e+02
1325            	3.06835744e+02
1326            	3.06835799e+02
1327            	3.06835859e+02
1328            	3.06835909e+02
1329            	3.06835968e+02
1330            	3.06836039e+02
1331            	3.06836122e+02
1332            	3.06836217e+02
1333            	3.06836316e+02
1334            	3.06836408e+02
1335            	3.06836498e+02
1336            	3.06836583e+02
1337            	3.06836660e+02
1338            	3.06836736e+02
1339            	3.06836804e+02
1340            	3.06836873e+02
1341            	3.06836946e+02
1342            	3.06837014e+02
1343            	3.06837057e+02
1344            	3.06837119e+02
1345            	3.06837206e+02
1346            	3.06837308e+02
1347            	3.06837441e+02
1348            	3.06837574e+02
1349            	3.06837707e+02
1350            	3.06837831e+02
1351            	3.06837948e+02
1352            	3.06838053e+02
1353            	3.06838154e+02
1354            	3.06838264e+02
1355            	3.06838383e+02
1356            	3.06838515e+02
1357            	3.06838650e+02
1358            	3.06838784e+02
1359            	3.06838920e+02
1360            	3.06839056e+02
1361            	3.06839189e+02
1362            	3.06839318e+02
1363            	3.06839440e+02
1364            	3.06839542e+02
1365            	3.06839628e+02
1366            	3.06839706e+02
1367            	3.06839812e+02
1368            	3.06839958e+02
1369            	3.06840104e+02
1370            	3.06840259e+02
1371            	3.06840439e+02
1372            	3.06840614e+02
1373            	3.06840780e+02
1374            	3.06840938e+02
1375            	3.06841078e+02
1376            	3.06841170e+02
1377            	3.06841233e+02
1378            	3.06841286e+02
1379            	3.06841344e+02
1380            	3.06841429e+02
1381            	3.06841491e+02
1382            	3.06841538e+02
1383            	3.06841586e+02
1384            	3.06841638e+02
1385            	3.06841689e+02
1386            	3.06841743e+02
1387            	3.06841798e+02
1388            	3.06841855e+02
1389            	3.06841917e+02
1390            	3.06841972e+02
1391            	3.06842038e+02
1392            	3.06842115e+02
1393            	3.06842192e+02
1394            	3.06842266e+02
1395            	3.06842343e+02
1396            	3.06842409e+02
1397            	3.06842493e+02
1398            	3.06842574e+02
1399            	3.06842658e+02
1400            	3.06842756e+02
1401            	3.06842860e+02
1402            	3.06842976e+02
1403            	3.06843103e+02
1404            	3.06843231e+02
1405            	3.06843360e+02
1406            	3.06843501e+02
1407            	3.06843620e+02
1408            	3.06843722e+02
1409            	3.06843819e+02
1410            	3.06843899e+02
1411            	3.06843963e+02
1412            	3.06844013e+02
1413            	3.06844058e+02
1414            	3.06844097e+02
1415            	3.06844136e+02
1416            	3.06844171e+02
1417            	3.06844209e+02
1418            	3.06844252e+02
1419            	3.06844288e+02
1420            	3.06844288e+02
1421            	3.06844284e+02
1422            	3.06844298e+02
1423            	3.06844285e+02
1424            	3.06844258e+02
1425            	3.06844227e+02
1426            	3.06844198e+02
1427            	3.06844172e+02
1428            	3.06844153e+02
1429            	3.06844141e+02
1430            	3.06844164e+02
1431            	3.06844233e+02
1432            	3.06844281e+02
1433            	3.06844353e+02
1434            	3.06844465e+02
1435            	3.06844599e+02
1436            	3.06844742e+02
1437            	3.06844875e+02
1438            	3.06844994e+02
1439            	3.06845069e+02
1440            	3.06845126e+02
1441            	3.06845179e+02
1442            	3.06845228e+02
1443            	3.06845274e+02
1444            	3.06845334e+02
1445            	3.06845412e+02
1446            	3.06845499e+02
1447            	3.06845588e+02
1448            	3.06845677e+02
1449            	3.06845757e+02
1450            	3.06845842e+02
1451            	3.06845909e+02
1452            	3.06845955e+02
1453            	3.06845982e+02
1454            	3.06845984e+02
1455            	3.06845979e+02
1456            	3.06845974e+02
1457            	3.06845970e+02
1458            	3.06845954e+02
1459            	3.06846014e+02
1460            	3.06846057e+02
1461            	3.06846111e+02
1462            	3.06846202e+02
1463            	3.06846307e+02
1464            	3.06846425e+02
1465            	3.06846569e+02
1466            	3.06846728e+02
1467            	3.06846897e+02
1468            	3.06847029e+02
1469            	3.06847117e+02
1470            	3.06847197e+02
1471            	3.06847261e+02
1472            	3.06847301e+02
1473            	3.06847310e+02
1474            	3.06847291e+02
1475            	3.06847257e+02
1476            	3.06847248e+02
1477            	3.06847252e+02
1478            	3.06847270e+02
1479            	3.06847300e+02
1480            	3.06847312e+02
1481            	3.06847328e+02
1482            	3.06847345e+02
1483            	3.06847356e+02
1484            	3.06847373e+02
1485            	3.06847416e+02
1486            	3.06847461e+02
1487            	3.06847561e+02
1488            	3.06847629e+02
1489            	3.06847647e+02
1490            	3.06847634e+02
1491            	3.06847652e+02
1492            	3.06847704e+02
1493            	3.06847761e+02
1494            	3.06847828e+02
1495            	3.06847979e+02
1496            	3.06848125e+02
1497            	3.06848187e+02
1498            	3.06848171e+02
1499            	3.06848160e+02
1500            	3.06848165e+02
1501            	3.06848178e+02
1502            	3.06848195e+02
1503            	3.06848214e+02
1504            	3.06848241e+02
1505            	3.06848295e+02
1506            	3.06848308e+02
1507            	3.06848293e+02
1508            	3.06848262e+02
1509            	3.06848220e+02
1510            	3.06848166e+02
1511            	3.06848131e+02
1512            	3.06848107e+02
1513            	3.06848098e+02
1514            	3.06848104e+02
1515            	3.06848111e+02
1516            	3.06848120e+02
1517            	3.06848133e+02
1518            	3.06848141e+02
1519            	3.06848144e+02
1520            	3.06848143e+02
1521            	3.06848135e+02
1522            	3.06848134e+02
1523            	3.06848141e+02
1524            	3.06848146e+02
1525            	3.06848133e+02
1526            	3.06848145e+02
1527            	3.06848212e+02
1528            	3.06848278e+02
1529            	3.06848359e+02
1530            	3.06848448e+02
1531            	3.06848558e+02
1532            	3.06848676e+02
1533            	3.06848793e+02
1534            	3.06848908e+02
1535            	3.06849020e+02
1536            	3.06849129e+02
1537            	3.06849235e+02
1538            	3.06849329e+02
1539            	3.06849397e+02
1540            	3.06849449e+02
1541            	3.06849497e+02
1542            	3.06849538e+02
1543            	3.06849555e+02
1544            	3.06849571e+02
1545            	3.06849591e+02
1546            	3.06849612e+02
1547            	3.06849625e+02
1548            	3.06849638e+02
1549            	3.06849646e+02
1550            	3.06849644e+02
1551            	3.06849638e+02
1552            	3.06849630e+02
1553            	3.06849608e+02
1554            	3.06849580e+02
1555            	3.06849576e+02
1556            	3.06849591e+02
1557            	3.06849624e+02
1558            	3.06849637e+02
1559            	3.06849671e+02
1560            	3.06849712e+02
1561            	3.06849763e+02
1562            	3.06849843e+02
1563            	3.06849882e+02
1564            	3.06849899e+02
1565            	3.06849895e+02
1566            	3.06849901e+02
1567            	3.06849912e+02
1568            	3.06849925e+02
1569            	3.06849949e+02
1570            	3.06849981e+02
1571            	3.06850012e+02
1572            	3.06850044e+02
1573            	3.06850081e+02
1574            	3.06850111e+02
1575            	3.06850135e+02
1576            	3.06850131e+02
1577            	3.06850118e+02
1578            	3.06850100e+02
1579            	3.06850098e+02
1580            	3.06850087e+02
1581            	3.06850070e+02
1582            	3.06850051e+02
1583            	3.06850023e+02
1584            	3.06850013e+02
1585            	3.06850014e+02
1586            	3.06850022e+02
1587            	3.06850031e+02
1588            	3.06850047e+02
1589            	3.06850068e+02
1590            	3.06850086e+02
1591            	3.06850104e+02
1592            	3.06850128e+02
1593            	3.06850152e+02
1594            	3.06850175e+02
1595            	3.06850195e+02
1596            	3.06850216e+02
1597            	3.06850238e+02
1598            	3.06850275e+02
1599            	3.06850314e+02
1600            	3.06850404e+02
1601            	3.06850471e+02
1602            	3.06850509e+02
1603            	3.06850523e+02
1604            	3.06850568e+02
1605            	3.06850617e+02
1606            	3.06850657e+02
1607            	3.06850688e+02
1608            	3.06850705e+02
1609            	3.06850709e+02
1610            	3.06850702e+02
1611            	3.06850680e+02
1612            	3.06850650e+02
1613            	3.06850624e+02
1614            	3.06850538e+02
1615            	3.06850474e+02
1616            	3.06850422e+02
1617            	3.06850363e+02
1618            	3.06850289e+02
1619            	3.06850217e+02
1620            	3.06850144e+02
1621            	3.06850045e+02
1622            	3.06849978e+02
1623            	3.06849870e+02
1624            	3.06849805e+02
1625            	3.06849752e+02
1626            	3.06849717e+02
1627            	3.06849702e+02
1628            	3.06849702e+02
1629            	3.06849711e+02
1630            	3.06849723e+02
1631            	3.06849736e+02
1632            	3.06849756e+02
1633            	3.06849766e+02
1634            	3.06849786e+02
1635            	3.06849813e+02
1636            	3.06849839e+02
1637            	3.06849865e+02
1638            	3.06849888e+02
1639            	3.06849898e+02
1640            	3.06849916e+02
1641            	3.06849918e+02
1642            	3.06849911e+02
1643            	3.06849902e+02
1644            	3.06849883e+02
1645            	3.06849832e+02
1646            	3.06849806e+02
1647            	3.06849779e+02
1648            	3.06849741e+02
1649            	3.06849696e+02
1650            	3.06849643e+02
1651            	3.06849626e+02
1652            	3.06849642e+02
1653            	3.06849633e+02
1654            	3.06849592e+02
1655            	3.06849544e+02
1656            	3.06849554e+02
1657            	3.06849573e+02
1658            	3.06849607e+02
1659            	3.06849669e+02
1660            	3.06849747e+02
1661            	3.06849856e+02
1662            	3.06849937e+02
1663            	3.06849992e+02
1664            	3.06850020e+02
1665            	3.06850039e+02
1666            	3.06850071e+02
1667            	3.06850084e+02
1668            	3.06850108e+02
1669            	3.06850090e+02
1670            	3.06850044e+02
1671            	3.06849976e+02
1672            	3.06849887e+02
1673            	3.06849778e+02
1674            	3.06849649e+02
1675            	3.06849513e+02
1676            	3.06849447e+02
1677            	3.06849338e+02
1678            	3.06849226e+02
1679            	3.06849128e+02
1680            	3.06849035e+02
1681            	3.06848961e+02
1682            	3.06848904e+02
1683            	3.06848858e+02
1684            	3.06848866e+02
1685            	3.06848889e+02
1686            	3.06848936e+02
1687            	3.06849003e+02
1688            	3.06849103e+02
1689            	3.06849201e+02
1690            	3.06849267e+02
1691            	3.06849315e+02
1692            	3.06849353e+02
1693            	3.06849385e+02
1694            	3.06849407e+02
1695            	3.06849335e+02
1696            	3.06849244e+02
1697            	3.06849135e+02
1698            	3.06849007e+02
1699            	3.06848882e+02
1700            	3.06848785e+02
1701            	3.06848706e+02
1702            	3.06848590e+02
1703            	3.06848455e+02
1704            	3.06848322e+02
1705            	3.06848193e+02
1706            	3.06848076e+02
1707            	3.06847962e+02
1708            	3.06847835e+02
1709            	3.06847728e+02
1710            	3.06847616e+02
1711            	3.06847512e+02
1712            	3.06847458e+02
1713            	3.06847465e+02
1714            	3.06847441e+02
1715            	3.06847416e+02
1716            	3.06847398e+02
1717            	3.06847381e+02
1718            	3.06847395e+02
1719            	3.06847434e+02
1720            	3.06847489e+02
1721            	3.06847575e+02
1722            	3.06847691e+02
1723            	3.06847808e+02
1724            	3.06847866e+02
1725            	3.06847912e+02
1726            	3.06847947e+02
1727            	3.06847955e+02
1728            	3.06847927e+02
1729            	3.06847885e+02
1730            	3.06847842e+02
1731            	3.06847794e+02
1732            	3.06847767e+02
1733            	3.06847778e+02
1734            	3.06847798e+02
1735            	3.06847824e+02
1736            	3.06847865e+02
1737            	3.06847915e+02
1738            	3.06847952e+02
1739            	3.06848007e+02
1740            	3.06848071e+02
1741            	3.06848116e+02
1742            	3.06848128e+02
1743            	3.06848114e+02
1744            	3.06848094e+02
1745            	3.06848064e+02
1746            	3.06848022e+02
1747            	3.06847988e+02
1748            	3.06848032e+02
1749            	3.06848017e+02
1750            	3.06848054e+02
1751            	3.06848131e+02
1752            	3.06848250e+02
1753            	3.06848387e+02
1754            	3.06848518e+02
1755            	3.06848629e+02
1756            	3.06848723e+02
1757            	3.06848814e+02
1758            	3.06848852e+02
1759            	3.06848895e+02
1760            	3.06848885e+02
1761            	3.06848855e+02
1762            	3.06848815e+02
1763            	3.06848730e+02
1764            	3.06848607e+02
1765            	3.06848460e+02
1766            	3.06848300e+02
1767            	3.06848192e+02
1768            	3.06848051e+02
1769            	3.06847934e+02
1770            	3.06847851e+02
1771            	3.06847827e+02
1772            	3.06847864e+02
1773            	3.06847958e+02
1774            	3.06848084e+02
1775            	3.06848213e+02
1776            	3.06848356e+02
1777            	3.06848502e+02
1778            	3.06848620e+02
1779            	3.06848691e+02
1780            	3.06848684e+02
1781            	3.06848622e+02
1782            	3.06848508e+02
1783            	3.06848354e+02
1784            	3.06848177e+02
1785            	3.06847974e+02
1786            	3.06847750e+02
1787            	3.06847502e+02
1788            	3.06847310e+02
1789            	3.06847279e+02
1790            	3.06847089e+02
1791            	3.06846970e+02
1792            	3.06846985e+02
1793            	3.06847093e+02
1794            	3.06847226e+02
1795            	3.06847300e+02
1796            	3.06847347e+02
1797            	3.06847434e+02
1798            	3.06847436e+02
1799            	3.06847474e+02
1800            	3.06847466e+02
1801            	3.06847336e+02
1802            	3.06847188e+02
1803            	3.06847036e+02
1804            	3.06846909e+02
1805            	3.06846757e+02
1806            	3.06846657e+02
1807            	3.06846567e+02
1808            	3.06846548e+02
1809            	3.06846479e+02
1810            	3.06846417e+02
1811            	3.06846389e+02
1812            	3.06846383e+02
1813            	3.06846375e+02
1814            	3.06846344e+02
1815            	3.06846306e+02
1816            	3.06846257e+02
1817            	3.06846211e+02
1818            	3.06846145e+02
1819            	3.06846063e+02
1820            	3.06845987e+02
1821            	3.06845949e+02
1822            	3.06845946e+02
1823            	3.06845903e+02
1824            	3.06845815e+02
1825            	3.06845675e+02
1826            	3.06845484e+02
1827            	3.06845254e+02
1828            	3.06844994e+02
1829            	3.06844739e+02
1830            	3.06844519e+02
1831            	3.06844348e+02
1832            	3.06844228e+02
1833            	3.06844120e+02
1834            	3.06843984e+02
1835            	3.06843835e+02
1836            	3.06843676e+02
1837            	3.06843516e+02
1838            	3.06843416e+02
1839            	3.06843418e+02
1840            	3.06843407e+02
1841            	3.06843465e+02
1842            	3.06843602e+02
1843            	3.06843676e+02
1844            	3.06843762e+02
1845            	3.06843887e+02
1846            	3.06843980e+02
1847            	3.06843991e+02
1848            	3.06843956e+02
1849            	3.06843942e+02
1850            	3.06843921e+02
1851            	3.06843722e+02
1852            	3.06843565e+02
1853            	3.06843215e+02
1854            	3.06842795e+02
1855            	3.06842546e+02
1856            	3.06842493e+02
1857            	3.06842598e+02
1858            	3.06842824e+02
1859            	3.06843138e+02
1860            	3.06843435e+02
1861            	3.06843343e+02
1862            	3.06843247e+02
1863            	3.06843147e+02
1864            	3.06843016e+02
1865            	3.06842911e+02
1866            	3.06842860e+02
1867            	3.06842865e+02
1868            	3.06842939e+02
1869            	3.06843134e+02
1870            	3.06843344e+02
1871            	3.06843507e+02
1872            	3.06843480e+02
1873            	3.06843509e+02
1874            	3.06843563e+02
1875            	3.06843537e+02
1876            	3.06843591e+02
1877            	3.06843759e+02
1878            	3.06844014e+02
1879            	3.06844304e+02
1880            	3.06844547e+02
1881            	3.06844754e+02
1882            	3.06844934e+02
1883            	3.06845112e+02
1884            	3.06845165e+02
1885            	3.06845120e+02
1886            	3.06845035e+02
1887            	3.06844897e+02
1888            	3.06844708e+02
1889            	3.06844482e+02
1890            	3.06844215e+02
1891            	3.06844035e+02
1892            	3.06843968e+02
1893            	3.06843956e+02
1894            	3.06844042e+02
1895            	3.06844221e+02
1896            	3.06844382e+02
1897            	3.06844516e+02
1898            	3.06844676e+02
1899            	3.06844776e+02
1900            	3.06844807e+02
1901            	3.06844654e+02
1902            	3.06844386e+02
1903            	3.06844003e+02
1904            	3.06843516e+02
1905            	3.06842949e+02
1906            	3.06842352e+02
1907            	3.06841829e+02
1908            	3.06841296e+02
1909            	3.06840794e+02
1910            	3.06840448e+02
1911            	3.06839923e+02
1912            	3.06839739e+02
1913            	3.06839732e+02
1914            	3.06839743e+02
1915            	3.06839625e+02
1916            	3.06839595e+02
1917            	3.06839614e+02
1918            	3.06839614e+02
1919            	3.06839642e+02
1920            	3.06839516e+02
1921            	3.06839283e+02
1922            	3.06839032e+02
1923            	3.06838829e+02
1924            	3.06838596e+02
1925            	3.06838347e+02
1926            	3.06838068e+02
1927            	3.06837779e+02
1928            	3.06837469e+02
1929            	3.06837140e+02
1930            	3.06836910e+02
1931            	3.06836684e+02
1932            	3.06836540e+02
1933            	3.06836577e+02
1934            	3.06836303e+02
1935            	3.06836268e+02
1936            	3.06836345e+02
1937            	3.06836397e+02
1938            	3.06836475e+02
1939            	3.06836598e+02
1940            	3.06836755e+02
1941            	3.06836971e+02
1942            	3.06837181e+02
1943            	3.06837285e+02
1944            	3.06837205e+02
1945            	3.06836942e+02
1946            	3.06836487e+02
1947            	3.06835877e+02
1948            	3.06835195e+02
1949            	3.06834554e+02
1950            	3.06833951e+02
1951            	3.06833476e+02
1952            	3.06833174e+02
1953            	3.06833007e+02
1954            	3.06832922e+02
1955            	3.06832819e+02
1956            	3.06832749e+02
1957            	3.06832656e+02
1958            	3.06832500e+02
1959            	3.06832313e+02
1960            	3.06832119e+02
1961            	3.06831897e+02
1962            	3.06831770e+02
1963            	3.06831586e+02
1964            	3.06831437e+02
1965            	3.06831329e+02
1966            	3.06831175e+02
1967            	3.06831021e+02
1968            	3.06830866e+02
1969            	3.06830687e+02
1970            	3.06830485e+02
1971            	3.06830263e+02
1972            	3.06830137e+02
1973            	3.06830108e+02
1974            	3.06830052e+02
1975            	3.06829960e+02
1976            	3.06829859e+02
1977            	3.06829744e+02
1978            	3.06829656e+02
1979            	3.06829631e+02
1980            	3.06829655e+02
1981            	3.06829754e+02
1982            	3.06829946e+02
1983            	3.06830194e+02
1984            	3.06830354e+02
1985            	3.06830495e+02
1986            	3.06830560e+02
1987            	3.06830625e+02
1988            	3.06830746e+02
1989            	3.06830960e+02
1990            	3.06831230e+02
1991            	3.06831550e+02
1992            	3.06831957e+02
1993            	3.06832398e+02
1994            	3.06832774e+02
1995            	3.06833080e+02
1996            	3.06833322e+02
1997            	3.06833504e+02
1998            	3.06833651e+02
1999            	3.06833801e+02
2000            	3.06834033e+02
