# Region        : cellZone component_1
# Cells         : 252
# Volume        : 5.26064162e-01
# Time          	volAverage(T)
1               	3.00389542e+02
2               	3.00774284e+02
3               	3.01121765e+02
4               	3.01443437e+02
5               	3.01752537e+02
6               	3.02053319e+02
7               	3.02347984e+02
8               	3.02637869e+02
9               	3.02922101e+02
10              	3.03201550e+02
11              	3.03476200e+02
12              	3.03745579e+02
13              	3.04012279e+02
14              	3.04273306e+02
15              	3.04529684e+02
16              	3.04780782e+02
17              	3.05027561e+02
18              	3.05275175e+02
19              	3.05521542e+02
20              	3.05765735e+02
21              	3.06007259e+02
22              	3.06245191e+02
23              	3.06476834e+02
24              	3.06703374e+02
25              	3.06921779e+02
26              	3.07132942e+02
27              	3.07335701e+02
28              	3.07531513e+02
29              	3.07719552e+02
30              	3.07899763e+02
31              	3.08076327e+02
32              	3.08250000e+02
33              	3.08418561e+02
34              	3.08588686e+02
35              	3.08759175e+02
36              	3.08926945e+02
37              	3.09093092e+02
38              	3.09257303e+02
39              	3.09412636e+02
40              	3.09565185e+02
41              	3.09713460e+02
42              	3.09853569e+02
43              	3.09985002e+02
44              	3.10111974e+02
45              	3.10231544e+02
46              	3.10340080e+02
47              	3.10444896e+02
48              	3.10549198e+02
49              	3.10653396e+02
50              	3.10766330e+02
51              	3.10880415e+02
52              	3.10970838e+02
53              	3.11019836e+02
54              	3.11052579e+02
55              	3.11098560e+02
56              	3.11158602e+02
57              	3.11220282e+02
58              	3.11278558e+02
59              	3.11332883e+02
60              	3.11381430e+02
61              	3.11427781e+02
62              	3.11479880e+02
63              	3.11542287e+02
64              	3.11621688e+02
65              	3.11693857e+02
66              	3.11762235e+02
67              	3.11816526e+02
68              	3.11880547e+02
69              	3.11941064e+02
70              	3.11994785e+02
71              	3.12045171e+02
72              	3.12093583e+02
73              	3.12142214e+02
74              	3.12190766e+02
75              	3.12236284e+02
76              	3.12282162e+02
77              	3.12327015e+02
78              	3.12375775e+02
79              	3.12425922e+02
80              	3.12483253e+02
81              	3.12551492e+02
82              	3.12625869e+02
83              	3.12695653e+02
84              	3.12764407e+02
85              	3.12824876e+02
86              	3.12879887e+02
87              	3.12931219e+02
88              	3.12976399e+02
89              	3.13016527e+02
90              	3.13052731e+02
91              	3.13087685e+02
92              	3.13119517e+02
93              	3.13156980e+02
94              	3.13198716e+02
95              	3.13242842e+02
96              	3.13292446e+02
97              	3.13346122e+02
98              	3.13405409e+02
99              	3.13465747e+02
100             	3.13522579e+02
101             	3.13578367e+02
102             	3.13627733e+02
103             	3.13670717e+02
104             	3.13708568e+02
105             	3.13741829e+02
106             	3.13773157e+02
107             	3.13804353e+02
108             	3.13836186e+02
109             	3.13867622e+02
110             	3.13901265e+02
111             	3.13938436e+02
112             	3.13979905e+02
113             	3.14023380e+02
114             	3.14070302e+02
115             	3.14119550e+02
116             	3.14170186e+02
117             	3.14221216e+02
118             	3.14272706e+02
119             	3.14324448e+02
120             	3.14375549e+02
121             	3.14423842e+02
122             	3.14469744e+02
123             	3.14510512e+02
124             	3.14545617e+02
125             	3.14575333e+02
126             	3.14601291e+02
127             	3.14624752e+02
128             	3.14647440e+02
129             	3.14671398e+02
130             	3.14697804e+02
131             	3.14728487e+02
132             	3.14764737e+02
133             	3.14806735e+02
134             	3.14854272e+02
135             	3.14898209e+02
136             	3.14942035e+02
137             	3.14982646e+02
138             	3.15018164e+02
139             	3.15049299e+02
140             	3.15076598e+02
141             	3.15099318e+02
142             	3.15119160e+02
143             	3.15138656e+02
144             	3.15159780e+02
145             	3.15183086e+02
146             	3.15209070e+02
147             	3.15238782e+02
148             	3.15270963e+02
149             	3.15302567e+02
150             	3.15334386e+02
151             	3.15364917e+02
152             	3.15393429e+02
153             	3.15418442e+02
154             	3.15439316e+02
155             	3.15455969e+02
156             	3.15470014e+02
157             	3.15482147e+02
158             	3.15492750e+02
159             	3.15504357e+02
160             	3.15518325e+02
161             	3.15535060e+02
162             	3.15553955e+02
163             	3.15574182e+02
164             	3.15594632e+02
165             	3.15613887e+02
166             	3.15633191e+02
167             	3.15651769e+02
168             	3.15669073e+02
169             	3.15684886e+02
170             	3.15699727e+02
171             	3.15715181e+02
172             	3.15731240e+02
173             	3.15748760e+02
174             	3.15766181e+02
175             	3.15783756e+02
176             	3.15800445e+02
177             	3.15815691e+02
178             	3.15828105e+02
179             	3.15838365e+02
180             	3.15847887e+02
181             	3.15857206e+02
182             	3.15867159e+02
183             	3.15879392e+02
184             	3.15892581e+02
185             	3.15908274e+02
186             	3.15925478e+02
187             	3.15942360e+02
188             	3.15958011e+02
189             	3.15972212e+02
190             	3.15985725e+02
191             	3.15997984e+02
192             	3.16009557e+02
193             	3.16021213e+02
194             	3.16033289e+02
195             	3.16046590e+02
196             	3.16059947e+02
197             	3.16073655e+02
198             	3.16087218e+02
199             	3.16100581e+02
200             	3.16112795e+02
201             	3.16123934e+02
202             	3.16134571e+02
203             	3.16144534e+02
204             	3.16154105e+02
205             	3.16162012e+02
206             	3.16171211e+02
207             	3.16181622e+02
208             	3.16191703e+02
209             	3.16201540e+02
210             	3.16210852e+02
211             	3.16220129e+02
212             	3.16229665e+02
213             	3.16238883e+02
214             	3.16248496e+02
215             	3.16255125e+02
216             	3.16263469e+02
217             	3.16273117e+02
218             	3.16284248e+02
219             	3.16296463e+02
220             	3.16309531e+02
221             	3.16321108e+02
222             	3.16333144e+02
223             	3.16344018e+02
224             	3.16353707e+02
225             	3.16362160e+02
226             	3.16369299e+02
227             	3.16375001e+02
228             	3.16379229e+02
229             	3.16382327e+02
230             	3.16385005e+02
231             	3.16388489e+02
232             	3.16392676e+02
233             	3.16397225e+02
234             	3.16402196e+02
235             	3.16407679e+02
236             	3.16414847e+02
237             	3.16422428e+02
238             	3.16430895e+02
239             	3.16440010e+02
240             	3.16449281e+02
241             	3.16458355e+02
242             	3.16466936e+02
243             	3.16475043e+02
244             	3.16482453e+02
245             	3.16489437e+02
246             	3.16496096e+02
247             	3.16502359e+02
248             	3.16508005e+02
249             	3.16513570e+02
250             	3.16518725e+02
251             	3.16523147e+02
252             	3.16526156e+02
253             	3.16529323e+02
254             	3.16532540e+02
255             	3.16536045e+02
256             	3.16539577e+02
257             	3.16543043e+02
258             	3.16546538e+02
259             	3.16550222e+02
260             	3.16554046e+02
261             	3.16557815e+02
262             	3.16561193e+02
263             	3.16564635e+02
264             	3.16568137e+02
265             	3.16571378e+02
266             	3.16574577e+02
267             	3.16578049e+02
268             	3.16581752e+02
269             	3.16586044e+02
270             	3.16590472e+02
271             	3.16594989e+02
272             	3.16600087e+02
273             	3.16605361e+02
274             	3.16610267e+02
275             	3.16614831e+02
276             	3.16619246e+02
277             	3.16623100e+02
278             	3.16626034e+02
279             	3.16628508e+02
280             	3.16630762e+02
281             	3.16632858e+02
282             	3.16634853e+02
283             	3.16636867e+02
284             	3.16639128e+02
285             	3.16641481e+02
286             	3.16643818e+02
287             	3.16646185e+02
288             	3.16648748e+02
289             	3.16650913e+02
290             	3.16653094e+02
291             	3.16655426e+02
292             	3.16657756e+02
293             	3.16660168e+02
294             	3.16662663e+02
295             	3.16665284e+02
296             	3.16668048e+02
297             	3.16670957e+02
298             	3.16673874e+02
299             	3.16676729e+02
300             	3.16679406e+02
301             	3.16681924e+02
302             	3.16684480e+02
303             	3.16686765e+02
304             	3.16688620e+02
305             	3.16690209e+02
306             	3.16691569e+02
307             	3.16692700e+02
308             	3.16693774e+02
309             	3.16694987e+02
310             	3.16696496e+02
311             	3.16698310e+02
312             	3.16700276e+02
313             	3.16702410e+02
314             	3.16704599e+02
315             	3.16706813e+02
316             	3.16708979e+02
317             	3.16711123e+02
318             	3.16713230e+02
319             	3.16715215e+02
320             	3.16717177e+02
321             	3.16719208e+02
322             	3.16721300e+02
323             	3.16723384e+02
324             	3.16725431e+02
325             	3.16727389e+02
326             	3.16729095e+02
327             	3.16730777e+02
328             	3.16732280e+02
329             	3.16733469e+02
330             	3.16734343e+02
331             	3.16735128e+02
332             	3.16735870e+02
333             	3.16736708e+02
334             	3.16737694e+02
335             	3.16738826e+02
336             	3.16740093e+02
337             	3.16741449e+02
338             	3.16742901e+02
339             	3.16744333e+02
340             	3.16745831e+02
341             	3.16747274e+02
342             	3.16748695e+02
343             	3.16749925e+02
344             	3.16751219e+02
345             	3.16752389e+02
346             	3.16753595e+02
347             	3.16754910e+02
348             	3.16756325e+02
349             	3.16757825e+02
350             	3.16759388e+02
351             	3.16760947e+02
352             	3.16762449e+02
353             	3.16763953e+02
354             	3.16765235e+02
355             	3.16766472e+02
356             	3.16767748e+02
357             	3.16768789e+02
358             	3.16769723e+02
359             	3.16770702e+02
360             	3.16771694e+02
361             	3.16772717e+02
362             	3.16773792e+02
363             	3.16774963e+02
364             	3.16776186e+02
365             	3.16777449e+02
366             	3.16778764e+02
367             	3.16780089e+02
368             	3.16781347e+02
369             	3.16782572e+02
370             	3.16783713e+02
371             	3.16784743e+02
372             	3.16785826e+02
373             	3.16786747e+02
374             	3.16787601e+02
375             	3.16788467e+02
376             	3.16789383e+02
377             	3.16790353e+02
378             	3.16791340e+02
379             	3.16792290e+02
380             	3.16793231e+02
381             	3.16794182e+02
382             	3.16795147e+02
383             	3.16796121e+02
384             	3.16797087e+02
385             	3.16798083e+02
386             	3.16799039e+02
387             	3.16799965e+02
388             	3.16800849e+02
389             	3.16801687e+02
390             	3.16802487e+02
391             	3.16803247e+02
392             	3.16803973e+02
393             	3.16804695e+02
394             	3.16805422e+02
395             	3.16806159e+02
396             	3.16806906e+02
397             	3.16807639e+02
398             	3.16808408e+02
399             	3.16809217e+02
400             	3.16810060e+02
401             	3.16811020e+02
402             	3.16811895e+02
403             	3.16812763e+02
404             	3.16813670e+02
405             	3.16814609e+02
406             	3.16815543e+02
407             	3.16816454e+02
408             	3.16817321e+02
409             	3.16818168e+02
410             	3.16818982e+02
411             	3.16819714e+02
412             	3.16820333e+02
413             	3.16820982e+02
414             	3.16821572e+02
415             	3.16822059e+02
416             	3.16822442e+02
417             	3.16822785e+02
418             	3.16823109e+02
419             	3.16823511e+02
420             	3.16823823e+02
421             	3.16824169e+02
422             	3.16824598e+02
423             	3.16825107e+02
424             	3.16825676e+02
425             	3.16826310e+02
426             	3.16826992e+02
427             	3.16827699e+02
428             	3.16828425e+02
429             	3.16829150e+02
430             	3.16829782e+02
431             	3.16830444e+02
432             	3.16831041e+02
433             	3.16831599e+02
434             	3.16832069e+02
435             	3.16832455e+02
436             	3.16832775e+02
437             	3.16833058e+02
438             	3.16833326e+02
439             	3.16833599e+02
440             	3.16833895e+02
441             	3.16834223e+02
442             	3.16834701e+02
443             	3.16835144e+02
444             	3.16835640e+02
445             	3.16836212e+02
446             	3.16836842e+02
447             	3.16837504e+02
448             	3.16838185e+02
449             	3.16838880e+02
450             	3.16839541e+02
451             	3.16840149e+02
452             	3.16840712e+02
453             	3.16841186e+02
454             	3.16841586e+02
455             	3.16841930e+02
456             	3.16842223e+02
457             	3.16842464e+02
458             	3.16842661e+02
459             	3.16842855e+02
460             	3.16843057e+02
461             	3.16843271e+02
462             	3.16843505e+02
463             	3.16843761e+02
464             	3.16844054e+02
465             	3.16844373e+02
466             	3.16844730e+02
467             	3.16845074e+02
468             	3.16845492e+02
469             	3.16845899e+02
470             	3.16846321e+02
471             	3.16846758e+02
472             	3.16847197e+02
473             	3.16847641e+02
474             	3.16848105e+02
475             	3.16848562e+02
476             	3.16848966e+02
477             	3.16849339e+02
478             	3.16849689e+02
479             	3.16850023e+02
480             	3.16850337e+02
481             	3.16850627e+02
482             	3.16850897e+02
483             	3.16851109e+02
484             	3.16851335e+02
485             	3.16851502e+02
486             	3.16851666e+02
487             	3.16851806e+02
488             	3.16851931e+02
489             	3.16852055e+02
490             	3.16852190e+02
491             	3.16852354e+02
492             	3.16852533e+02
493             	3.16852732e+02
494             	3.16852948e+02
495             	3.16853182e+02
496             	3.16853422e+02
497             	3.16853659e+02
498             	3.16853909e+02
499             	3.16854136e+02
500             	3.16854344e+02
501             	3.16854537e+02
502             	3.16854719e+02
503             	3.16854887e+02
504             	3.16855034e+02
505             	3.16855164e+02
506             	3.16855280e+02
507             	3.16855392e+02
508             	3.16855501e+02
509             	3.16855612e+02
510             	3.16855723e+02
511             	3.16855840e+02
512             	3.16855995e+02
513             	3.16856149e+02
514             	3.16856311e+02
515             	3.16856478e+02
516             	3.16856639e+02
517             	3.16856843e+02
518             	3.16857057e+02
519             	3.16857270e+02
520             	3.16857483e+02
521             	3.16857695e+02
522             	3.16857855e+02
523             	3.16857989e+02
524             	3.16858120e+02
525             	3.16858224e+02
526             	3.16858311e+02
527             	3.16858388e+02
528             	3.16858469e+02
529             	3.16858562e+02
530             	3.16858667e+02
531             	3.16858807e+02
532             	3.16858983e+02
533             	3.16859180e+02
534             	3.16859394e+02
535             	3.16859621e+02
536             	3.16859845e+02
537             	3.16860081e+02
538             	3.16860312e+02
539             	3.16860540e+02
540             	3.16860765e+02
541             	3.16860989e+02
542             	3.16861202e+02
543             	3.16861398e+02
544             	3.16861592e+02
545             	3.16861776e+02
546             	3.16861943e+02
547             	3.16862098e+02
548             	3.16862236e+02
549             	3.16862358e+02
550             	3.16862470e+02
551             	3.16862573e+02
552             	3.16862667e+02
553             	3.16862749e+02
554             	3.16862808e+02
555             	3.16862898e+02
556             	3.16862988e+02
557             	3.16863066e+02
558             	3.16863141e+02
559             	3.16863216e+02
560             	3.16863287e+02
561             	3.16863353e+02
562             	3.16863423e+02
563             	3.16863494e+02
564             	3.16863574e+02
565             	3.16863673e+02
566             	3.16863778e+02
567             	3.16863918e+02
568             	3.16864059e+02
569             	3.16864206e+02
570             	3.16864359e+02
571             	3.16864485e+02
572             	3.16864619e+02
573             	3.16864757e+02
574             	3.16864881e+02
575             	3.16864989e+02
576             	3.16865110e+02
577             	3.16865198e+02
578             	3.16865269e+02
579             	3.16865358e+02
580             	3.16865461e+02
581             	3.16865574e+02
582             	3.16865703e+02
583             	3.16865856e+02
584             	3.16866007e+02
585             	3.16866156e+02
586             	3.16866295e+02
587             	3.16866425e+02
588             	3.16866516e+02
589             	3.16866560e+02
590             	3.16866584e+02
591             	3.16866592e+02
592             	3.16866610e+02
593             	3.16866606e+02
594             	3.16866606e+02
595             	3.16866623e+02
596             	3.16866678e+02
597             	3.16866782e+02
598             	3.16866907e+02
599             	3.16867046e+02
600             	3.16867191e+02
601             	3.16867319e+02
602             	3.16867414e+02
603             	3.16867507e+02
604             	3.16867575e+02
605             	3.16867596e+02
606             	3.16867605e+02
607             	3.16867598e+02
608             	3.16867610e+02
609             	3.16867608e+02
610             	3.16867609e+02
611             	3.16867639e+02
612             	3.16867678e+02
613             	3.16867737e+02
614             	3.16867815e+02
615             	3.16867909e+02
616             	3.16868019e+02
617             	3.16868143e+02
618             	3.16868276e+02
619             	3.16868417e+02
620             	3.16868561e+02
621             	3.16868699e+02
622             	3.16868825e+02
623             	3.16868940e+02
624             	3.16869045e+02
625             	3.16869137e+02
626             	3.16869199e+02
627             	3.16869241e+02
628             	3.16869274e+02
629             	3.16869311e+02
630             	3.16869342e+02
631             	3.16869376e+02
632             	3.16869421e+02
633             	3.16869479e+02
634             	3.16869548e+02
635             	3.16869630e+02
636             	3.16869721e+02
637             	3.16869822e+02
638             	3.16869930e+02
639             	3.16870043e+02
640             	3.16870158e+02
641             	3.16870268e+02
642             	3.16870366e+02
643             	3.16870448e+02
644             	3.16870512e+02
645             	3.16870557e+02
646             	3.16870576e+02
647             	3.16870568e+02
648             	3.16870548e+02
649             	3.16870513e+02
650             	3.16870470e+02
651             	3.16870407e+02
652             	3.16870335e+02
653             	3.16870262e+02
654             	3.16870195e+02
655             	3.16870137e+02
656             	3.16870095e+02
657             	3.16870075e+02
658             	3.16870081e+02
659             	3.16870113e+02
660             	3.16870162e+02
661             	3.16870235e+02
662             	3.16870337e+02
663             	3.16870454e+02
664             	3.16870574e+02
665             	3.16870687e+02
666             	3.16870792e+02
667             	3.16870891e+02
668             	3.16870985e+02
669             	3.16871073e+02
670             	3.16871156e+02
671             	3.16871234e+02
672             	3.16871308e+02
673             	3.16871382e+02
674             	3.16871455e+02
675             	3.16871525e+02
676             	3.16871589e+02
677             	3.16871646e+02
678             	3.16871701e+02
679             	3.16871750e+02
680             	3.16871795e+02
681             	3.16871836e+02
682             	3.16871871e+02
683             	3.16871899e+02
684             	3.16871920e+02
685             	3.16871951e+02
686             	3.16871988e+02
687             	3.16872023e+02
688             	3.16872052e+02
689             	3.16872073e+02
690             	3.16872084e+02
691             	3.16872089e+02
692             	3.16872084e+02
693             	3.16872070e+02
694             	3.16872045e+02
695             	3.16872010e+02
696             	3.16871968e+02
697             	3.16871923e+02
698             	3.16871875e+02
699             	3.16871827e+02
700             	3.16871780e+02
701             	3.16871739e+02
702             	3.16871708e+02
703             	3.16871688e+02
704             	3.16871683e+02
705             	3.16871691e+02
706             	3.16871712e+02
707             	3.16871762e+02
708             	3.16871831e+02
709             	3.16871902e+02
710             	3.16871980e+02
711             	3.16872061e+02
712             	3.16872141e+02
713             	3.16872218e+02
714             	3.16872289e+02
715             	3.16872351e+02
716             	3.16872408e+02
717             	3.16872460e+02
718             	3.16872511e+02
719             	3.16872561e+02
720             	3.16872611e+02
721             	3.16872659e+02
722             	3.16872707e+02
723             	3.16872760e+02
724             	3.16872800e+02
725             	3.16872829e+02
726             	3.16872852e+02
727             	3.16872867e+02
728             	3.16872872e+02
729             	3.16872865e+02
730             	3.16872847e+02
731             	3.16872820e+02
732             	3.16872790e+02
733             	3.16872762e+02
734             	3.16872733e+02
735             	3.16872703e+02
736             	3.16872671e+02
737             	3.16872635e+02
738             	3.16872597e+02
739             	3.16872554e+02
740             	3.16872507e+02
741             	3.16872455e+02
742             	3.16872408e+02
743             	3.16872368e+02
744             	3.16872320e+02
745             	3.16872287e+02
746             	3.16872265e+02
747             	3.16872250e+02
748             	3.16872247e+02
749             	3.16872278e+02
750             	3.16872314e+02
751             	3.16872350e+02
752             	3.16872405e+02
753             	3.16872480e+02
754             	3.16872568e+02
755             	3.16872667e+02
756             	3.16872772e+02
757             	3.16872880e+02
758             	3.16872986e+02
759             	3.16873090e+02
760             	3.16873188e+02
761             	3.16873274e+02
762             	3.16873345e+02
763             	3.16873401e+02
764             	3.16873435e+02
765             	3.16873447e+02
766             	3.16873438e+02
767             	3.16873406e+02
768             	3.16873355e+02
769             	3.16873293e+02
770             	3.16873221e+02
771             	3.16873139e+02
772             	3.16873051e+02
773             	3.16872958e+02
774             	3.16872866e+02
775             	3.16872773e+02
776             	3.16872682e+02
777             	3.16872594e+02
778             	3.16872508e+02
779             	3.16872434e+02
780             	3.16872372e+02
781             	3.16872320e+02
782             	3.16872275e+02
783             	3.16872239e+02
784             	3.16872211e+02
785             	3.16872191e+02
786             	3.16872177e+02
787             	3.16872170e+02
788             	3.16872170e+02
789             	3.16872165e+02
790             	3.16872170e+02
791             	3.16872182e+02
792             	3.16872201e+02
793             	3.16872223e+02
794             	3.16872249e+02
795             	3.16872278e+02
796             	3.16872308e+02
797             	3.16872340e+02
798             	3.16872372e+02
799             	3.16872403e+02
800             	3.16872438e+02
801             	3.16872471e+02
802             	3.16872499e+02
803             	3.16872530e+02
804             	3.16872565e+02
805             	3.16872605e+02
806             	3.16872648e+02
807             	3.16872676e+02
808             	3.16872714e+02
809             	3.16872749e+02
810             	3.16872770e+02
811             	3.16872777e+02
812             	3.16872772e+02
813             	3.16872757e+02
814             	3.16872734e+02
815             	3.16872690e+02
816             	3.16872638e+02
817             	3.16872585e+02
818             	3.16872532e+02
819             	3.16872474e+02
820             	3.16872420e+02
821             	3.16872369e+02
822             	3.16872329e+02
823             	3.16872288e+02
824             	3.16872253e+02
825             	3.16872227e+02
826             	3.16872205e+02
827             	3.16872182e+02
828             	3.16872149e+02
829             	3.16872119e+02
830             	3.16872081e+02
831             	3.16872037e+02
832             	3.16871997e+02
833             	3.16871966e+02
834             	3.16871941e+02
835             	3.16871925e+02
836             	3.16871926e+02
837             	3.16871968e+02
838             	3.16872007e+02
839             	3.16872054e+02
840             	3.16872124e+02
841             	3.16872211e+02
842             	3.16872311e+02
843             	3.16872421e+02
844             	3.16872539e+02
845             	3.16872659e+02
846             	3.16872772e+02
847             	3.16872878e+02
848             	3.16872972e+02
849             	3.16873049e+02
850             	3.16873105e+02
851             	3.16873138e+02
852             	3.16873148e+02
853             	3.16873134e+02
854             	3.16873099e+02
855             	3.16873046e+02
856             	3.16872987e+02
857             	3.16872916e+02
858             	3.16872843e+02
859             	3.16872770e+02
860             	3.16872704e+02
861             	3.16872644e+02
862             	3.16872593e+02
863             	3.16872547e+02
864             	3.16872509e+02
865             	3.16872476e+02
866             	3.16872446e+02
867             	3.16872419e+02
868             	3.16872400e+02
869             	3.16872381e+02
870             	3.16872361e+02
871             	3.16872342e+02
872             	3.16872330e+02
873             	3.16872324e+02
874             	3.16872322e+02
875             	3.16872323e+02
876             	3.16872325e+02
877             	3.16872330e+02
878             	3.16872334e+02
879             	3.16872341e+02
880             	3.16872337e+02
881             	3.16872319e+02
882             	3.16872292e+02
883             	3.16872274e+02
884             	3.16872246e+02
885             	3.16872220e+02
886             	3.16872212e+02
887             	3.16872226e+02
888             	3.16872257e+02
889             	3.16872306e+02
890             	3.16872374e+02
891             	3.16872432e+02
892             	3.16872510e+02
893             	3.16872593e+02
894             	3.16872669e+02
895             	3.16872734e+02
896             	3.16872784e+02
897             	3.16872814e+02
898             	3.16872821e+02
899             	3.16872803e+02
900             	3.16872763e+02
901             	3.16872713e+02
902             	3.16872651e+02
903             	3.16872574e+02
904             	3.16872504e+02
905             	3.16872438e+02
906             	3.16872375e+02
907             	3.16872310e+02
908             	3.16872242e+02
909             	3.16872175e+02
910             	3.16872114e+02
911             	3.16872054e+02
912             	3.16872000e+02
913             	3.16871954e+02
914             	3.16871919e+02
915             	3.16871903e+02
916             	3.16871894e+02
917             	3.16871896e+02
918             	3.16871912e+02
919             	3.16871936e+02
920             	3.16871975e+02
921             	3.16872024e+02
922             	3.16872078e+02
923             	3.16872143e+02
924             	3.16872212e+02
925             	3.16872268e+02
926             	3.16872319e+02
927             	3.16872369e+02
928             	3.16872419e+02
929             	3.16872479e+02
930             	3.16872545e+02
931             	3.16872614e+02
932             	3.16872686e+02
933             	3.16872761e+02
934             	3.16872839e+02
935             	3.16872919e+02
936             	3.16872996e+02
937             	3.16873067e+02
938             	3.16873132e+02
939             	3.16873185e+02
940             	3.16873233e+02
941             	3.16873265e+02
942             	3.16873284e+02
943             	3.16873296e+02
944             	3.16873299e+02
945             	3.16873298e+02
946             	3.16873303e+02
947             	3.16873301e+02
948             	3.16873299e+02
949             	3.16873300e+02
950             	3.16873300e+02
951             	3.16873296e+02
952             	3.16873292e+02
953             	3.16873286e+02
954             	3.16873272e+02
955             	3.16873249e+02
956             	3.16873220e+02
957             	3.16873186e+02
958             	3.16873146e+02
959             	3.16873100e+02
960             	3.16873050e+02
961             	3.16872999e+02
962             	3.16872949e+02
963             	3.16872904e+02
964             	3.16872867e+02
965             	3.16872839e+02
966             	3.16872828e+02
967             	3.16872820e+02
968             	3.16872837e+02
969             	3.16872866e+02
970             	3.16872902e+02
971             	3.16872945e+02
972             	3.16872996e+02
973             	3.16873053e+02
974             	3.16873108e+02
975             	3.16873162e+02
976             	3.16873214e+02
977             	3.16873267e+02
978             	3.16873317e+02
979             	3.16873367e+02
980             	3.16873415e+02
981             	3.16873460e+02
982             	3.16873500e+02
983             	3.16873528e+02
984             	3.16873554e+02
985             	3.16873568e+02
986             	3.16873567e+02
987             	3.16873549e+02
988             	3.16873518e+02
989             	3.16873475e+02
990             	3.16873417e+02
991             	3.16873341e+02
992             	3.16873253e+02
993             	3.16873160e+02
994             	3.16873072e+02
995             	3.16872998e+02
996             	3.16872936e+02
997             	3.16872883e+02
998             	3.16872840e+02
999             	3.16872803e+02
1000            	3.16872769e+02
1001            	3.16872728e+02
1002            	3.16872683e+02
1003            	3.16872650e+02
1004            	3.16872619e+02
1005            	3.16872588e+02
1006            	3.16872556e+02
1007            	3.16872529e+02
1008            	3.16872508e+02
1009            	3.16872481e+02
1010            	3.16872458e+02
1011            	3.16872445e+02
1012            	3.16872470e+02
1013            	3.16872499e+02
1014            	3.16872544e+02
1015            	3.16872612e+02
1016            	3.16872701e+02
1017            	3.16872805e+02
1018            	3.16872918e+02
1019            	3.16873039e+02
1020            	3.16873156e+02
1021            	3.16873264e+02
1022            	3.16873357e+02
1023            	3.16873431e+02
1024            	3.16873465e+02
1025            	3.16873490e+02
1026            	3.16873490e+02
1027            	3.16873459e+02
1028            	3.16873413e+02
1029            	3.16873326e+02
1030            	3.16873222e+02
1031            	3.16873111e+02
1032            	3.16873001e+02
1033            	3.16872893e+02
1034            	3.16872795e+02
1035            	3.16872709e+02
1036            	3.16872642e+02
1037            	3.16872594e+02
1038            	3.16872556e+02
1039            	3.16872540e+02
1040            	3.16872542e+02
1041            	3.16872559e+02
1042            	3.16872586e+02
1043            	3.16872620e+02
1044            	3.16872658e+02
1045            	3.16872696e+02
1046            	3.16872733e+02
1047            	3.16872763e+02
1048            	3.16872786e+02
1049            	3.16872802e+02
1050            	3.16872812e+02
1051            	3.16872813e+02
1052            	3.16872808e+02
1053            	3.16872802e+02
1054            	3.16872796e+02
1055            	3.16872791e+02
1056            	3.16872783e+02
1057            	3.16872767e+02
1058            	3.16872751e+02
1059            	3.16872738e+02
1060            	3.16872728e+02
1061            	3.16872728e+02
1062            	3.16872736e+02
1063            	3.16872753e+02
1064            	3.16872778e+02
1065            	3.16872811e+02
1066            	3.16872852e+02
1067            	3.16872899e+02
1068            	3.16872950e+02
1069            	3.16873005e+02
1070            	3.16873060e+02
1071            	3.16873114e+02
1072            	3.16873163e+02
1073            	3.16873205e+02
1074            	3.16873243e+02
1075            	3.16873266e+02
1076            	3.16873275e+02
1077            	3.16873270e+02
1078            	3.16873264e+02
1079            	3.16873251e+02
1080            	3.16873227e+02
1081            	3.16873193e+02
1082            	3.16873147e+02
1083            	3.16873093e+02
1084            	3.16873032e+02
1085            	3.16872964e+02
1086            	3.16872890e+02
1087            	3.16872813e+02
1088            	3.16872732e+02
1089            	3.16872659e+02
1090            	3.16872586e+02
1091            	3.16872517e+02
1092            	3.16872456e+02
1093            	3.16872405e+02
1094            	3.16872365e+02
1095            	3.16872340e+02
1096            	3.16872334e+02
1097            	3.16872340e+02
1098            	3.16872362e+02
1099            	3.16872387e+02
1100            	3.16872401e+02
1101            	3.16872415e+02
1102            	3.16872432e+02
1103            	3.16872455e+02
1104            	3.16872487e+02
1105            	3.16872526e+02
1106            	3.16872569e+02
1107            	3.16872618e+02
1108            	3.16872674e+02
1109            	3.16872736e+02
1110            	3.16872801e+02
1111            	3.16872865e+02
1112            	3.16872923e+02
1113            	3.16872973e+02
1114            	3.16873019e+02
1115            	3.16873049e+02
1116            	3.16873067e+02
1117            	3.16873073e+02
1118            	3.16873063e+02
1119            	3.16873036e+02
1120            	3.16873010e+02
1121            	3.16872986e+02
1122            	3.16872956e+02
1123            	3.16872922e+02
1124            	3.16872887e+02
1125            	3.16872851e+02
1126            	3.16872807e+02
1127            	3.16872757e+02
1128            	3.16872703e+02
1129            	3.16872650e+02
1130            	3.16872592e+02
1131            	3.16872540e+02
1132            	3.16872497e+02
1133            	3.16872467e+02
1134            	3.16872448e+02
1135            	3.16872442e+02
1136            	3.16872447e+02
1137            	3.16872465e+02
1138            	3.16872496e+02
1139            	3.16872538e+02
1140            	3.16872588e+02
1141            	3.16872637e+02
1142            	3.16872686e+02
1143            	3.16872748e+02
1144            	3.16872809e+02
1145            	3.16872863e+02
1146            	3.16872908e+02
1147            	3.16872944e+02
1148            	3.16872970e+02
1149            	3.16872973e+02
1150            	3.16872967e+02
1151            	3.16872950e+02
1152            	3.16872926e+02
1153            	3.16872898e+02
1154            	3.16872870e+02
1155            	3.16872845e+02
1156            	3.16872827e+02
1157            	3.16872817e+02
1158            	3.16872815e+02
1159            	3.16872822e+02
1160            	3.16872836e+02
1161            	3.16872859e+02
1162            	3.16872892e+02
1163            	3.16872927e+02
1164            	3.16872966e+02
1165            	3.16873008e+02
1166            	3.16873055e+02
1167            	3.16873099e+02
1168            	3.16873137e+02
1169            	3.16873167e+02
1170            	3.16873192e+02
1171            	3.16873210e+02
1172            	3.16873220e+02
1173            	3.16873224e+02
1174            	3.16873221e+02
1175            	3.16873213e+02
1176            	3.16873205e+02
1177            	3.16873193e+02
1178            	3.16873175e+02
1179            	3.16873148e+02
1180            	3.16873121e+02
1181            	3.16873106e+02
1182            	3.16873100e+02
1183            	3.16873108e+02
1184            	3.16873135e+02
1185            	3.16873181e+02
1186            	3.16873246e+02
1187            	3.16873329e+02
1188            	3.16873426e+02
1189            	3.16873529e+02
1190            	3.16873636e+02
1191            	3.16873741e+02
1192            	3.16873845e+02
1193            	3.16873944e+02
1194            	3.16874032e+02
1195            	3.16874110e+02
1196            	3.16874176e+02
1197            	3.16874228e+02
1198            	3.16874258e+02
1199            	3.16874271e+02
1200            	3.16874266e+02
1201            	3.16874242e+02
1202            	3.16874206e+02
1203            	3.16874163e+02
1204            	3.16874122e+02
1205            	3.16874074e+02
1206            	3.16874031e+02
1207            	3.16873995e+02
1208            	3.16873968e+02
1209            	3.16873953e+02
1210            	3.16873949e+02
1211            	3.16873955e+02
1212            	3.16873967e+02
1213            	3.16873983e+02
1214            	3.16873999e+02
1215            	3.16874000e+02
1216            	3.16874003e+02
1217            	3.16874000e+02
1218            	3.16873983e+02
1219            	3.16873953e+02
1220            	3.16873914e+02
1221            	3.16873870e+02
1222            	3.16873826e+02
1223            	3.16873780e+02
1224            	3.16873736e+02
1225            	3.16873694e+02
1226            	3.16873666e+02
1227            	3.16873651e+02
1228            	3.16873649e+02
1229            	3.16873661e+02
1230            	3.16873683e+02
1231            	3.16873715e+02
1232            	3.16873757e+02
1233            	3.16873803e+02
1234            	3.16873851e+02
1235            	3.16873902e+02
1236            	3.16873952e+02
1237            	3.16874002e+02
1238            	3.16874047e+02
1239            	3.16874088e+02
1240            	3.16874122e+02
1241            	3.16874149e+02
1242            	3.16874164e+02
1243            	3.16874166e+02
1244            	3.16874164e+02
1245            	3.16874147e+02
1246            	3.16874119e+02
1247            	3.16874081e+02
1248            	3.16874037e+02
1249            	3.16873985e+02
1250            	3.16873928e+02
1251            	3.16873864e+02
1252            	3.16873795e+02
1253            	3.16873724e+02
1254            	3.16873655e+02
1255            	3.16873594e+02
1256            	3.16873534e+02
1257            	3.16873478e+02
1258            	3.16873429e+02
1259            	3.16873385e+02
1260            	3.16873346e+02
1261            	3.16873309e+02
1262            	3.16873272e+02
1263            	3.16873242e+02
1264            	3.16873216e+02
1265            	3.16873185e+02
1266            	3.16873156e+02
1267            	3.16873122e+02
1268            	3.16873084e+02
1269            	3.16873065e+02
1270            	3.16873037e+02
1271            	3.16873013e+02
1272            	3.16873004e+02
1273            	3.16873010e+02
1274            	3.16873030e+02
1275            	3.16873063e+02
1276            	3.16873106e+02
1277            	3.16873161e+02
1278            	3.16873221e+02
1279            	3.16873283e+02
1280            	3.16873345e+02
1281            	3.16873402e+02
1282            	3.16873452e+02
1283            	3.16873490e+02
1284            	3.16873514e+02
1285            	3.16873520e+02
1286            	3.16873509e+02
1287            	3.16873482e+02
1288            	3.16873441e+02
1289            	3.16873390e+02
1290            	3.16873334e+02
1291            	3.16873275e+02
1292            	3.16873216e+02
1293            	3.16873159e+02
1294            	3.16873109e+02
1295            	3.16873065e+02
1296            	3.16873027e+02
1297            	3.16872995e+02
1298            	3.16872969e+02
1299            	3.16872946e+02
1300            	3.16872927e+02
1301            	3.16872912e+02
1302            	3.16872901e+02
1303            	3.16872891e+02
1304            	3.16872883e+02
1305            	3.16872875e+02
1306            	3.16872866e+02
1307            	3.16872855e+02
1308            	3.16872838e+02
1309            	3.16872819e+02
1310            	3.16872798e+02
1311            	3.16872772e+02
1312            	3.16872740e+02
1313            	3.16872718e+02
1314            	3.16872683e+02
1315            	3.16872646e+02
1316            	3.16872614e+02
1317            	3.16872591e+02
1318            	3.16872578e+02
1319            	3.16872576e+02
1320            	3.16872586e+02
1321            	3.16872607e+02
1322            	3.16872639e+02
1323            	3.16872683e+02
1324            	3.16872735e+02
1325            	3.16872794e+02
1326            	3.16872857e+02
1327            	3.16872922e+02
1328            	3.16872984e+02
1329            	3.16873042e+02
1330            	3.16873090e+02
1331            	3.16873130e+02
1332            	3.16873159e+02
1333            	3.16873176e+02
1334            	3.16873180e+02
1335            	3.16873171e+02
1336            	3.16873156e+02
1337            	3.16873134e+02
1338            	3.16873110e+02
1339            	3.16873085e+02
1340            	3.16873062e+02
1341            	3.16873043e+02
1342            	3.16873026e+02
1343            	3.16873009e+02
1344            	3.16872988e+02
1345            	3.16872970e+02
1346            	3.16872950e+02
1347            	3.16872924e+02
1348            	3.16872893e+02
1349            	3.16872858e+02
1350            	3.16872820e+02
1351            	3.16872779e+02
1352            	3.16872736e+02
1353            	3.16872694e+02
1354            	3.16872653e+02
1355            	3.16872616e+02
1356            	3.16872584e+02
1357            	3.16872562e+02
1358            	3.16872549e+02
1359            	3.16872546e+02
1360            	3.16872555e+02
1361            	3.16872573e+02
1362            	3.16872597e+02
1363            	3.16872627e+02
1364            	3.16872664e+02
1365            	3.16872706e+02
1366            	3.16872754e+02
1367            	3.16872807e+02
1368            	3.16872864e+02
1369            	3.16872923e+02
1370            	3.16872983e+02
1371            	3.16873045e+02
1372            	3.16873108e+02
1373            	3.16873166e+02
1374            	3.16873217e+02
1375            	3.16873267e+02
1376            	3.16873304e+02
1377            	3.16873332e+02
1378            	3.16873351e+02
1379            	3.16873361e+02
1380            	3.16873358e+02
1381            	3.16873339e+02
1382            	3.16873311e+02
1383            	3.16873282e+02
1384            	3.16873237e+02
1385            	3.16873180e+02
1386            	3.16873116e+02
1387            	3.16873061e+02
1388            	3.16872993e+02
1389            	3.16872921e+02
1390            	3.16872852e+02
1391            	3.16872785e+02
1392            	3.16872720e+02
1393            	3.16872661e+02
1394            	3.16872610e+02
1395            	3.16872569e+02
1396            	3.16872542e+02
1397            	3.16872527e+02
1398            	3.16872519e+02
1399            	3.16872521e+02
1400            	3.16872527e+02
1401            	3.16872546e+02
1402            	3.16872553e+02
1403            	3.16872555e+02
1404            	3.16872560e+02
1405            	3.16872571e+02
1406            	3.16872592e+02
1407            	3.16872621e+02
1408            	3.16872658e+02
1409            	3.16872702e+02
1410            	3.16872752e+02
1411            	3.16872808e+02
1412            	3.16872868e+02
1413            	3.16872931e+02
1414            	3.16872996e+02
1415            	3.16873061e+02
1416            	3.16873122e+02
1417            	3.16873178e+02
1418            	3.16873226e+02
1419            	3.16873266e+02
1420            	3.16873296e+02
1421            	3.16873316e+02
1422            	3.16873317e+02
1423            	3.16873306e+02
1424            	3.16873290e+02
1425            	3.16873271e+02
1426            	3.16873255e+02
1427            	3.16873243e+02
1428            	3.16873239e+02
1429            	3.16873243e+02
1430            	3.16873251e+02
1431            	3.16873257e+02
1432            	3.16873254e+02
1433            	3.16873253e+02
1434            	3.16873250e+02
1435            	3.16873243e+02
1436            	3.16873222e+02
1437            	3.16873190e+02
1438            	3.16873171e+02
1439            	3.16873139e+02
1440            	3.16873108e+02
1441            	3.16873090e+02
1442            	3.16873085e+02
1443            	3.16873095e+02
1444            	3.16873119e+02
1445            	3.16873156e+02
1446            	3.16873211e+02
1447            	3.16873274e+02
1448            	3.16873355e+02
1449            	3.16873447e+02
1450            	3.16873543e+02
1451            	3.16873647e+02
1452            	3.16873754e+02
1453            	3.16873841e+02
1454            	3.16873925e+02
1455            	3.16874001e+02
1456            	3.16874058e+02
1457            	3.16874099e+02
1458            	3.16874132e+02
1459            	3.16874154e+02
1460            	3.16874166e+02
1461            	3.16874172e+02
1462            	3.16874174e+02
1463            	3.16874178e+02
1464            	3.16874183e+02
1465            	3.16874174e+02
1466            	3.16874176e+02
1467            	3.16874182e+02
1468            	3.16874172e+02
1469            	3.16874156e+02
1470            	3.16874129e+02
1471            	3.16874089e+02
1472            	3.16874037e+02
1473            	3.16873976e+02
1474            	3.16873906e+02
1475            	3.16873832e+02
1476            	3.16873757e+02
1477            	3.16873681e+02
1478            	3.16873611e+02
1479            	3.16873557e+02
1480            	3.16873510e+02
1481            	3.16873477e+02
1482            	3.16873460e+02
1483            	3.16873459e+02
1484            	3.16873473e+02
1485            	3.16873498e+02
1486            	3.16873543e+02
1487            	3.16873597e+02
1488            	3.16873655e+02
1489            	3.16873716e+02
1490            	3.16873780e+02
1491            	3.16873842e+02
1492            	3.16873899e+02
1493            	3.16873944e+02
1494            	3.16873984e+02
1495            	3.16874019e+02
1496            	3.16874038e+02
1497            	3.16874062e+02
1498            	3.16874087e+02
1499            	3.16874109e+02
1500            	3.16874128e+02
1501            	3.16874145e+02
1502            	3.16874158e+02
1503            	3.16874172e+02
1504            	3.16874186e+02
1505            	3.16874196e+02
1506            	3.16874199e+02
1507            	3.16874197e+02
1508            	3.16874190e+02
1509            	3.16874179e+02
1510            	3.16874166e+02
1511            	3.16874147e+02
1512            	3.16874116e+02
1513            	3.16874077e+02
1514            	3.16874041e+02
1515            	3.16874007e+02
1516            	3.16873974e+02
1517            	3.16873941e+02
1518            	3.16873914e+02
1519            	3.16873888e+02
1520            	3.16873862e+02
1521            	3.16873836e+02
1522            	3.16873804e+02
1523            	3.16873766e+02
1524            	3.16873732e+02
1525            	3.16873694e+02
1526            	3.16873652e+02
1527            	3.16873607e+02
1528            	3.16873580e+02
1529            	3.16873558e+02
1530            	3.16873531e+02
1531            	3.16873517e+02
1532            	3.16873520e+02
1533            	3.16873532e+02
1534            	3.16873568e+02
1535            	3.16873618e+02
1536            	3.16873674e+02
1537            	3.16873735e+02
1538            	3.16873801e+02
1539            	3.16873872e+02
1540            	3.16873945e+02
1541            	3.16874015e+02
1542            	3.16874080e+02
1543            	3.16874139e+02
1544            	3.16874186e+02
1545            	3.16874220e+02
1546            	3.16874228e+02
1547            	3.16874222e+02
1548            	3.16874202e+02
1549            	3.16874170e+02
1550            	3.16874130e+02
1551            	3.16874081e+02
1552            	3.16874026e+02
1553            	3.16873967e+02
1554            	3.16873906e+02
1555            	3.16873844e+02
1556            	3.16873783e+02
1557            	3.16873723e+02
1558            	3.16873665e+02
1559            	3.16873611e+02
1560            	3.16873566e+02
1561            	3.16873521e+02
1562            	3.16873479e+02
1563            	3.16873439e+02
1564            	3.16873402e+02
1565            	3.16873371e+02
1566            	3.16873349e+02
1567            	3.16873339e+02
1568            	3.16873343e+02
1569            	3.16873351e+02
1570            	3.16873356e+02
1571            	3.16873353e+02
1572            	3.16873344e+02
1573            	3.16873327e+02
1574            	3.16873306e+02
1575            	3.16873286e+02
1576            	3.16873268e+02
1577            	3.16873249e+02
1578            	3.16873235e+02
1579            	3.16873227e+02
1580            	3.16873231e+02
1581            	3.16873234e+02
1582            	3.16873242e+02
1583            	3.16873258e+02
1584            	3.16873280e+02
1585            	3.16873306e+02
1586            	3.16873334e+02
1587            	3.16873360e+02
1588            	3.16873385e+02
1589            	3.16873409e+02
1590            	3.16873432e+02
1591            	3.16873445e+02
1592            	3.16873456e+02
1593            	3.16873473e+02
1594            	3.16873489e+02
1595            	3.16873498e+02
1596            	3.16873502e+02
1597            	3.16873498e+02
1598            	3.16873486e+02
1599            	3.16873467e+02
1600            	3.16873440e+02
1601            	3.16873407e+02
1602            	3.16873368e+02
1603            	3.16873323e+02
1604            	3.16873273e+02
1605            	3.16873223e+02
1606            	3.16873168e+02
1607            	3.16873112e+02
1608            	3.16873060e+02
1609            	3.16873013e+02
1610            	3.16872973e+02
1611            	3.16872943e+02
1612            	3.16872925e+02
1613            	3.16872924e+02
1614            	3.16872940e+02
1615            	3.16872974e+02
1616            	3.16873016e+02
1617            	3.16873073e+02
1618            	3.16873131e+02
1619            	3.16873189e+02
1620            	3.16873244e+02
1621            	3.16873291e+02
1622            	3.16873326e+02
1623            	3.16873354e+02
1624            	3.16873375e+02
1625            	3.16873392e+02
1626            	3.16873400e+02
1627            	3.16873399e+02
1628            	3.16873394e+02
1629            	3.16873387e+02
1630            	3.16873378e+02
1631            	3.16873369e+02
1632            	3.16873360e+02
1633            	3.16873353e+02
1634            	3.16873349e+02
1635            	3.16873353e+02
1636            	3.16873365e+02
1637            	3.16873372e+02
1638            	3.16873383e+02
1639            	3.16873381e+02
1640            	3.16873392e+02
1641            	3.16873402e+02
1642            	3.16873401e+02
1643            	3.16873387e+02
1644            	3.16873363e+02
1645            	3.16873328e+02
1646            	3.16873289e+02
1647            	3.16873239e+02
1648            	3.16873186e+02
1649            	3.16873130e+02
1650            	3.16873073e+02
1651            	3.16873016e+02
1652            	3.16872960e+02
1653            	3.16872907e+02
1654            	3.16872860e+02
1655            	3.16872821e+02
1656            	3.16872800e+02
1657            	3.16872791e+02
1658            	3.16872794e+02
1659            	3.16872813e+02
1660            	3.16872847e+02
1661            	3.16872893e+02
1662            	3.16872948e+02
1663            	3.16873011e+02
1664            	3.16873082e+02
1665            	3.16873153e+02
1666            	3.16873219e+02
1667            	3.16873282e+02
1668            	3.16873331e+02
1669            	3.16873367e+02
1670            	3.16873393e+02
1671            	3.16873407e+02
1672            	3.16873409e+02
1673            	3.16873402e+02
1674            	3.16873387e+02
1675            	3.16873370e+02
1676            	3.16873354e+02
1677            	3.16873344e+02
1678            	3.16873335e+02
1679            	3.16873334e+02
1680            	3.16873341e+02
1681            	3.16873358e+02
1682            	3.16873379e+02
1683            	3.16873403e+02
1684            	3.16873425e+02
1685            	3.16873440e+02
1686            	3.16873458e+02
1687            	3.16873471e+02
1688            	3.16873478e+02
1689            	3.16873473e+02
1690            	3.16873457e+02
1691            	3.16873431e+02
1692            	3.16873396e+02
1693            	3.16873352e+02
1694            	3.16873302e+02
1695            	3.16873248e+02
1696            	3.16873193e+02
1697            	3.16873139e+02
1698            	3.16873090e+02
1699            	3.16873047e+02
1700            	3.16873013e+02
1701            	3.16872993e+02
1702            	3.16872974e+02
1703            	3.16872969e+02
1704            	3.16872976e+02
1705            	3.16872992e+02
1706            	3.16873016e+02
1707            	3.16873049e+02
1708            	3.16873090e+02
1709            	3.16873137e+02
1710            	3.16873188e+02
1711            	3.16873244e+02
1712            	3.16873302e+02
1713            	3.16873363e+02
1714            	3.16873423e+02
1715            	3.16873471e+02
1716            	3.16873522e+02
1717            	3.16873571e+02
1718            	3.16873613e+02
1719            	3.16873648e+02
1720            	3.16873673e+02
1721            	3.16873686e+02
1722            	3.16873687e+02
1723            	3.16873689e+02
1724            	3.16873682e+02
1725            	3.16873667e+02
1726            	3.16873643e+02
1727            	3.16873630e+02
1728            	3.16873621e+02
1729            	3.16873609e+02
1730            	3.16873595e+02
1731            	3.16873575e+02
1732            	3.16873550e+02
1733            	3.16873514e+02
1734            	3.16873472e+02
1735            	3.16873421e+02
1736            	3.16873360e+02
1737            	3.16873291e+02
1738            	3.16873237e+02
1739            	3.16873166e+02
1740            	3.16873093e+02
1741            	3.16873029e+02
1742            	3.16872978e+02
1743            	3.16872940e+02
1744            	3.16872918e+02
1745            	3.16872916e+02
1746            	3.16872932e+02
1747            	3.16872960e+02
1748            	3.16872999e+02
1749            	3.16873033e+02
1750            	3.16873064e+02
1751            	3.16873095e+02
1752            	3.16873122e+02
1753            	3.16873152e+02
1754            	3.16873181e+02
1755            	3.16873205e+02
1756            	3.16873228e+02
1757            	3.16873263e+02
1758            	3.16873288e+02
1759            	3.16873310e+02
1760            	3.16873336e+02
1761            	3.16873363e+02
1762            	3.16873389e+02
1763            	3.16873412e+02
1764            	3.16873429e+02
1765            	3.16873442e+02
1766            	3.16873450e+02
1767            	3.16873452e+02
1768            	3.16873447e+02
1769            	3.16873436e+02
1770            	3.16873420e+02
1771            	3.16873384e+02
1772            	3.16873354e+02
1773            	3.16873321e+02
1774            	3.16873280e+02
1775            	3.16873229e+02
1776            	3.16873174e+02
1777            	3.16873117e+02
1778            	3.16873060e+02
1779            	3.16873005e+02
1780            	3.16872952e+02
1781            	3.16872903e+02
1782            	3.16872860e+02
1783            	3.16872823e+02
1784            	3.16872794e+02
1785            	3.16872776e+02
1786            	3.16872769e+02
1787            	3.16872778e+02
1788            	3.16872800e+02
1789            	3.16872827e+02
1790            	3.16872872e+02
1791            	3.16872929e+02
1792            	3.16872986e+02
1793            	3.16873050e+02
1794            	3.16873114e+02
1795            	3.16873177e+02
1796            	3.16873236e+02
1797            	3.16873292e+02
1798            	3.16873341e+02
1799            	3.16873380e+02
1800            	3.16873415e+02
1801            	3.16873442e+02
1802            	3.16873472e+02
1803            	3.16873503e+02
1804            	3.16873533e+02
1805            	3.16873562e+02
1806            	3.16873590e+02
1807            	3.16873615e+02
1808            	3.16873643e+02
1809            	3.16873665e+02
1810            	3.16873682e+02
1811            	3.16873694e+02
1812            	3.16873703e+02
1813            	3.16873707e+02
1814            	3.16873703e+02
1815            	3.16873695e+02
1816            	3.16873679e+02
1817            	3.16873666e+02
1818            	3.16873652e+02
1819            	3.16873638e+02
1820            	3.16873621e+02
1821            	3.16873600e+02
1822            	3.16873574e+02
1823            	3.16873543e+02
1824            	3.16873505e+02
1825            	3.16873463e+02
1826            	3.16873419e+02
1827            	3.16873372e+02
1828            	3.16873324e+02
1829            	3.16873277e+02
1830            	3.16873234e+02
1831            	3.16873195e+02
1832            	3.16873155e+02
1833            	3.16873124e+02
1834            	3.16873098e+02
1835            	3.16873076e+02
1836            	3.16873061e+02
1837            	3.16873056e+02
1838            	3.16873062e+02
1839            	3.16873077e+02
1840            	3.16873103e+02
1841            	3.16873147e+02
1842            	3.16873199e+02
1843            	3.16873260e+02
1844            	3.16873332e+02
1845            	3.16873390e+02
1846            	3.16873463e+02
1847            	3.16873540e+02
1848            	3.16873609e+02
1849            	3.16873667e+02
1850            	3.16873714e+02
1851            	3.16873750e+02
1852            	3.16873771e+02
1853            	3.16873778e+02
1854            	3.16873770e+02
1855            	3.16873748e+02
1856            	3.16873721e+02
1857            	3.16873690e+02
1858            	3.16873654e+02
1859            	3.16873619e+02
1860            	3.16873584e+02
1861            	3.16873547e+02
1862            	3.16873506e+02
1863            	3.16873458e+02
1864            	3.16873404e+02
1865            	3.16873346e+02
1866            	3.16873297e+02
1867            	3.16873238e+02
1868            	3.16873181e+02
1869            	3.16873127e+02
1870            	3.16873081e+02
1871            	3.16873044e+02
1872            	3.16873016e+02
1873            	3.16872999e+02
1874            	3.16872993e+02
1875            	3.16872997e+02
1876            	3.16873009e+02
1877            	3.16873031e+02
1878            	3.16873058e+02
1879            	3.16873081e+02
1880            	3.16873100e+02
1881            	3.16873123e+02
1882            	3.16873137e+02
1883            	3.16873145e+02
1884            	3.16873149e+02
1885            	3.16873151e+02
1886            	3.16873154e+02
1887            	3.16873158e+02
1888            	3.16873164e+02
1889            	3.16873173e+02
1890            	3.16873185e+02
1891            	3.16873199e+02
1892            	3.16873213e+02
1893            	3.16873242e+02
1894            	3.16873259e+02
1895            	3.16873273e+02
1896            	3.16873286e+02
1897            	3.16873296e+02
1898            	3.16873288e+02
1899            	3.16873268e+02
1900            	3.16873246e+02
1901            	3.16873211e+02
1902            	3.16873161e+02
1903            	3.16873099e+02
1904            	3.16873030e+02
1905            	3.16872956e+02
1906            	3.16872876e+02
1907            	3.16872815e+02
1908            	3.16872749e+02
1909            	3.16872690e+02
1910            	3.16872637e+02
1911            	3.16872600e+02
1912            	3.16872585e+02
1913            	3.16872581e+02
1914            	3.16872587e+02
1915            	3.16872608e+02
1916            	3.16872636e+02
1917            	3.16872661e+02
1918            	3.16872672e+02
1919            	3.16872675e+02
1920            	3.16872678e+02
1921            	3.16872680e+02
1922            	3.16872691e+02
1923            	3.16872697e+02
1924            	3.16872708e+02
1925            	3.16872729e+02
1926            	3.16872761e+02
1927            	3.16872800e+02
1928            	3.16872844e+02
1929            	3.16872875e+02
1930            	3.16872915e+02
1931            	3.16872959e+02
1932            	3.16872995e+02
1933            	3.16873020e+02
1934            	3.16873040e+02
1935            	3.16873057e+02
1936            	3.16873070e+02
1937            	3.16873079e+02
1938            	3.16873076e+02
1939            	3.16873066e+02
1940            	3.16873064e+02
1941            	3.16873067e+02
1942            	3.16873073e+02
1943            	3.16873056e+02
1944            	3.16873060e+02
1945            	3.16873069e+02
1946            	3.16873071e+02
1947            	3.16873065e+02
1948            	3.16873045e+02
1949            	3.16873012e+02
1950            	3.16872971e+02
1951            	3.16872921e+02
1952            	3.16872862e+02
1953            	3.16872815e+02
1954            	3.16872756e+02
1955            	3.16872694e+02
1956            	3.16872636e+02
1957            	3.16872585e+02
1958            	3.16872545e+02
1959            	3.16872515e+02
1960            	3.16872497e+02
1961            	3.16872491e+02
1962            	3.16872493e+02
1963            	3.16872501e+02
1964            	3.16872512e+02
1965            	3.16872514e+02
1966            	3.16872513e+02
1967            	3.16872514e+02
1968            	3.16872518e+02
1969            	3.16872524e+02
1970            	3.16872537e+02
1971            	3.16872553e+02
1972            	3.16872574e+02
1973            	3.16872604e+02
1974            	3.16872639e+02
1975            	3.16872674e+02
1976            	3.16872712e+02
1977            	3.16872752e+02
1978            	3.16872792e+02
1979            	3.16872832e+02
1980            	3.16872870e+02
1981            	3.16872901e+02
1982            	3.16872927e+02
1983            	3.16872947e+02
1984            	3.16872956e+02
1985            	3.16872956e+02
1986            	3.16872947e+02
1987            	3.16872928e+02
1988            	3.16872901e+02
1989            	3.16872864e+02
1990            	3.16872829e+02
1991            	3.16872785e+02
1992            	3.16872733e+02
1993            	3.16872681e+02
1994            	3.16872633e+02
1995            	3.16872590e+02
1996            	3.16872549e+02
1997            	3.16872509e+02
1998            	3.16872472e+02
1999            	3.16872436e+02
2000            	3.16872404e+02
