/*--------------------------------*- C++ -*----------------------------------*\
| =========                 |                                                 |
| \\      /  F ield         | OpenFOAM: The Open Source CFD Toolbox           |
|  \\    /   O peration     | Version:  2506                                  |
|   \\  /    A nd           | Website:  www.openfoam.com                      |
|    \\/     M anipulation  |                                                 |
\*---------------------------------------------------------------------------*/
FoamFile
{
    version     2.0;
    format      binary;
    arch        "LSB;label=32;scalar=64";
    class       faceSet;
    location    "constant/polyMesh/sets";
    object      walls;
}
// * * * * * * * * * * * * * * * * * * * * * * * * * * * * * * * * * * * * * //


594
(
2061
2064
2069
2086
2089
2106
2109
2112
2116
2123
2136
2142
2169
2170
2172
2176
2180
2182
2184
2199
2204
2210
2212
2215
2230
2233
2235
2237
2241
2244
2247
2252
2261
2269
2272
2277
229
2278
230
2280
2282
2284
2285
2287
2288
2290
2297
2300
2302
2305
260
261
2310
2312
2315
2317
2318
2320
2321
2323
276
2325
2326
2328
280
2330
298
2349
2350
302
2353
2360
312
2363
2364
323
327
334
335
338
2394
352
355
2404
361
2414
2416
371
386
393
397
401
405
2454
407
409
411
412
415
417
2473
2475
2478
2482
434
437
440
443
445
448
2499
452
2502
455
459
462
465
467
469
471
473
475
477
2527
480
2530
482
484
2533
2536
488
2539
2542
2543
499
500
503
506
510
514
518
521
525
528
530
533
535
537
539
541
543
2593
545
547
2596
549
2609
561
563
2612
2614
566
2616
2618
2620
2621
2622
574
2623
2624
585
587
589
591
594
597
601
602
604
607
610
613
615
617
618
620
622
625
626
629
2679
631
2680
633
635
2685
638
2688
641
2691
2692
644
646
649
651
654
657
659
661
663
665
667
2717
670
2720
673
2722
675
678
680
682
684
2733
685
687
689
690
691
692
695
698
699
700
701
702
703
705
706
2755
707
708
711
2761
713
715
2764
717
719
721
2771
723
726
727
2776
730
733
735
2784
738
741
743
746
749
750
2799
753
755
2804
756
757
758
759
760
761
2810
762
765
767
770
771
772
773
777
781
2830
783
784
2833
786
789
2839
792
2841
794
795
797
2848
800
2849
802
2852
805
2854
2855
807
2856
809
812
2861
813
2863
816
2865
818
820
822
2872
2873
825
2874
2875
827
828
830
2880
832
833
835
837
2887
839
840
2889
841
842
2892
844
845
846
2895
849
2898
851
2900
854
855
858
861
2910
864
866
869
872
875
878
880
882
885
888
891
892
895
897
900
901
2951
904
905
2954
2955
907
909
2958
910
912
2961
2962
914
916
919
921
922
923
925
2977
929
932
2984
936
939
2988
942
945
948
2997
950
953
956
957
961
962
968
969
970
971
972
973
974
975
976
980
983
986
987
988
994
995
997
1014
1016
1021
1024
1027
1030
1033
1037
1039
1043
1046
1049
1052
1053
3103
1062
1066
1069
1073
1076
1080
1083
1087
1090
1092
3141
1095
1096
1098
1101
1103
1106
1108
1110
3159
1112
3163
1122
1126
1130
1133
1136
3185
3187
1139
3190
1142
3193
1145
3195
1147
3199
3208
3212
1167
3216
1169
3219
3226
1179
3229
1181
1182
1183
1192
1196
1198
3251
1203
3253
3257
1210
3259
3262
3266
1218
3268
3279
3285
3293
3305
3309
3311
3326
3333
3334
3344
3370
1342
3392
1354
1355
3406
3407
1374
1377
1378
1381
1384
1393
1396
1401
3450
1402
3452
1404
3453
1406
1409
1410
3467
3473
3481
3484
3487
3490
3494
3496
3497
3498
1456
1482
1499
1509
1519
1523
1531
1545
1549
1552
1567
1570
1579
1595
1597
1629
1632
1664
1666
1668
1670
1701
1705
1706
1708
1720
1722
1723
1725
1726
1734
1737
1743
1746
1747
1753
1760
1775
1779
1781
1928
1936
1938
1939
1942
1943
1946
1953
1957
1958
1960
1961
2016
2019
2028
2044
)


// ************************************************************************* //
