# Region        : cellZone component_0
# Cells         : 89
# Volume        : 1.78828356e-01
# Time          	volAverage(T)
1               	3.00274843e+02
2               	3.00545721e+02
3               	3.00799053e+02
4               	3.01040672e+02
5               	3.01275693e+02
6               	3.01505803e+02
7               	3.01732056e+02
8               	3.01955279e+02
9               	3.02176095e+02
10              	3.02395932e+02
11              	3.02614588e+02
12              	3.02831417e+02
13              	3.03045954e+02
14              	3.03258151e+02
15              	3.03467754e+02
16              	3.03675004e+02
17              	3.03879000e+02
18              	3.04079229e+02
19              	3.04275309e+02
20              	3.04467302e+02
21              	3.04655561e+02
22              	3.04841124e+02
23              	3.05024342e+02
24              	3.05205198e+02
25              	3.05382558e+02
26              	3.05556115e+02
27              	3.05725341e+02
28              	3.05889845e+02
29              	3.06048716e+02
30              	3.06201955e+02
31              	3.06350177e+02
32              	3.06493365e+02
33              	3.06631281e+02
34              	3.06764352e+02
35              	3.06893294e+02
36              	3.07017993e+02
37              	3.07138534e+02
38              	3.07254357e+02
39              	3.07365907e+02
40              	3.07472207e+02
41              	3.07574255e+02
42              	3.07673273e+02
43              	3.07768493e+02
44              	3.07859579e+02
45              	3.07946440e+02
46              	3.08030463e+02
47              	3.08111202e+02
48              	3.08189032e+02
49              	3.08263695e+02
50              	3.08334218e+02
51              	3.08402309e+02
52              	3.08466246e+02
53              	3.08529789e+02
54              	3.08592145e+02
55              	3.08652339e+02
56              	3.08710027e+02
57              	3.08765547e+02
58              	3.08818089e+02
59              	3.08869687e+02
60              	3.08918664e+02
61              	3.08966976e+02
62              	3.09013375e+02
63              	3.09056197e+02
64              	3.09098780e+02
65              	3.09142051e+02
66              	3.09183373e+02
67              	3.09223488e+02
68              	3.09264015e+02
69              	3.09303489e+02
70              	3.09341024e+02
71              	3.09376291e+02
72              	3.09410381e+02
73              	3.09442572e+02
74              	3.09473061e+02
75              	3.09502958e+02
76              	3.09533571e+02
77              	3.09564657e+02
78              	3.09594722e+02
79              	3.09625635e+02
80              	3.09657208e+02
81              	3.09687584e+02
82              	3.09717462e+02
83              	3.09745243e+02
84              	3.09770017e+02
85              	3.09792882e+02
86              	3.09813158e+02
87              	3.09831361e+02
88              	3.09848018e+02
89              	3.09865619e+02
90              	3.09885533e+02
91              	3.09906711e+02
92              	3.09928990e+02
93              	3.09953171e+02
94              	3.09973650e+02
95              	3.09994325e+02
96              	3.10014533e+02
97              	3.10031872e+02
98              	3.10045580e+02
99              	3.10058216e+02
100             	3.10068636e+02
101             	3.10077705e+02
102             	3.10086342e+02
103             	3.10098318e+02
104             	3.10112362e+02
105             	3.10125245e+02
106             	3.10137702e+02
107             	3.10152916e+02
108             	3.10168734e+02
109             	3.10184389e+02
110             	3.10196389e+02
111             	3.10207694e+02
112             	3.10217312e+02
113             	3.10225534e+02
114             	3.10234179e+02
115             	3.10241730e+02
116             	3.10248961e+02
117             	3.10257214e+02
118             	3.10265823e+02
119             	3.10275703e+02
120             	3.10285650e+02
121             	3.10295692e+02
122             	3.10306280e+02
123             	3.10316438e+02
124             	3.10326178e+02
125             	3.10335164e+02
126             	3.10343318e+02
127             	3.10350916e+02
128             	3.10358014e+02
129             	3.10364805e+02
130             	3.10371181e+02
131             	3.10377292e+02
132             	3.10383887e+02
133             	3.10390176e+02
134             	3.10396347e+02
135             	3.10402307e+02
136             	3.10408211e+02
137             	3.10414087e+02
138             	3.10419955e+02
139             	3.10425833e+02
140             	3.10431270e+02
141             	3.10436497e+02
142             	3.10441764e+02
143             	3.10446786e+02
144             	3.10451423e+02
145             	3.10456095e+02
146             	3.10460422e+02
147             	3.10464652e+02
148             	3.10468981e+02
149             	3.10473366e+02
150             	3.10477762e+02
151             	3.10482130e+02
152             	3.10486617e+02
153             	3.10490952e+02
154             	3.10495150e+02
155             	3.10499250e+02
156             	3.10503430e+02
157             	3.10507664e+02
158             	3.10511903e+02
159             	3.10516106e+02
160             	3.10520315e+02
161             	3.10524296e+02
162             	3.10528084e+02
163             	3.10531854e+02
164             	3.10535390e+02
165             	3.10538792e+02
166             	3.10541904e+02
167             	3.10544963e+02
168             	3.10547928e+02
169             	3.10550867e+02
170             	3.10553742e+02
171             	3.10556637e+02
172             	3.10559549e+02
173             	3.10562507e+02
174             	3.10565467e+02
175             	3.10568424e+02
176             	3.10571258e+02
177             	3.10574040e+02
178             	3.10576707e+02
179             	3.10579220e+02
180             	3.10581604e+02
181             	3.10583948e+02
182             	3.10586181e+02
183             	3.10588364e+02
184             	3.10590510e+02
185             	3.10592731e+02
186             	3.10594929e+02
187             	3.10597106e+02
188             	3.10599272e+02
189             	3.10601434e+02
190             	3.10603578e+02
191             	3.10605594e+02
192             	3.10607532e+02
193             	3.10609336e+02
194             	3.10611069e+02
195             	3.10612668e+02
196             	3.10614204e+02
197             	3.10615666e+02
198             	3.10617189e+02
199             	3.10618682e+02
200             	3.10620177e+02
201             	3.10621743e+02
202             	3.10623459e+02
203             	3.10625111e+02
204             	3.10626779e+02
205             	3.10628340e+02
206             	3.10629759e+02
207             	3.10631174e+02
208             	3.10632537e+02
209             	3.10633718e+02
210             	3.10634760e+02
211             	3.10635778e+02
212             	3.10636762e+02
213             	3.10637745e+02
214             	3.10638797e+02
215             	3.10639940e+02
216             	3.10641078e+02
217             	3.10642160e+02
218             	3.10643159e+02
219             	3.10644103e+02
220             	3.10645075e+02
221             	3.10645932e+02
222             	3.10646691e+02
223             	3.10647458e+02
224             	3.10648249e+02
225             	3.10649003e+02
226             	3.10649758e+02
227             	3.10650516e+02
228             	3.10651370e+02
229             	3.10652225e+02
230             	3.10652993e+02
231             	3.10653684e+02
232             	3.10654371e+02
233             	3.10654978e+02
234             	3.10655496e+02
235             	3.10655943e+02
236             	3.10656425e+02
237             	3.10656892e+02
238             	3.10657380e+02
239             	3.10657831e+02
240             	3.10658374e+02
241             	3.10658910e+02
242             	3.10659417e+02
243             	3.10659885e+02
244             	3.10660418e+02
245             	3.10660912e+02
246             	3.10661323e+02
247             	3.10661652e+02
248             	3.10662055e+02
249             	3.10662398e+02
250             	3.10662682e+02
251             	3.10662940e+02
252             	3.10663259e+02
253             	3.10663564e+02
254             	3.10663827e+02
255             	3.10664063e+02
256             	3.10664365e+02
257             	3.10664641e+02
258             	3.10664882e+02
259             	3.10665082e+02
260             	3.10665331e+02
261             	3.10665556e+02
262             	3.10665731e+02
263             	3.10665863e+02
264             	3.10666055e+02
265             	3.10666233e+02
266             	3.10666368e+02
267             	3.10666472e+02
268             	3.10666641e+02
269             	3.10666800e+02
270             	3.10666933e+02
271             	3.10667040e+02
272             	3.10667204e+02
273             	3.10667367e+02
274             	3.10667493e+02
275             	3.10667579e+02
276             	3.10667724e+02
277             	3.10667842e+02
278             	3.10667903e+02
279             	3.10667914e+02
280             	3.10668004e+02
281             	3.10668105e+02
282             	3.10668155e+02
283             	3.10668174e+02
284             	3.10668263e+02
285             	3.10668366e+02
286             	3.10668442e+02
287             	3.10668464e+02
288             	3.10668540e+02
289             	3.10668601e+02
290             	3.10668611e+02
291             	3.10668562e+02
292             	3.10668574e+02
293             	3.10668566e+02
294             	3.10668517e+02
295             	3.10668441e+02
296             	3.10668436e+02
297             	3.10668432e+02
298             	3.10668399e+02
299             	3.10668344e+02
300             	3.10668368e+02
301             	3.10668381e+02
302             	3.10668361e+02
303             	3.10668312e+02
304             	3.10668336e+02
305             	3.10668347e+02
306             	3.10668312e+02
307             	3.10668239e+02
308             	3.10668233e+02
309             	3.10668215e+02
310             	3.10668156e+02
311             	3.10668062e+02
312             	3.10668031e+02
313             	3.10667989e+02
314             	3.10667911e+02
315             	3.10667802e+02
316             	3.10667767e+02
317             	3.10667737e+02
318             	3.10667677e+02
319             	3.10667594e+02
320             	3.10667592e+02
321             	3.10667587e+02
322             	3.10667547e+02
323             	3.10667467e+02
324             	3.10667451e+02
325             	3.10667421e+02
326             	3.10667340e+02
327             	3.10667219e+02
328             	3.10667170e+02
329             	3.10667103e+02
330             	3.10666997e+02
331             	3.10666868e+02
332             	3.10666815e+02
333             	3.10666764e+02
334             	3.10666688e+02
335             	3.10666575e+02
336             	3.10666532e+02
337             	3.10666486e+02
338             	3.10666401e+02
339             	3.10666281e+02
340             	3.10666236e+02
341             	3.10666188e+02
342             	3.10666098e+02
343             	3.10665984e+02
344             	3.10665948e+02
345             	3.10665895e+02
346             	3.10665804e+02
347             	3.10665688e+02
348             	3.10665640e+02
349             	3.10665574e+02
350             	3.10665464e+02
351             	3.10665337e+02
352             	3.10665285e+02
353             	3.10665223e+02
354             	3.10665134e+02
355             	3.10665015e+02
356             	3.10664976e+02
357             	3.10664928e+02
358             	3.10664853e+02
359             	3.10664747e+02
360             	3.10664703e+02
361             	3.10664651e+02
362             	3.10664563e+02
363             	3.10664440e+02
364             	3.10664385e+02
365             	3.10664323e+02
366             	3.10664228e+02
367             	3.10664106e+02
368             	3.10664049e+02
369             	3.10663985e+02
370             	3.10663887e+02
371             	3.10663761e+02
372             	3.10663703e+02
373             	3.10663644e+02
374             	3.10663542e+02
375             	3.10663411e+02
376             	3.10663356e+02
377             	3.10663298e+02
378             	3.10663206e+02
379             	3.10663090e+02
380             	3.10663037e+02
381             	3.10662983e+02
382             	3.10662895e+02
383             	3.10662777e+02
384             	3.10662726e+02
385             	3.10662667e+02
386             	3.10662572e+02
387             	3.10662445e+02
388             	3.10662396e+02
389             	3.10662339e+02
390             	3.10662249e+02
391             	3.10662135e+02
392             	3.10662095e+02
393             	3.10662052e+02
394             	3.10661982e+02
395             	3.10661886e+02
396             	3.10661861e+02
397             	3.10661828e+02
398             	3.10661756e+02
399             	3.10661652e+02
400             	3.10661619e+02
401             	3.10661574e+02
402             	3.10661492e+02
403             	3.10661379e+02
404             	3.10661335e+02
405             	3.10661286e+02
406             	3.10661205e+02
407             	3.10661094e+02
408             	3.10661053e+02
409             	3.10661007e+02
410             	3.10660929e+02
411             	3.10660823e+02
412             	3.10660787e+02
413             	3.10660748e+02
414             	3.10660677e+02
415             	3.10660578e+02
416             	3.10660554e+02
417             	3.10660523e+02
418             	3.10660458e+02
419             	3.10660370e+02
420             	3.10660354e+02
421             	3.10660327e+02
422             	3.10660262e+02
423             	3.10660167e+02
424             	3.10660142e+02
425             	3.10660108e+02
426             	3.10660037e+02
427             	3.10659938e+02
428             	3.10659907e+02
429             	3.10659872e+02
430             	3.10659807e+02
431             	3.10659715e+02
432             	3.10659696e+02
433             	3.10659668e+02
434             	3.10659609e+02
435             	3.10659526e+02
436             	3.10659508e+02
437             	3.10659484e+02
438             	3.10659425e+02
439             	3.10659339e+02
440             	3.10659328e+02
441             	3.10659310e+02
442             	3.10659257e+02
443             	3.10659181e+02
444             	3.10659176e+02
445             	3.10659164e+02
446             	3.10659113e+02
447             	3.10659032e+02
448             	3.10659023e+02
449             	3.10659004e+02
450             	3.10658947e+02
451             	3.10658857e+02
452             	3.10658834e+02
453             	3.10658805e+02
454             	3.10658744e+02
455             	3.10658656e+02
456             	3.10658641e+02
457             	3.10658623e+02
458             	3.10658576e+02
459             	3.10658503e+02
460             	3.10658497e+02
461             	3.10658489e+02
462             	3.10658446e+02
463             	3.10658374e+02
464             	3.10658371e+02
465             	3.10658359e+02
466             	3.10658313e+02
467             	3.10658237e+02
468             	3.10658231e+02
469             	3.10658216e+02
470             	3.10658165e+02
471             	3.10658083e+02
472             	3.10658073e+02
473             	3.10658056e+02
474             	3.10658002e+02
475             	3.10657922e+02
476             	3.10657911e+02
477             	3.10657896e+02
478             	3.10657852e+02
479             	3.10657782e+02
480             	3.10657783e+02
481             	3.10657782e+02
482             	3.10657748e+02
483             	3.10657687e+02
484             	3.10657689e+02
485             	3.10657686e+02
486             	3.10657646e+02
487             	3.10657574e+02
488             	3.10657569e+02
489             	3.10657556e+02
490             	3.10657507e+02
491             	3.10657429e+02
492             	3.10657421e+02
493             	3.10657405e+02
494             	3.10657352e+02
495             	3.10657274e+02
496             	3.10657266e+02
497             	3.10657252e+02
498             	3.10657204e+02
499             	3.10657132e+02
500             	3.10657127e+02
501             	3.10657122e+02
502             	3.10657087e+02
503             	3.10657028e+02
504             	3.10657035e+02
505             	3.10657040e+02
506             	3.10657014e+02
507             	3.10656953e+02
508             	3.10656962e+02
509             	3.10656962e+02
510             	3.10656924e+02
511             	3.10656854e+02
512             	3.10656856e+02
513             	3.10656849e+02
514             	3.10656808e+02
515             	3.10656739e+02
516             	3.10656742e+02
517             	3.10656737e+02
518             	3.10656699e+02
519             	3.10656631e+02
520             	3.10656636e+02
521             	3.10656634e+02
522             	3.10656598e+02
523             	3.10656533e+02
524             	3.10656534e+02
525             	3.10656531e+02
526             	3.10656498e+02
527             	3.10656436e+02
528             	3.10656444e+02
529             	3.10656448e+02
530             	3.10656418e+02
531             	3.10656360e+02
532             	3.10656371e+02
533             	3.10656376e+02
534             	3.10656344e+02
535             	3.10656285e+02
536             	3.10656296e+02
537             	3.10656300e+02
538             	3.10656270e+02
539             	3.10656212e+02
540             	3.10656222e+02
541             	3.10656225e+02
542             	3.10656187e+02
543             	3.10656121e+02
544             	3.10656126e+02
545             	3.10656124e+02
546             	3.10656084e+02
547             	3.10656017e+02
548             	3.10656018e+02
549             	3.10656016e+02
550             	3.10655985e+02
551             	3.10655929e+02
552             	3.10655941e+02
553             	3.10655949e+02
554             	3.10655925e+02
555             	3.10655871e+02
556             	3.10655884e+02
557             	3.10655890e+02
558             	3.10655859e+02
559             	3.10655798e+02
560             	3.10655806e+02
561             	3.10655807e+02
562             	3.10655775e+02
563             	3.10655715e+02
564             	3.10655727e+02
565             	3.10655730e+02
566             	3.10655697e+02
567             	3.10655635e+02
568             	3.10655644e+02
569             	3.10655646e+02
570             	3.10655612e+02
571             	3.10655550e+02
572             	3.10655553e+02
573             	3.10655551e+02
574             	3.10655519e+02
575             	3.10655459e+02
576             	3.10655467e+02
577             	3.10655470e+02
578             	3.10655444e+02
579             	3.10655389e+02
580             	3.10655402e+02
581             	3.10655409e+02
582             	3.10655381e+02
583             	3.10655324e+02
584             	3.10655336e+02
585             	3.10655340e+02
586             	3.10655311e+02
587             	3.10655254e+02
588             	3.10655266e+02
589             	3.10655273e+02
590             	3.10655242e+02
591             	3.10655183e+02
592             	3.10655196e+02
593             	3.10655202e+02
594             	3.10655172e+02
595             	3.10655113e+02
596             	3.10655121e+02
597             	3.10655125e+02
598             	3.10655096e+02
599             	3.10655039e+02
600             	3.10655049e+02
601             	3.10655054e+02
602             	3.10655024e+02
603             	3.10654965e+02
604             	3.10654971e+02
605             	3.10654976e+02
606             	3.10654947e+02
607             	3.10654889e+02
608             	3.10654903e+02
609             	3.10654912e+02
610             	3.10654892e+02
611             	3.10654842e+02
612             	3.10654865e+02
613             	3.10654881e+02
614             	3.10654860e+02
615             	3.10654808e+02
616             	3.10654825e+02
617             	3.10654833e+02
618             	3.10654804e+02
619             	3.10654748e+02
620             	3.10654757e+02
621             	3.10654760e+02
622             	3.10654733e+02
623             	3.10654679e+02
624             	3.10654693e+02
625             	3.10654704e+02
626             	3.10654684e+02
627             	3.10654634e+02
628             	3.10654650e+02
629             	3.10654660e+02
630             	3.10654634e+02
631             	3.10654580e+02
632             	3.10654593e+02
633             	3.10654600e+02
634             	3.10654574e+02
635             	3.10654520e+02
636             	3.10654537e+02
637             	3.10654546e+02
638             	3.10654518e+02
639             	3.10654465e+02
640             	3.10654483e+02
641             	3.10654493e+02
642             	3.10654467e+02
643             	3.10654416e+02
644             	3.10654433e+02
645             	3.10654445e+02
646             	3.10654428e+02
647             	3.10654382e+02
648             	3.10654405e+02
649             	3.10654424e+02
650             	3.10654410e+02
651             	3.10654365e+02
652             	3.10654386e+02
653             	3.10654399e+02
654             	3.10654377e+02
655             	3.10654325e+02
656             	3.10654342e+02
657             	3.10654351e+02
658             	3.10654326e+02
659             	3.10654276e+02
660             	3.10654294e+02
661             	3.10654306e+02
662             	3.10654280e+02
663             	3.10654226e+02
664             	3.10654243e+02
665             	3.10654253e+02
666             	3.10654229e+02
667             	3.10654177e+02
668             	3.10654191e+02
669             	3.10654203e+02
670             	3.10654183e+02
671             	3.10654139e+02
672             	3.10654165e+02
673             	3.10654187e+02
674             	3.10654180e+02
675             	3.10654145e+02
676             	3.10654175e+02
677             	3.10654200e+02
678             	3.10654190e+02
679             	3.10654150e+02
680             	3.10654179e+02
681             	3.10654202e+02
682             	3.10654189e+02
683             	3.10654147e+02
684             	3.10654173e+02
685             	3.10654189e+02
686             	3.10654169e+02
687             	3.10654115e+02
688             	3.10654130e+02
689             	3.10654141e+02
690             	3.10654114e+02
691             	3.10654061e+02
692             	3.10654075e+02
693             	3.10654086e+02
694             	3.10654070e+02
695             	3.10654031e+02
696             	3.10654063e+02
697             	3.10654093e+02
698             	3.10654091e+02
699             	3.10654057e+02
700             	3.10654090e+02
701             	3.10654113e+02
702             	3.10654097e+02
703             	3.10654051e+02
704             	3.10654067e+02
705             	3.10654080e+02
706             	3.10654055e+02
707             	3.10654012e+02
708             	3.10654039e+02
709             	3.10654055e+02
710             	3.10654043e+02
711             	3.10654003e+02
712             	3.10654034e+02
713             	3.10654059e+02
714             	3.10654047e+02
715             	3.10654012e+02
716             	3.10654033e+02
717             	3.10654049e+02
718             	3.10654038e+02
719             	3.10653998e+02
720             	3.10654023e+02
721             	3.10654043e+02
722             	3.10654034e+02
723             	3.10653997e+02
724             	3.10654022e+02
725             	3.10654041e+02
726             	3.10654027e+02
727             	3.10653984e+02
728             	3.10654005e+02
729             	3.10654019e+02
730             	3.10654004e+02
731             	3.10653957e+02
732             	3.10653977e+02
733             	3.10653988e+02
734             	3.10653962e+02
735             	3.10653910e+02
736             	3.10653927e+02
737             	3.10653936e+02
738             	3.10653913e+02
739             	3.10653860e+02
740             	3.10653875e+02
741             	3.10653887e+02
742             	3.10653873e+02
743             	3.10653831e+02
744             	3.10653855e+02
745             	3.10653876e+02
746             	3.10653870e+02
747             	3.10653833e+02
748             	3.10653863e+02
749             	3.10653884e+02
750             	3.10653872e+02
751             	3.10653832e+02
752             	3.10653860e+02
753             	3.10653876e+02
754             	3.10653861e+02
755             	3.10653818e+02
756             	3.10653840e+02
757             	3.10653856e+02
758             	3.10653834e+02
759             	3.10653782e+02
760             	3.10653798e+02
761             	3.10653804e+02
762             	3.10653777e+02
763             	3.10653717e+02
764             	3.10653722e+02
765             	3.10653722e+02
766             	3.10653696e+02
767             	3.10653637e+02
768             	3.10653649e+02
769             	3.10653661e+02
770             	3.10653647e+02
771             	3.10653605e+02
772             	3.10653635e+02
773             	3.10653662e+02
774             	3.10653657e+02
775             	3.10653620e+02
776             	3.10653644e+02
777             	3.10653666e+02
778             	3.10653646e+02
779             	3.10653587e+02
780             	3.10653596e+02
781             	3.10653593e+02
782             	3.10653556e+02
783             	3.10653486e+02
784             	3.10653497e+02
785             	3.10653502e+02
786             	3.10653481e+02
787             	3.10653440e+02
788             	3.10653462e+02
789             	3.10653487e+02
790             	3.10653483e+02
791             	3.10653450e+02
792             	3.10653482e+02
793             	3.10653507e+02
794             	3.10653488e+02
795             	3.10653440e+02
796             	3.10653463e+02
797             	3.10653473e+02
798             	3.10653451e+02
799             	3.10653402e+02
800             	3.10653420e+02
801             	3.10653439e+02
802             	3.10653430e+02
803             	3.10653399e+02
804             	3.10653438e+02
805             	3.10653465e+02
806             	3.10653453e+02
807             	3.10653413e+02
808             	3.10653438e+02
809             	3.10653451e+02
810             	3.10653427e+02
811             	3.10653380e+02
812             	3.10653396e+02
813             	3.10653406e+02
814             	3.10653389e+02
815             	3.10653352e+02
816             	3.10653381e+02
817             	3.10653411e+02
818             	3.10653403e+02
819             	3.10653366e+02
820             	3.10653391e+02
821             	3.10653407e+02
822             	3.10653388e+02
823             	3.10653334e+02
824             	3.10653346e+02
825             	3.10653357e+02
826             	3.10653341e+02
827             	3.10653304e+02
828             	3.10653342e+02
829             	3.10653380e+02
830             	3.10653382e+02
831             	3.10653357e+02
832             	3.10653407e+02
833             	3.10653443e+02
834             	3.10653441e+02
835             	3.10653417e+02
836             	3.10653446e+02
837             	3.10653466e+02
838             	3.10653450e+02
839             	3.10653407e+02
840             	3.10653432e+02
841             	3.10653448e+02
842             	3.10653436e+02
843             	3.10653394e+02
844             	3.10653416e+02
845             	3.10653434e+02
846             	3.10653422e+02
847             	3.10653385e+02
848             	3.10653412e+02
849             	3.10653438e+02
850             	3.10653432e+02
851             	3.10653403e+02
852             	3.10653445e+02
853             	3.10653480e+02
854             	3.10653478e+02
855             	3.10653449e+02
856             	3.10653491e+02
857             	3.10653526e+02
858             	3.10653521e+02
859             	3.10653491e+02
860             	3.10653526e+02
861             	3.10653553e+02
862             	3.10653547e+02
863             	3.10653510e+02
864             	3.10653539e+02
865             	3.10653561e+02
866             	3.10653547e+02
867             	3.10653502e+02
868             	3.10653521e+02
869             	3.10653535e+02
870             	3.10653520e+02
871             	3.10653485e+02
872             	3.10653518e+02
873             	3.10653543e+02
874             	3.10653548e+02
875             	3.10653527e+02
876             	3.10653568e+02
877             	3.10653606e+02
878             	3.10653606e+02
879             	3.10653574e+02
880             	3.10653606e+02
881             	3.10653623e+02
882             	3.10653606e+02
883             	3.10653566e+02
884             	3.10653585e+02
885             	3.10653599e+02
886             	3.10653588e+02
887             	3.10653550e+02
888             	3.10653576e+02
889             	3.10653599e+02
890             	3.10653596e+02
891             	3.10653571e+02
892             	3.10653601e+02
893             	3.10653624e+02
894             	3.10653617e+02
895             	3.10653586e+02
896             	3.10653614e+02
897             	3.10653634e+02
898             	3.10653626e+02
899             	3.10653597e+02
900             	3.10653626e+02
901             	3.10653646e+02
902             	3.10653636e+02
903             	3.10653603e+02
904             	3.10653628e+02
905             	3.10653644e+02
906             	3.10653630e+02
907             	3.10653594e+02
908             	3.10653616e+02
909             	3.10653630e+02
910             	3.10653618e+02
911             	3.10653585e+02
912             	3.10653608e+02
913             	3.10653629e+02
914             	3.10653621e+02
915             	3.10653591e+02
916             	3.10653621e+02
917             	3.10653644e+02
918             	3.10653639e+02
919             	3.10653611e+02
920             	3.10653637e+02
921             	3.10653660e+02
922             	3.10653654e+02
923             	3.10653624e+02
924             	3.10653649e+02
925             	3.10653668e+02
926             	3.10653653e+02
927             	3.10653613e+02
928             	3.10653633e+02
929             	3.10653647e+02
930             	3.10653632e+02
931             	3.10653597e+02
932             	3.10653620e+02
933             	3.10653641e+02
934             	3.10653636e+02
935             	3.10653610e+02
936             	3.10653644e+02
937             	3.10653673e+02
938             	3.10653675e+02
939             	3.10653652e+02
940             	3.10653687e+02
941             	3.10653714e+02
942             	3.10653707e+02
943             	3.10653677e+02
944             	3.10653704e+02
945             	3.10653722e+02
946             	3.10653709e+02
947             	3.10653681e+02
948             	3.10653708e+02
949             	3.10653727e+02
950             	3.10653715e+02
951             	3.10653681e+02
952             	3.10653708e+02
953             	3.10653729e+02
954             	3.10653721e+02
955             	3.10653690e+02
956             	3.10653713e+02
957             	3.10653731e+02
958             	3.10653723e+02
959             	3.10653692e+02
960             	3.10653718e+02
961             	3.10653737e+02
962             	3.10653727e+02
963             	3.10653698e+02
964             	3.10653724e+02
965             	3.10653743e+02
966             	3.10653735e+02
967             	3.10653706e+02
968             	3.10653736e+02
969             	3.10653758e+02
970             	3.10653755e+02
971             	3.10653730e+02
972             	3.10653764e+02
973             	3.10653790e+02
974             	3.10653785e+02
975             	3.10653756e+02
976             	3.10653782e+02
977             	3.10653803e+02
978             	3.10653793e+02
979             	3.10653760e+02
980             	3.10653783e+02
981             	3.10653799e+02
982             	3.10653789e+02
983             	3.10653758e+02
984             	3.10653785e+02
985             	3.10653809e+02
986             	3.10653806e+02
987             	3.10653780e+02
988             	3.10653812e+02
989             	3.10653839e+02
990             	3.10653836e+02
991             	3.10653811e+02
992             	3.10653843e+02
993             	3.10653868e+02
994             	3.10653866e+02
995             	3.10653842e+02
996             	3.10653876e+02
997             	3.10653902e+02
998             	3.10653896e+02
999             	3.10653867e+02
1000            	3.10653895e+02
1001            	3.10653916e+02
1002            	3.10653907e+02
1003            	3.10653876e+02
1004            	3.10653902e+02
1005            	3.10653922e+02
1006            	3.10653915e+02
1007            	3.10653886e+02
1008            	3.10653915e+02
1009            	3.10653939e+02
1010            	3.10653936e+02
1011            	3.10653911e+02
1012            	3.10653941e+02
1013            	3.10653966e+02
1014            	3.10653962e+02
1015            	3.10653935e+02
1016            	3.10653967e+02
1017            	3.10653993e+02
1018            	3.10653991e+02
1019            	3.10653969e+02
1020            	3.10654005e+02
1021            	3.10654033e+02
1022            	3.10654029e+02
1023            	3.10654001e+02
1024            	3.10654028e+02
1025            	3.10654051e+02
1026            	3.10654039e+02
1027            	3.10654005e+02
1028            	3.10654029e+02
1029            	3.10654046e+02
1030            	3.10654035e+02
1031            	3.10654003e+02
1032            	3.10654029e+02
1033            	3.10654050e+02
1034            	3.10654043e+02
1035            	3.10654012e+02
1036            	3.10654039e+02
1037            	3.10654062e+02
1038            	3.10654059e+02
1039            	3.10654035e+02
1040            	3.10654070e+02
1041            	3.10654100e+02
1042            	3.10654105e+02
1043            	3.10654088e+02
1044            	3.10654129e+02
1045            	3.10654161e+02
1046            	3.10654163e+02
1047            	3.10654133e+02
1048            	3.10654168e+02
1049            	3.10654193e+02
1050            	3.10654179e+02
1051            	3.10654141e+02
1052            	3.10654159e+02
1053            	3.10654170e+02
1054            	3.10654155e+02
1055            	3.10654109e+02
1056            	3.10654128e+02
1057            	3.10654145e+02
1058            	3.10654136e+02
1059            	3.10654097e+02
1060            	3.10654121e+02
1061            	3.10654142e+02
1062            	3.10654137e+02
1063            	3.10654105e+02
1064            	3.10654144e+02
1065            	3.10654174e+02
1066            	3.10654178e+02
1067            	3.10654155e+02
1068            	3.10654192e+02
1069            	3.10654228e+02
1070            	3.10654226e+02
1071            	3.10654192e+02
1072            	3.10654224e+02
1073            	3.10654245e+02
1074            	3.10654222e+02
1075            	3.10654180e+02
1076            	3.10654197e+02
1077            	3.10654205e+02
1078            	3.10654186e+02
1079            	3.10654136e+02
1080            	3.10654154e+02
1081            	3.10654176e+02
1082            	3.10654166e+02
1083            	3.10654127e+02
1084            	3.10654156e+02
1085            	3.10654183e+02
1086            	3.10654178e+02
1087            	3.10654146e+02
1088            	3.10654178e+02
1089            	3.10654209e+02
1090            	3.10654206e+02
1091            	3.10654173e+02
1092            	3.10654197e+02
1093            	3.10654216e+02
1094            	3.10654197e+02
1095            	3.10654146e+02
1096            	3.10654162e+02
1097            	3.10654168e+02
1098            	3.10654136e+02
1099            	3.10654077e+02
1100            	3.10654086e+02
1101            	3.10654094e+02
1102            	3.10654074e+02
1103            	3.10654027e+02
1104            	3.10654052e+02
1105            	3.10654071e+02
1106            	3.10654064e+02
1107            	3.10654033e+02
1108            	3.10654060e+02
1109            	3.10654082e+02
1110            	3.10654073e+02
1111            	3.10654042e+02
1112            	3.10654068e+02
1113            	3.10654087e+02
1114            	3.10654077e+02
1115            	3.10654040e+02
1116            	3.10654065e+02
1117            	3.10654079e+02
1118            	3.10654059e+02
1119            	3.10654016e+02
1120            	3.10654031e+02
1121            	3.10654038e+02
1122            	3.10654013e+02
1123            	3.10653964e+02
1124            	3.10653978e+02
1125            	3.10653985e+02
1126            	3.10653967e+02
1127            	3.10653923e+02
1128            	3.10653946e+02
1129            	3.10653969e+02
1130            	3.10653968e+02
1131            	3.10653932e+02
1132            	3.10653958e+02
1133            	3.10653978e+02
1134            	3.10653965e+02
1135            	3.10653924e+02
1136            	3.10653939e+02
1137            	3.10653943e+02
1138            	3.10653918e+02
1139            	3.10653858e+02
1140            	3.10653874e+02
1141            	3.10653879e+02
1142            	3.10653852e+02
1143            	3.10653800e+02
1144            	3.10653824e+02
1145            	3.10653843e+02
1146            	3.10653823e+02
1147            	3.10653779e+02
1148            	3.10653802e+02
1149            	3.10653815e+02
1150            	3.10653797e+02
1151            	3.10653751e+02
1152            	3.10653771e+02
1153            	3.10653782e+02
1154            	3.10653761e+02
1155            	3.10653713e+02
1156            	3.10653731e+02
1157            	3.10653740e+02
1158            	3.10653723e+02
1159            	3.10653680e+02
1160            	3.10653702e+02
1161            	3.10653717e+02
1162            	3.10653708e+02
1163            	3.10653663e+02
1164            	3.10653681e+02
1165            	3.10653696e+02
1166            	3.10653676e+02
1167            	3.10653627e+02
1168            	3.10653651e+02
1169            	3.10653669e+02
1170            	3.10653647e+02
1171            	3.10653604e+02
1172            	3.10653614e+02
1173            	3.10653621e+02
1174            	3.10653601e+02
1175            	3.10653541e+02
1176            	3.10653548e+02
1177            	3.10653553e+02
1178            	3.10653532e+02
1179            	3.10653485e+02
1180            	3.10653505e+02
1181            	3.10653521e+02
1182            	3.10653518e+02
1183            	3.10653485e+02
1184            	3.10653509e+02
1185            	3.10653531e+02
1186            	3.10653515e+02
1187            	3.10653463e+02
1188            	3.10653473e+02
1189            	3.10653487e+02
1190            	3.10653454e+02
1191            	3.10653394e+02
1192            	3.10653413e+02
1193            	3.10653431e+02
1194            	3.10653414e+02
1195            	3.10653372e+02
1196            	3.10653400e+02
1197            	3.10653420e+02
1198            	3.10653409e+02
1199            	3.10653365e+02
1200            	3.10653384e+02
1201            	3.10653395e+02
1202            	3.10653377e+02
1203            	3.10653326e+02
1204            	3.10653339e+02
1205            	3.10653348e+02
1206            	3.10653327e+02
1207            	3.10653275e+02
1208            	3.10653291e+02
1209            	3.10653304e+02
1210            	3.10653291e+02
1211            	3.10653259e+02
1212            	3.10653285e+02
1213            	3.10653309e+02
1214            	3.10653297e+02
1215            	3.10653256e+02
1216            	3.10653278e+02
1217            	3.10653295e+02
1218            	3.10653277e+02
1219            	3.10653236e+02
1220            	3.10653248e+02
1221            	3.10653253e+02
1222            	3.10653226e+02
1223            	3.10653167e+02
1224            	3.10653173e+02
1225            	3.10653177e+02
1226            	3.10653152e+02
1227            	3.10653090e+02
1228            	3.10653103e+02
1229            	3.10653125e+02
1230            	3.10653112e+02
1231            	3.10653078e+02
1232            	3.10653115e+02
1233            	3.10653150e+02
1234            	3.10653155e+02
1235            	3.10653137e+02
1236            	3.10653176e+02
1237            	3.10653211e+02
1238            	3.10653204e+02
1239            	3.10653155e+02
1240            	3.10653171e+02
1241            	3.10653170e+02
1242            	3.10653138e+02
1243            	3.10653071e+02
1244            	3.10653072e+02
1245            	3.10653078e+02
1246            	3.10653063e+02
1247            	3.10653027e+02
1248            	3.10653056e+02
1249            	3.10653099e+02
1250            	3.10653116e+02
1251            	3.10653104e+02
1252            	3.10653153e+02
1253            	3.10653180e+02
1254            	3.10653170e+02
1255            	3.10653121e+02
1256            	3.10653130e+02
1257            	3.10653135e+02
1258            	3.10653102e+02
1259            	3.10653047e+02
1260            	3.10653074e+02
1261            	3.10653095e+02
1262            	3.10653084e+02
1263            	3.10653055e+02
1264            	3.10653106e+02
1265            	3.10653147e+02
1266            	3.10653154e+02
1267            	3.10653130e+02
1268            	3.10653171e+02
1269            	3.10653194e+02
1270            	3.10653171e+02
1271            	3.10653119e+02
1272            	3.10653128e+02
1273            	3.10653129e+02
1274            	3.10653098e+02
1275            	3.10653042e+02
1276            	3.10653055e+02
1277            	3.10653067e+02
1278            	3.10653047e+02
1279            	3.10653008e+02
1280            	3.10653043e+02
1281            	3.10653075e+02
1282            	3.10653077e+02
1283            	3.10653056e+02
1284            	3.10653099e+02
1285            	3.10653139e+02
1286            	3.10653144e+02
1287            	3.10653120e+02
1288            	3.10653160e+02
1289            	3.10653185e+02
1290            	3.10653170e+02
1291            	3.10653129e+02
1292            	3.10653158e+02
1293            	3.10653176e+02
1294            	3.10653160e+02
1295            	3.10653118e+02
1296            	3.10653148e+02
1297            	3.10653171e+02
1298            	3.10653166e+02
1299            	3.10653136e+02
1300            	3.10653170e+02
1301            	3.10653199e+02
1302            	3.10653194e+02
1303            	3.10653162e+02
1304            	3.10653195e+02
1305            	3.10653221e+02
1306            	3.10653212e+02
1307            	3.10653178e+02
1308            	3.10653213e+02
1309            	3.10653243e+02
1310            	3.10653238e+02
1311            	3.10653208e+02
1312            	3.10653246e+02
1313            	3.10653277e+02
1314            	3.10653271e+02
1315            	3.10653234e+02
1316            	3.10653265e+02
1317            	3.10653290e+02
1318            	3.10653277e+02
1319            	3.10653237e+02
1320            	3.10653265e+02
1321            	3.10653289e+02
1322            	3.10653283e+02
1323            	3.10653247e+02
1324            	3.10653277e+02
1325            	3.10653299e+02
1326            	3.10653292e+02
1327            	3.10653261e+02
1328            	3.10653283e+02
1329            	3.10653299e+02
1330            	3.10653287e+02
1331            	3.10653251e+02
1332            	3.10653273e+02
1333            	3.10653290e+02
1334            	3.10653279e+02
1335            	3.10653249e+02
1336            	3.10653279e+02
1337            	3.10653306e+02
1338            	3.10653298e+02
1339            	3.10653263e+02
1340            	3.10653292e+02
1341            	3.10653313e+02
1342            	3.10653302e+02
1343            	3.10653269e+02
1344            	3.10653292e+02
1345            	3.10653309e+02
1346            	3.10653298e+02
1347            	3.10653266e+02
1348            	3.10653292e+02
1349            	3.10653312e+02
1350            	3.10653304e+02
1351            	3.10653275e+02
1352            	3.10653300e+02
1353            	3.10653320e+02
1354            	3.10653311e+02
1355            	3.10653277e+02
1356            	3.10653303e+02
1357            	3.10653322e+02
1358            	3.10653312e+02
1359            	3.10653280e+02
1360            	3.10653305e+02
1361            	3.10653321e+02
1362            	3.10653302e+02
1363            	3.10653259e+02
1364            	3.10653273e+02
1365            	3.10653277e+02
1366            	3.10653250e+02
1367            	3.10653201e+02
1368            	3.10653211e+02
1369            	3.10653217e+02
1370            	3.10653198e+02
1371            	3.10653158e+02
1372            	3.10653178e+02
1373            	3.10653197e+02
1374            	3.10653191e+02
1375            	3.10653163e+02
1376            	3.10653192e+02
1377            	3.10653214e+02
1378            	3.10653202e+02
1379            	3.10653169e+02
1380            	3.10653191e+02
1381            	3.10653205e+02
1382            	3.10653187e+02
1383            	3.10653146e+02
1384            	3.10653163e+02
1385            	3.10653172e+02
1386            	3.10653148e+02
1387            	3.10653102e+02
1388            	3.10653114e+02
1389            	3.10653123e+02
1390            	3.10653103e+02
1391            	3.10653062e+02
1392            	3.10653080e+02
1393            	3.10653093e+02
1394            	3.10653080e+02
1395            	3.10653045e+02
1396            	3.10653067e+02
1397            	3.10653086e+02
1398            	3.10653079e+02
1399            	3.10653049e+02
1400            	3.10653075e+02
1401            	3.10653097e+02
1402            	3.10653088e+02
1403            	3.10653055e+02
1404            	3.10653082e+02
1405            	3.10653101e+02
1406            	3.10653091e+02
1407            	3.10653059e+02
1408            	3.10653083e+02
1409            	3.10653096e+02
1410            	3.10653079e+02
1411            	3.10653036e+02
1412            	3.10653052e+02
1413            	3.10653059e+02
1414            	3.10653037e+02
1415            	3.10652993e+02
1416            	3.10653007e+02
1417            	3.10653014e+02
1418            	3.10652996e+02
1419            	3.10652957e+02
1420            	3.10652976e+02
1421            	3.10652990e+02
1422            	3.10652977e+02
1423            	3.10652942e+02
1424            	3.10652962e+02
1425            	3.10652978e+02
1426            	3.10652964e+02
1427            	3.10652928e+02
1428            	3.10652950e+02
1429            	3.10652967e+02
1430            	3.10652957e+02
1431            	3.10652925e+02
1432            	3.10652952e+02
1433            	3.10652971e+02
1434            	3.10652957e+02
1435            	3.10652920e+02
1436            	3.10652942e+02
1437            	3.10652955e+02
1438            	3.10652939e+02
1439            	3.10652900e+02
1440            	3.10652917e+02
1441            	3.10652928e+02
1442            	3.10652913e+02
1443            	3.10652877e+02
1444            	3.10652898e+02
1445            	3.10652915e+02
1446            	3.10652905e+02
1447            	3.10652872e+02
1448            	3.10652895e+02
1449            	3.10652914e+02
1450            	3.10652904e+02
1451            	3.10652872e+02
1452            	3.10652899e+02
1453            	3.10652920e+02
1454            	3.10652913e+02
1455            	3.10652885e+02
1456            	3.10652914e+02
1457            	3.10652935e+02
1458            	3.10652924e+02
1459            	3.10652890e+02
1460            	3.10652915e+02
1461            	3.10652931e+02
1462            	3.10652917e+02
1463            	3.10652880e+02
1464            	3.10652902e+02
1465            	3.10652918e+02
1466            	3.10652909e+02
1467            	3.10652878e+02
1468            	3.10652904e+02
1469            	3.10652925e+02
1470            	3.10652917e+02
1471            	3.10652886e+02
1472            	3.10652910e+02
1473            	3.10652929e+02
1474            	3.10652918e+02
1475            	3.10652886e+02
1476            	3.10652912e+02
1477            	3.10652934e+02
1478            	3.10652929e+02
1479            	3.10652904e+02
1480            	3.10652937e+02
1481            	3.10652961e+02
1482            	3.10652952e+02
1483            	3.10652919e+02
1484            	3.10652944e+02
1485            	3.10652959e+02
1486            	3.10652942e+02
1487            	3.10652902e+02
1488            	3.10652917e+02
1489            	3.10652929e+02
1490            	3.10652916e+02
1491            	3.10652882e+02
1492            	3.10652906e+02
1493            	3.10652927e+02
1494            	3.10652922e+02
1495            	3.10652895e+02
1496            	3.10652927e+02
1497            	3.10652954e+02
1498            	3.10652950e+02
1499            	3.10652924e+02
1500            	3.10652955e+02
1501            	3.10652979e+02
1502            	3.10652976e+02
1503            	3.10652951e+02
1504            	3.10652983e+02
1505            	3.10653006e+02
1506            	3.10652998e+02
1507            	3.10652968e+02
1508            	3.10652995e+02
1509            	3.10653016e+02
1510            	3.10653007e+02
1511            	3.10652975e+02
1512            	3.10653000e+02
1513            	3.10653021e+02
1514            	3.10653015e+02
1515            	3.10652988e+02
1516            	3.10653019e+02
1517            	3.10653046e+02
1518            	3.10653047e+02
1519            	3.10653026e+02
1520            	3.10653061e+02
1521            	3.10653087e+02
1522            	3.10653083e+02
1523            	3.10653058e+02
1524            	3.10653088e+02
1525            	3.10653112e+02
1526            	3.10653105e+02
1527            	3.10653079e+02
1528            	3.10653111e+02
1529            	3.10653134e+02
1530            	3.10653126e+02
1531            	3.10653097e+02
1532            	3.10653126e+02
1533            	3.10653147e+02
1534            	3.10653140e+02
1535            	3.10653110e+02
1536            	3.10653136e+02
1537            	3.10653158e+02
1538            	3.10653154e+02
1539            	3.10653129e+02
1540            	3.10653159e+02
1541            	3.10653185e+02
1542            	3.10653184e+02
1543            	3.10653160e+02
1544            	3.10653193e+02
1545            	3.10653220e+02
1546            	3.10653219e+02
1547            	3.10653195e+02
1548            	3.10653229e+02
1549            	3.10653255e+02
1550            	3.10653253e+02
1551            	3.10653228e+02
1552            	3.10653260e+02
1553            	3.10653284e+02
1554            	3.10653276e+02
1555            	3.10653246e+02
1556            	3.10653273e+02
1557            	3.10653293e+02
1558            	3.10653282e+02
1559            	3.10653249e+02
1560            	3.10653273e+02
1561            	3.10653291e+02
1562            	3.10653283e+02
1563            	3.10653254e+02
1564            	3.10653282e+02
1565            	3.10653305e+02
1566            	3.10653300e+02
1567            	3.10653272e+02
1568            	3.10653302e+02
1569            	3.10653325e+02
1570            	3.10653319e+02
1571            	3.10653291e+02
1572            	3.10653320e+02
1573            	3.10653343e+02
1574            	3.10653336e+02
1575            	3.10653308e+02
1576            	3.10653338e+02
1577            	3.10653357e+02
1578            	3.10653346e+02
1579            	3.10653310e+02
1580            	3.10653332e+02
1581            	3.10653346e+02
1582            	3.10653332e+02
1583            	3.10653296e+02
1584            	3.10653317e+02
1585            	3.10653332e+02
1586            	3.10653323e+02
1587            	3.10653293e+02
1588            	3.10653320e+02
1589            	3.10653343e+02
1590            	3.10653338e+02
1591            	3.10653311e+02
1592            	3.10653339e+02
1593            	3.10653362e+02
1594            	3.10653354e+02
1595            	3.10653324e+02
1596            	3.10653353e+02
1597            	3.10653376e+02
1598            	3.10653370e+02
1599            	3.10653344e+02
1600            	3.10653377e+02
1601            	3.10653401e+02
1602            	3.10653394e+02
1603            	3.10653360e+02
1604            	3.10653383e+02
1605            	3.10653399e+02
1606            	3.10653382e+02
1607            	3.10653342e+02
1608            	3.10653359e+02
1609            	3.10653370e+02
1610            	3.10653355e+02
1611            	3.10653318e+02
1612            	3.10653341e+02
1613            	3.10653361e+02
1614            	3.10653356e+02
1615            	3.10653330e+02
1616            	3.10653361e+02
1617            	3.10653387e+02
1618            	3.10653383e+02
1619            	3.10653357e+02
1620            	3.10653388e+02
1621            	3.10653411e+02
1622            	3.10653404e+02
1623            	3.10653373e+02
1624            	3.10653398e+02
1625            	3.10653415e+02
1626            	3.10653400e+02
1627            	3.10653360e+02
1628            	3.10653378e+02
1629            	3.10653391e+02
1630            	3.10653372e+02
1631            	3.10653333e+02
1632            	3.10653352e+02
1633            	3.10653368e+02
1634            	3.10653358e+02
1635            	3.10653327e+02
1636            	3.10653353e+02
1637            	3.10653374e+02
1638            	3.10653368e+02
1639            	3.10653338e+02
1640            	3.10653363e+02
1641            	3.10653381e+02
1642            	3.10653369e+02
1643            	3.10653333e+02
1644            	3.10653356e+02
1645            	3.10653371e+02
1646            	3.10653359e+02
1647            	3.10653325e+02
1648            	3.10653350e+02
1649            	3.10653367e+02
1650            	3.10653353e+02
1651            	3.10653316e+02
1652            	3.10653338e+02
1653            	3.10653353e+02
1654            	3.10653338e+02
1655            	3.10653301e+02
1656            	3.10653320e+02
1657            	3.10653336e+02
1658            	3.10653325e+02
1659            	3.10653292e+02
1660            	3.10653317e+02
1661            	3.10653337e+02
1662            	3.10653330e+02
1663            	3.10653300e+02
1664            	3.10653326e+02
1665            	3.10653346e+02
1666            	3.10653336e+02
1667            	3.10653303e+02
1668            	3.10653328e+02
1669            	3.10653347e+02
1670            	3.10653337e+02
1671            	3.10653307e+02
1672            	3.10653334e+02
1673            	3.10653353e+02
1674            	3.10653340e+02
1675            	3.10653304e+02
1676            	3.10653326e+02
1677            	3.10653341e+02
1678            	3.10653325e+02
1679            	3.10653288e+02
1680            	3.10653307e+02
1681            	3.10653321e+02
1682            	3.10653310e+02
1683            	3.10653277e+02
1684            	3.10653302e+02
1685            	3.10653323e+02
1686            	3.10653318e+02
1687            	3.10653290e+02
1688            	3.10653319e+02
1689            	3.10653343e+02
1690            	3.10653338e+02
1691            	3.10653311e+02
1692            	3.10653343e+02
1693            	3.10653368e+02
1694            	3.10653366e+02
1695            	3.10653342e+02
1696            	3.10653377e+02
1697            	3.10653403e+02
1698            	3.10653397e+02
1699            	3.10653366e+02
1700            	3.10653394e+02
1701            	3.10653415e+02
1702            	3.10653405e+02
1703            	3.10653372e+02
1704            	3.10653397e+02
1705            	3.10653417e+02
1706            	3.10653411e+02
1707            	3.10653384e+02
1708            	3.10653414e+02
1709            	3.10653441e+02
1710            	3.10653440e+02
1711            	3.10653416e+02
1712            	3.10653449e+02
1713            	3.10653475e+02
1714            	3.10653472e+02
1715            	3.10653445e+02
1716            	3.10653476e+02
1717            	3.10653500e+02
1718            	3.10653496e+02
1719            	3.10653469e+02
1720            	3.10653500e+02
1721            	3.10653522e+02
1722            	3.10653512e+02
1723            	3.10653479e+02
1724            	3.10653504e+02
1725            	3.10653522e+02
1726            	3.10653510e+02
1727            	3.10653475e+02
1728            	3.10653498e+02
1729            	3.10653516e+02
1730            	3.10653507e+02
1731            	3.10653478e+02
1732            	3.10653506e+02
1733            	3.10653530e+02
1734            	3.10653526e+02
1735            	3.10653500e+02
1736            	3.10653529e+02
1737            	3.10653553e+02
1738            	3.10653546e+02
1739            	3.10653517e+02
1740            	3.10653544e+02
1741            	3.10653565e+02
1742            	3.10653557e+02
1743            	3.10653526e+02
1744            	3.10653554e+02
1745            	3.10653571e+02
1746            	3.10653557e+02
1747            	3.10653519e+02
1748            	3.10653539e+02
1749            	3.10653551e+02
1750            	3.10653533e+02
1751            	3.10653494e+02
1752            	3.10653511e+02
1753            	3.10653523e+02
1754            	3.10653510e+02
1755            	3.10653475e+02
1756            	3.10653499e+02
1757            	3.10653517e+02
1758            	3.10653509e+02
1759            	3.10653478e+02
1760            	3.10653502e+02
1761            	3.10653520e+02
1762            	3.10653508e+02
1763            	3.10653473e+02
1764            	3.10653495e+02
1765            	3.10653511e+02
1766            	3.10653498e+02
1767            	3.10653463e+02
1768            	3.10653485e+02
1769            	3.10653499e+02
1770            	3.10653482e+02
1771            	3.10653441e+02
1772            	3.10653459e+02
1773            	3.10653469e+02
1774            	3.10653450e+02
1775            	3.10653409e+02
1776            	3.10653425e+02
1777            	3.10653436e+02
1778            	3.10653420e+02
1779            	3.10653384e+02
1780            	3.10653405e+02
1781            	3.10653421e+02
1782            	3.10653410e+02
1783            	3.10653376e+02
1784            	3.10653398e+02
1785            	3.10653414e+02
1786            	3.10653400e+02
1787            	3.10653363e+02
1788            	3.10653384e+02
1789            	3.10653398e+02
1790            	3.10653383e+02
1791            	3.10653347e+02
1792            	3.10653369e+02
1793            	3.10653382e+02
1794            	3.10653362e+02
1795            	3.10653319e+02
1796            	3.10653334e+02
1797            	3.10653341e+02
1798            	3.10653319e+02
1799            	3.10653274e+02
1800            	3.10653287e+02
1801            	3.10653296e+02
1802            	3.10653279e+02
1803            	3.10653242e+02
1804            	3.10653263e+02
1805            	3.10653280e+02
1806            	3.10653270e+02
1807            	3.10653238e+02
1808            	3.10653263e+02
1809            	3.10653282e+02
1810            	3.10653270e+02
1811            	3.10653236e+02
1812            	3.10653258e+02
1813            	3.10653273e+02
1814            	3.10653259e+02
1815            	3.10653223e+02
1816            	3.10653244e+02
1817            	3.10653256e+02
1818            	3.10653236e+02
1819            	3.10653194e+02
1820            	3.10653210e+02
1821            	3.10653218e+02
1822            	3.10653196e+02
1823            	3.10653151e+02
1824            	3.10653164e+02
1825            	3.10653172e+02
1826            	3.10653153e+02
1827            	3.10653113e+02
1828            	3.10653130e+02
1829            	3.10653143e+02
1830            	3.10653129e+02
1831            	3.10653092e+02
1832            	3.10653112e+02
1833            	3.10653127e+02
1834            	3.10653113e+02
1835            	3.10653077e+02
1836            	3.10653100e+02
1837            	3.10653117e+02
1838            	3.10653106e+02
1839            	3.10653073e+02
1840            	3.10653100e+02
1841            	3.10653117e+02
1842            	3.10653102e+02
1843            	3.10653062e+02
1844            	3.10653082e+02
1845            	3.10653093e+02
1846            	3.10653074e+02
1847            	3.10653033e+02
1848            	3.10653048e+02
1849            	3.10653060e+02
1850            	3.10653045e+02
1851            	3.10653010e+02
1852            	3.10653033e+02
1853            	3.10653051e+02
1854            	3.10653042e+02
1855            	3.10653011e+02
1856            	3.10653036e+02
1857            	3.10653056e+02
1858            	3.10653046e+02
1859            	3.10653014e+02
1860            	3.10653039e+02
1861            	3.10653058e+02
1862            	3.10653049e+02
1863            	3.10653018e+02
1864            	3.10653045e+02
1865            	3.10653063e+02
1866            	3.10653049e+02
1867            	3.10653011e+02
1868            	3.10653032e+02
1869            	3.10653046e+02
1870            	3.10653029e+02
1871            	3.10652991e+02
1872            	3.10653010e+02
1873            	3.10653024e+02
1874            	3.10653013e+02
1875            	3.10652981e+02
1876            	3.10653008e+02
1877            	3.10653030e+02
1878            	3.10653026e+02
1879            	3.10652999e+02
1880            	3.10653028e+02
1881            	3.10653051e+02
1882            	3.10653045e+02
1883            	3.10653015e+02
1884            	3.10653044e+02
1885            	3.10653066e+02
1886            	3.10653060e+02
1887            	3.10653032e+02
1888            	3.10653062e+02
1889            	3.10653083e+02
1890            	3.10653073e+02
1891            	3.10653040e+02
1892            	3.10653065e+02
1893            	3.10653083e+02
1894            	3.10653071e+02
1895            	3.10653037e+02
1896            	3.10653060e+02
1897            	3.10653078e+02
1898            	3.10653070e+02
1899            	3.10653042e+02
1900            	3.10653071e+02
1901            	3.10653095e+02
1902            	3.10653092e+02
1903            	3.10653066e+02
1904            	3.10653096e+02
1905            	3.10653121e+02
1906            	3.10653115e+02
1907            	3.10653087e+02
1908            	3.10653117e+02
1909            	3.10653140e+02
1910            	3.10653134e+02
1911            	3.10653106e+02
1912            	3.10653137e+02
1913            	3.10653157e+02
1914            	3.10653146e+02
1915            	3.10653110e+02
1916            	3.10653133e+02
1917            	3.10653148e+02
1918            	3.10653132e+02
1919            	3.10653095e+02
1920            	3.10653114e+02
1921            	3.10653128e+02
1922            	3.10653117e+02
1923            	3.10653085e+02
1924            	3.10653111e+02
1925            	3.10653132e+02
1926            	3.10653127e+02
1927            	3.10653099e+02
1928            	3.10653128e+02
1929            	3.10653151e+02
1930            	3.10653144e+02
1931            	3.10653115e+02
1932            	3.10653143e+02
1933            	3.10653165e+02
1934            	3.10653158e+02
1935            	3.10653129e+02
1936            	3.10653159e+02
1937            	3.10653179e+02
1938            	3.10653166e+02
1939            	3.10653130e+02
1940            	3.10653152e+02
1941            	3.10653166e+02
1942            	3.10653150e+02
1943            	3.10653111e+02
1944            	3.10653130e+02
1945            	3.10653145e+02
1946            	3.10653133e+02
1947            	3.10653101e+02
1948            	3.10653127e+02
1949            	3.10653149e+02
1950            	3.10653144e+02
1951            	3.10653116e+02
1952            	3.10653144e+02
1953            	3.10653166e+02
1954            	3.10653158e+02
1955            	3.10653127e+02
1956            	3.10653153e+02
1957            	3.10653172e+02
1958            	3.10653161e+02
1959            	3.10653129e+02
1960            	3.10653154e+02
1961            	3.10653170e+02
1962            	3.10653154e+02
1963            	3.10653114e+02
1964            	3.10653132e+02
1965            	3.10653142e+02
1966            	3.10653122e+02
1967            	3.10653081e+02
1968            	3.10653096e+02
1969            	3.10653106e+02
1970            	3.10653090e+02
1971            	3.10653052e+02
1972            	3.10653073e+02
1973            	3.10653088e+02
1974            	3.10653077e+02
1975            	3.10653042e+02
1976            	3.10653065e+02
1977            	3.10653081e+02
1978            	3.10653068e+02
1979            	3.10653032e+02
1980            	3.10653054e+02
1981            	3.10653070e+02
1982            	3.10653058e+02
1983            	3.10653024e+02
1984            	3.10653048e+02
1985            	3.10653063e+02
1986            	3.10653045e+02
1987            	3.10653003e+02
1988            	3.10653019e+02
1989            	3.10653027e+02
1990            	3.10653003e+02
1991            	3.10652957e+02
1992            	3.10652968e+02
1993            	3.10652973e+02
1994            	3.10652952e+02
1995            	3.10652910e+02
1996            	3.10652926e+02
1997            	3.10652937e+02
1998            	3.10652922e+02
1999            	3.10652884e+02
2000            	3.10652903e+02
