# Region        : cellZone pcb
# Cells         : 536
# Volume        : 1.12942260e+00
# Time          	volAverage(T)
1               	3.00004127e+02
2               	3.00012150e+02
3               	3.00023629e+02
4               	3.00038129e+02
5               	3.00054991e+02
6               	3.00074240e+02
7               	3.00095814e+02
8               	3.00119657e+02
9               	3.00145414e+02
10              	3.00173427e+02
11              	3.00203477e+02
12              	3.00234820e+02
13              	3.00267480e+02
14              	3.00301755e+02
15              	3.00337371e+02
16              	3.00373956e+02
17              	3.00411334e+02
18              	3.00449344e+02
19              	3.00488846e+02
20              	3.00528765e+02
21              	3.00569696e+02
22              	3.00611742e+02
23              	3.00654352e+02
24              	3.00697094e+02
25              	3.00740204e+02
26              	3.00783695e+02
27              	3.00827335e+02
28              	3.00871283e+02
29              	3.00915944e+02
30              	3.00961348e+02
31              	3.01007256e+02
32              	3.01054066e+02
33              	3.01101773e+02
34              	3.01150462e+02
35              	3.01199260e+02
36              	3.01248571e+02
37              	3.01297752e+02
38              	3.01347623e+02
39              	3.01398036e+02
40              	3.01447897e+02
41              	3.01496540e+02
42              	3.01544570e+02
43              	3.01591333e+02
44              	3.01637909e+02
45              	3.01683555e+02
46              	3.01729306e+02
47              	3.01774551e+02
48              	3.01819636e+02
49              	3.01864094e+02
50              	3.01908226e+02
51              	3.01952270e+02
52              	3.01996133e+02
53              	3.02041047e+02
54              	3.02086928e+02
55              	3.02134232e+02
56              	3.02181514e+02
57              	3.02228080e+02
58              	3.02274078e+02
59              	3.02319639e+02
60              	3.02365000e+02
61              	3.02408687e+02
62              	3.02451053e+02
63              	3.02493086e+02
64              	3.02534012e+02
65              	3.02573424e+02
66              	3.02611819e+02
67              	3.02649945e+02
68              	3.02687803e+02
69              	3.02724679e+02
70              	3.02760973e+02
71              	3.02797052e+02
72              	3.02833211e+02
73              	3.02869585e+02
74              	3.02905996e+02
75              	3.02942446e+02
76              	3.02977753e+02
77              	3.03012320e+02
78              	3.03047129e+02
79              	3.03082117e+02
80              	3.03116552e+02
81              	3.03149803e+02
82              	3.03182342e+02
83              	3.03214935e+02
84              	3.03246664e+02
85              	3.03276800e+02
86              	3.03306157e+02
87              	3.03335103e+02
88              	3.03363922e+02
89              	3.03393129e+02
90              	3.03422814e+02
91              	3.03452854e+02
92              	3.03483387e+02
93              	3.03513798e+02
94              	3.03543648e+02
95              	3.03572467e+02
96              	3.03600207e+02
97              	3.03626698e+02
98              	3.03652582e+02
99              	3.03677630e+02
100             	3.03702351e+02
101             	3.03726551e+02
102             	3.03750740e+02
103             	3.03774344e+02
104             	3.03796627e+02
105             	3.03818148e+02
106             	3.03839658e+02
107             	3.03861396e+02
108             	3.03883388e+02
109             	3.03906090e+02
110             	3.03928218e+02
111             	3.03949406e+02
112             	3.03970617e+02
113             	3.03991863e+02
114             	3.04012764e+02
115             	3.04032880e+02
116             	3.04053079e+02
117             	3.04073493e+02
118             	3.04093392e+02
119             	3.04111765e+02
120             	3.04129348e+02
121             	3.04147054e+02
122             	3.04164837e+02
123             	3.04182781e+02
124             	3.04201145e+02
125             	3.04219321e+02
126             	3.04237357e+02
127             	3.04254597e+02
128             	3.04272134e+02
129             	3.04289530e+02
130             	3.04306678e+02
131             	3.04323474e+02
132             	3.04340001e+02
133             	3.04355869e+02
134             	3.04371193e+02
135             	3.04385846e+02
136             	3.04399974e+02
137             	3.04413739e+02
138             	3.04427165e+02
139             	3.04440476e+02
140             	3.04453532e+02
141             	3.04466330e+02
142             	3.04479111e+02
143             	3.04491929e+02
144             	3.04504688e+02
145             	3.04517504e+02
146             	3.04530398e+02
147             	3.04543325e+02
148             	3.04556301e+02
149             	3.04569271e+02
150             	3.04582157e+02
151             	3.04594945e+02
152             	3.04607587e+02
153             	3.04619956e+02
154             	3.04632366e+02
155             	3.04644425e+02
156             	3.04656404e+02
157             	3.04667863e+02
158             	3.04679273e+02
159             	3.04690463e+02
160             	3.04701404e+02
161             	3.04712044e+02
162             	3.04722403e+02
163             	3.04732581e+02
164             	3.04742511e+02
165             	3.04752218e+02
166             	3.04761982e+02
167             	3.04771603e+02
168             	3.04780998e+02
169             	3.04790255e+02
170             	3.04799457e+02
171             	3.04808620e+02
172             	3.04817739e+02
173             	3.04826777e+02
174             	3.04835735e+02
175             	3.04844611e+02
176             	3.04853422e+02
177             	3.04862163e+02
178             	3.04870756e+02
179             	3.04878971e+02
180             	3.04887308e+02
181             	3.04895542e+02
182             	3.04903556e+02
183             	3.04911433e+02
184             	3.04919127e+02
185             	3.04926664e+02
186             	3.04934051e+02
187             	3.04941382e+02
188             	3.04948654e+02
189             	3.04955770e+02
190             	3.04962889e+02
191             	3.04969957e+02
192             	3.04977044e+02
193             	3.04984126e+02
194             	3.04991171e+02
195             	3.04998211e+02
196             	3.05005238e+02
197             	3.05012282e+02
198             	3.05019261e+02
199             	3.05026126e+02
200             	3.05032956e+02
201             	3.05039698e+02
202             	3.05046254e+02
203             	3.05052555e+02
204             	3.05058948e+02
205             	3.05065258e+02
206             	3.05071425e+02
207             	3.05077453e+02
208             	3.05083402e+02
209             	3.05089208e+02
210             	3.05094882e+02
211             	3.05100480e+02
212             	3.05106021e+02
213             	3.05111508e+02
214             	3.05116915e+02
215             	3.05122327e+02
216             	3.05127721e+02
217             	3.05133050e+02
218             	3.05138348e+02
219             	3.05143621e+02
220             	3.05148893e+02
221             	3.05154159e+02
222             	3.05159386e+02
223             	3.05164459e+02
224             	3.05169502e+02
225             	3.05174522e+02
226             	3.05179473e+02
227             	3.05184349e+02
228             	3.05189111e+02
229             	3.05193753e+02
230             	3.05198326e+02
231             	3.05202788e+02
232             	3.05207179e+02
233             	3.05211551e+02
234             	3.05215886e+02
235             	3.05220157e+02
236             	3.05224397e+02
237             	3.05228624e+02
238             	3.05232824e+02
239             	3.05237027e+02
240             	3.05241213e+02
241             	3.05245381e+02
242             	3.05249521e+02
243             	3.05253613e+02
244             	3.05257555e+02
245             	3.05261547e+02
246             	3.05265476e+02
247             	3.05269324e+02
248             	3.05273104e+02
249             	3.05276821e+02
250             	3.05280486e+02
251             	3.05284108e+02
252             	3.05287675e+02
253             	3.05291190e+02
254             	3.05294653e+02
255             	3.05298076e+02
256             	3.05301447e+02
257             	3.05304767e+02
258             	3.05308045e+02
259             	3.05311313e+02
260             	3.05314547e+02
261             	3.05317701e+02
262             	3.05320833e+02
263             	3.05323943e+02
264             	3.05327062e+02
265             	3.05330139e+02
266             	3.05333198e+02
267             	3.05336234e+02
268             	3.05339238e+02
269             	3.05342202e+02
270             	3.05345118e+02
271             	3.05347959e+02
272             	3.05350776e+02
273             	3.05353540e+02
274             	3.05356230e+02
275             	3.05358895e+02
276             	3.05361514e+02
277             	3.05364090e+02
278             	3.05366613e+02
279             	3.05369096e+02
280             	3.05371540e+02
281             	3.05373941e+02
282             	3.05376329e+02
283             	3.05378690e+02
284             	3.05381003e+02
285             	3.05383295e+02
286             	3.05385571e+02
287             	3.05387829e+02
288             	3.05390072e+02
289             	3.05392299e+02
290             	3.05394512e+02
291             	3.05396711e+02
292             	3.05398894e+02
293             	3.05401060e+02
294             	3.05403207e+02
295             	3.05405335e+02
296             	3.05407444e+02
297             	3.05409534e+02
298             	3.05411602e+02
299             	3.05413647e+02
300             	3.05415666e+02
301             	3.05417658e+02
302             	3.05419616e+02
303             	3.05421558e+02
304             	3.05423465e+02
305             	3.05425337e+02
306             	3.05427181e+02
307             	3.05428978e+02
308             	3.05430755e+02
309             	3.05432500e+02
310             	3.05434209e+02
311             	3.05435889e+02
312             	3.05437540e+02
313             	3.05439161e+02
314             	3.05440760e+02
315             	3.05442336e+02
316             	3.05443897e+02
317             	3.05445452e+02
318             	3.05446995e+02
319             	3.05448515e+02
320             	3.05450024e+02
321             	3.05451520e+02
322             	3.05452985e+02
323             	3.05454422e+02
324             	3.05455864e+02
325             	3.05457286e+02
326             	3.05458688e+02
327             	3.05460067e+02
328             	3.05461428e+02
329             	3.05462770e+02
330             	3.05464089e+02
331             	3.05465387e+02
332             	3.05466667e+02
333             	3.05467930e+02
334             	3.05469179e+02
335             	3.05470426e+02
336             	3.05471656e+02
337             	3.05472867e+02
338             	3.05474067e+02
339             	3.05475257e+02
340             	3.05476435e+02
341             	3.05477603e+02
342             	3.05478758e+02
343             	3.05479901e+02
344             	3.05481031e+02
345             	3.05482145e+02
346             	3.05483247e+02
347             	3.05484324e+02
348             	3.05485396e+02
349             	3.05486454e+02
350             	3.05487493e+02
351             	3.05488516e+02
352             	3.05489523e+02
353             	3.05490514e+02
354             	3.05491491e+02
355             	3.05492453e+02
356             	3.05493400e+02
357             	3.05494334e+02
358             	3.05495254e+02
359             	3.05496159e+02
360             	3.05497048e+02
361             	3.05497927e+02
362             	3.05498793e+02
363             	3.05499646e+02
364             	3.05500486e+02
365             	3.05501313e+02
366             	3.05502135e+02
367             	3.05502956e+02
368             	3.05503763e+02
369             	3.05504558e+02
370             	3.05505348e+02
371             	3.05506134e+02
372             	3.05506910e+02
373             	3.05507673e+02
374             	3.05508422e+02
375             	3.05509171e+02
376             	3.05509910e+02
377             	3.05510637e+02
378             	3.05511353e+02
379             	3.05512062e+02
380             	3.05512753e+02
381             	3.05513433e+02
382             	3.05514106e+02
383             	3.05514770e+02
384             	3.05515426e+02
385             	3.05516073e+02
386             	3.05516713e+02
387             	3.05517345e+02
388             	3.05517969e+02
389             	3.05518588e+02
390             	3.05519201e+02
391             	3.05519806e+02
392             	3.05520405e+02
393             	3.05520997e+02
394             	3.05521583e+02
395             	3.05522163e+02
396             	3.05522736e+02
397             	3.05523301e+02
398             	3.05523858e+02
399             	3.05524403e+02
400             	3.05524945e+02
401             	3.05525476e+02
402             	3.05525999e+02
403             	3.05526515e+02
404             	3.05527021e+02
405             	3.05527519e+02
406             	3.05528008e+02
407             	3.05528489e+02
408             	3.05528963e+02
409             	3.05529434e+02
410             	3.05529899e+02
411             	3.05530356e+02
412             	3.05530806e+02
413             	3.05531251e+02
414             	3.05531692e+02
415             	3.05532128e+02
416             	3.05532559e+02
417             	3.05532984e+02
418             	3.05533405e+02
419             	3.05533820e+02
420             	3.05534233e+02
421             	3.05534640e+02
422             	3.05535044e+02
423             	3.05535442e+02
424             	3.05535835e+02
425             	3.05536224e+02
426             	3.05536610e+02
427             	3.05536988e+02
428             	3.05537360e+02
429             	3.05537727e+02
430             	3.05538090e+02
431             	3.05538450e+02
432             	3.05538806e+02
433             	3.05539156e+02
434             	3.05539502e+02
435             	3.05539842e+02
436             	3.05540178e+02
437             	3.05540508e+02
438             	3.05540832e+02
439             	3.05541153e+02
440             	3.05541470e+02
441             	3.05541782e+02
442             	3.05542091e+02
443             	3.05542397e+02
444             	3.05542699e+02
445             	3.05542999e+02
446             	3.05543295e+02
447             	3.05543587e+02
448             	3.05543875e+02
449             	3.05544161e+02
450             	3.05544441e+02
451             	3.05544718e+02
452             	3.05544990e+02
453             	3.05545258e+02
454             	3.05545524e+02
455             	3.05545786e+02
456             	3.05546046e+02
457             	3.05546301e+02
458             	3.05546554e+02
459             	3.05546803e+02
460             	3.05547049e+02
461             	3.05547292e+02
462             	3.05547532e+02
463             	3.05547769e+02
464             	3.05548002e+02
465             	3.05548232e+02
466             	3.05548459e+02
467             	3.05548683e+02
468             	3.05548904e+02
469             	3.05549122e+02
470             	3.05549336e+02
471             	3.05549547e+02
472             	3.05549756e+02
473             	3.05549962e+02
474             	3.05550165e+02
475             	3.05550366e+02
476             	3.05550565e+02
477             	3.05550761e+02
478             	3.05550954e+02
479             	3.05551146e+02
480             	3.05551335e+02
481             	3.05551523e+02
482             	3.05551708e+02
483             	3.05551890e+02
484             	3.05552071e+02
485             	3.05552250e+02
486             	3.05552426e+02
487             	3.05552601e+02
488             	3.05552773e+02
489             	3.05552944e+02
490             	3.05553113e+02
491             	3.05553280e+02
492             	3.05553446e+02
493             	3.05553609e+02
494             	3.05553770e+02
495             	3.05553930e+02
496             	3.05554088e+02
497             	3.05554243e+02
498             	3.05554397e+02
499             	3.05554548e+02
500             	3.05554698e+02
501             	3.05554846e+02
502             	3.05554991e+02
503             	3.05555134e+02
504             	3.05555275e+02
505             	3.05555415e+02
506             	3.05555552e+02
507             	3.05555687e+02
508             	3.05555820e+02
509             	3.05555951e+02
510             	3.05556080e+02
511             	3.05556208e+02
512             	3.05556334e+02
513             	3.05556459e+02
514             	3.05556581e+02
515             	3.05556704e+02
516             	3.05556824e+02
517             	3.05556943e+02
518             	3.05557060e+02
519             	3.05557177e+02
520             	3.05557292e+02
521             	3.05557406e+02
522             	3.05557519e+02
523             	3.05557630e+02
524             	3.05557740e+02
525             	3.05557848e+02
526             	3.05557955e+02
527             	3.05558061e+02
528             	3.05558165e+02
529             	3.05558268e+02
530             	3.05558370e+02
531             	3.05558470e+02
532             	3.05558569e+02
533             	3.05558666e+02
534             	3.05558762e+02
535             	3.05558857e+02
536             	3.05558951e+02
537             	3.05559043e+02
538             	3.05559135e+02
539             	3.05559225e+02
540             	3.05559313e+02
541             	3.05559401e+02
542             	3.05559488e+02
543             	3.05559574e+02
544             	3.05559659e+02
545             	3.05559743e+02
546             	3.05559827e+02
547             	3.05559909e+02
548             	3.05559991e+02
549             	3.05560073e+02
550             	3.05560153e+02
551             	3.05560233e+02
552             	3.05560312e+02
553             	3.05560390e+02
554             	3.05560466e+02
555             	3.05560542e+02
556             	3.05560616e+02
557             	3.05560690e+02
558             	3.05560762e+02
559             	3.05560833e+02
560             	3.05560926e+02
561             	3.05561021e+02
562             	3.05561115e+02
563             	3.05561203e+02
564             	3.05561290e+02
565             	3.05561377e+02
566             	3.05561463e+02
567             	3.05561546e+02
568             	3.05561628e+02
569             	3.05561709e+02
570             	3.05561788e+02
571             	3.05561867e+02
572             	3.05561943e+02
573             	3.05562018e+02
574             	3.05562091e+02
575             	3.05562164e+02
576             	3.05562235e+02
577             	3.05562304e+02
578             	3.05562370e+02
579             	3.05562436e+02
580             	3.05562502e+02
581             	3.05562566e+02
582             	3.05562628e+02
583             	3.05562688e+02
584             	3.05562748e+02
585             	3.05562806e+02
586             	3.05562863e+02
587             	3.05562919e+02
588             	3.05562974e+02
589             	3.05563029e+02
590             	3.05563082e+02
591             	3.05563136e+02
592             	3.05563186e+02
593             	3.05563237e+02
594             	3.05563287e+02
595             	3.05563337e+02
596             	3.05563386e+02
597             	3.05563434e+02
598             	3.05563482e+02
599             	3.05563528e+02
600             	3.05563574e+02
601             	3.05563620e+02
602             	3.05563664e+02
603             	3.05563708e+02
604             	3.05563752e+02
605             	3.05563795e+02
606             	3.05563837e+02
607             	3.05563877e+02
608             	3.05563917e+02
609             	3.05563957e+02
610             	3.05563996e+02
611             	3.05564034e+02
612             	3.05564071e+02
613             	3.05564107e+02
614             	3.05564142e+02
615             	3.05564177e+02
616             	3.05564211e+02
617             	3.05564244e+02
618             	3.05564277e+02
619             	3.05564309e+02
620             	3.05564340e+02
621             	3.05564371e+02
622             	3.05564401e+02
623             	3.05564431e+02
624             	3.05564461e+02
625             	3.05564491e+02
626             	3.05564520e+02
627             	3.05564548e+02
628             	3.05564577e+02
629             	3.05564605e+02
630             	3.05564632e+02
631             	3.05564660e+02
632             	3.05564686e+02
633             	3.05564713e+02
634             	3.05564739e+02
635             	3.05564766e+02
636             	3.05564791e+02
637             	3.05564817e+02
638             	3.05564842e+02
639             	3.05564867e+02
640             	3.05564891e+02
641             	3.05564915e+02
642             	3.05564938e+02
643             	3.05564961e+02
644             	3.05564983e+02
645             	3.05565005e+02
646             	3.05565027e+02
647             	3.05565048e+02
648             	3.05565069e+02
649             	3.05565089e+02
650             	3.05565109e+02
651             	3.05565129e+02
652             	3.05565148e+02
653             	3.05565167e+02
654             	3.05565186e+02
655             	3.05565204e+02
656             	3.05565223e+02
657             	3.05565240e+02
658             	3.05565258e+02
659             	3.05565275e+02
660             	3.05565292e+02
661             	3.05565309e+02
662             	3.05565326e+02
663             	3.05565342e+02
664             	3.05565358e+02
665             	3.05565375e+02
666             	3.05565391e+02
667             	3.05565407e+02
668             	3.05565423e+02
669             	3.05565438e+02
670             	3.05565453e+02
671             	3.05565469e+02
672             	3.05565484e+02
673             	3.05565498e+02
674             	3.05565513e+02
675             	3.05565527e+02
676             	3.05565542e+02
677             	3.05565556e+02
678             	3.05565569e+02
679             	3.05565569e+02
680             	3.05565582e+02
681             	3.05565582e+02
682             	3.05565595e+02
683             	3.05565608e+02
684             	3.05565608e+02
685             	3.05565620e+02
686             	3.05565620e+02
687             	3.05565620e+02
688             	3.05565632e+02
689             	3.05565632e+02
690             	3.05565632e+02
691             	3.05565632e+02
692             	3.05565644e+02
693             	3.05565656e+02
694             	3.05565656e+02
695             	3.05565656e+02
696             	3.05565656e+02
697             	3.05565656e+02
698             	3.05565656e+02
699             	3.05565656e+02
700             	3.05565656e+02
701             	3.05565668e+02
702             	3.05565668e+02
703             	3.05565668e+02
704             	3.05565668e+02
705             	3.05565668e+02
706             	3.05565668e+02
707             	3.05565668e+02
708             	3.05565668e+02
709             	3.05565668e+02
710             	3.05565668e+02
711             	3.05565668e+02
712             	3.05565668e+02
713             	3.05565668e+02
714             	3.05565668e+02
715             	3.05565668e+02
716             	3.05565668e+02
717             	3.05565668e+02
718             	3.05565668e+02
719             	3.05565668e+02
720             	3.05565668e+02
721             	3.05565668e+02
722             	3.05565679e+02
723             	3.05565679e+02
724             	3.05565679e+02
725             	3.05565679e+02
726             	3.05565679e+02
727             	3.05565679e+02
728             	3.05565679e+02
729             	3.05565690e+02
730             	3.05565690e+02
731             	3.05565690e+02
732             	3.05565690e+02
733             	3.05565690e+02
734             	3.05565690e+02
735             	3.05565690e+02
736             	3.05565690e+02
737             	3.05565690e+02
738             	3.05565690e+02
739             	3.05565690e+02
740             	3.05565690e+02
741             	3.05565690e+02
742             	3.05565690e+02
743             	3.05565690e+02
744             	3.05565690e+02
745             	3.05565690e+02
746             	3.05565690e+02
747             	3.05565690e+02
748             	3.05565690e+02
749             	3.05565690e+02
750             	3.05565690e+02
751             	3.05565690e+02
752             	3.05565690e+02
753             	3.05565690e+02
754             	3.05565690e+02
755             	3.05565690e+02
756             	3.05565690e+02
757             	3.05565690e+02
758             	3.05565690e+02
759             	3.05565690e+02
760             	3.05565690e+02
761             	3.05565690e+02
762             	3.05565690e+02
763             	3.05565690e+02
764             	3.05565690e+02
765             	3.05565690e+02
766             	3.05565690e+02
767             	3.05565690e+02
768             	3.05565690e+02
769             	3.05565690e+02
770             	3.05565690e+02
771             	3.05565690e+02
772             	3.05565690e+02
773             	3.05565690e+02
774             	3.05565690e+02
775             	3.05565690e+02
776             	3.05565690e+02
777             	3.05565690e+02
778             	3.05565690e+02
779             	3.05565690e+02
780             	3.05565690e+02
781             	3.05565690e+02
782             	3.05565690e+02
783             	3.05565690e+02
784             	3.05565690e+02
785             	3.05565690e+02
786             	3.05565690e+02
787             	3.05565690e+02
788             	3.05565690e+02
789             	3.05565690e+02
790             	3.05565690e+02
791             	3.05565690e+02
792             	3.05565690e+02
793             	3.05565690e+02
794             	3.05565690e+02
795             	3.05565690e+02
796             	3.05565690e+02
797             	3.05565690e+02
798             	3.05565690e+02
799             	3.05565690e+02
800             	3.05565690e+02
801             	3.05565690e+02
802             	3.05565690e+02
803             	3.05565690e+02
804             	3.05565690e+02
805             	3.05565690e+02
806             	3.05565690e+02
807             	3.05565690e+02
808             	3.05565690e+02
809             	3.05565690e+02
810             	3.05565690e+02
811             	3.05565690e+02
812             	3.05565690e+02
813             	3.05565690e+02
814             	3.05565690e+02
815             	3.05565690e+02
816             	3.05565690e+02
817             	3.05565690e+02
818             	3.05565690e+02
819             	3.05565690e+02
820             	3.05565690e+02
821             	3.05565690e+02
822             	3.05565690e+02
823             	3.05565690e+02
824             	3.05565690e+02
825             	3.05565690e+02
826             	3.05565690e+02
827             	3.05565690e+02
828             	3.05565690e+02
829             	3.05565690e+02
830             	3.05565690e+02
831             	3.05565690e+02
832             	3.05565690e+02
833             	3.05565690e+02
834             	3.05565690e+02
835             	3.05565690e+02
836             	3.05565690e+02
837             	3.05565690e+02
838             	3.05565690e+02
839             	3.05565690e+02
840             	3.05565690e+02
841             	3.05565690e+02
842             	3.05565690e+02
843             	3.05565690e+02
844             	3.05565690e+02
845             	3.05565690e+02
846             	3.05565690e+02
847             	3.05565690e+02
848             	3.05565690e+02
849             	3.05565690e+02
850             	3.05565690e+02
851             	3.05565690e+02
852             	3.05565690e+02
853             	3.05565690e+02
854             	3.05565690e+02
855             	3.05565690e+02
856             	3.05565690e+02
857             	3.05565690e+02
858             	3.05565690e+02
859             	3.05565690e+02
860             	3.05565690e+02
861             	3.05565690e+02
862             	3.05565690e+02
863             	3.05565690e+02
864             	3.05565690e+02
865             	3.05565690e+02
866             	3.05565690e+02
867             	3.05565690e+02
868             	3.05565690e+02
869             	3.05565690e+02
870             	3.05565690e+02
871             	3.05565690e+02
872             	3.05565690e+02
873             	3.05565690e+02
874             	3.05565690e+02
875             	3.05565690e+02
876             	3.05565690e+02
877             	3.05565690e+02
878             	3.05565690e+02
879             	3.05565690e+02
880             	3.05565690e+02
881             	3.05565690e+02
882             	3.05565690e+02
883             	3.05565690e+02
884             	3.05565690e+02
885             	3.05565690e+02
886             	3.05565690e+02
887             	3.05565690e+02
888             	3.05565690e+02
889             	3.05565690e+02
890             	3.05565690e+02
891             	3.05565690e+02
892             	3.05565690e+02
893             	3.05565690e+02
894             	3.05565690e+02
895             	3.05565690e+02
896             	3.05565690e+02
897             	3.05565690e+02
898             	3.05565690e+02
899             	3.05565690e+02
900             	3.05565690e+02
901             	3.05565690e+02
902             	3.05565690e+02
903             	3.05565690e+02
904             	3.05565690e+02
905             	3.05565690e+02
906             	3.05565690e+02
907             	3.05565690e+02
908             	3.05565690e+02
909             	3.05565690e+02
910             	3.05565690e+02
911             	3.05565700e+02
912             	3.05565711e+02
913             	3.05565711e+02
914             	3.05565711e+02
915             	3.05565711e+02
916             	3.05565720e+02
917             	3.05565720e+02
918             	3.05565720e+02
919             	3.05565720e+02
920             	3.05565720e+02
921             	3.05565720e+02
922             	3.05565720e+02
923             	3.05565720e+02
924             	3.05565720e+02
925             	3.05565720e+02
926             	3.05565720e+02
927             	3.05565730e+02
928             	3.05565730e+02
929             	3.05565730e+02
930             	3.05565730e+02
931             	3.05565730e+02
932             	3.05565730e+02
933             	3.05565730e+02
934             	3.05565730e+02
935             	3.05565730e+02
936             	3.05565730e+02
937             	3.05565730e+02
938             	3.05565730e+02
939             	3.05565730e+02
940             	3.05565730e+02
941             	3.05565730e+02
942             	3.05565730e+02
943             	3.05565730e+02
944             	3.05565730e+02
945             	3.05565730e+02
946             	3.05565730e+02
947             	3.05565730e+02
948             	3.05565730e+02
949             	3.05565730e+02
950             	3.05565730e+02
951             	3.05565730e+02
952             	3.05565730e+02
953             	3.05565730e+02
954             	3.05565730e+02
955             	3.05565730e+02
956             	3.05565730e+02
957             	3.05565730e+02
958             	3.05565730e+02
959             	3.05565730e+02
960             	3.05565730e+02
961             	3.05565730e+02
962             	3.05565730e+02
963             	3.05565730e+02
964             	3.05565730e+02
965             	3.05565730e+02
966             	3.05565730e+02
967             	3.05565730e+02
968             	3.05565730e+02
969             	3.05565730e+02
970             	3.05565730e+02
971             	3.05565730e+02
972             	3.05565730e+02
973             	3.05565730e+02
974             	3.05565730e+02
975             	3.05565730e+02
976             	3.05565730e+02
977             	3.05565730e+02
978             	3.05565730e+02
979             	3.05565730e+02
980             	3.05565730e+02
981             	3.05565730e+02
982             	3.05565730e+02
983             	3.05565730e+02
984             	3.05565730e+02
985             	3.05565730e+02
986             	3.05565730e+02
987             	3.05565730e+02
988             	3.05565730e+02
989             	3.05565730e+02
990             	3.05565730e+02
991             	3.05565730e+02
992             	3.05565730e+02
993             	3.05565730e+02
994             	3.05565730e+02
995             	3.05565730e+02
996             	3.05565730e+02
997             	3.05565730e+02
998             	3.05565730e+02
999             	3.05565730e+02
1000            	3.05565730e+02
1001            	3.05565730e+02
1002            	3.05565730e+02
1003            	3.05565730e+02
1004            	3.05565730e+02
1005            	3.05565730e+02
1006            	3.05565730e+02
1007            	3.05565730e+02
1008            	3.05565730e+02
1009            	3.05565730e+02
1010            	3.05565730e+02
1011            	3.05565730e+02
1012            	3.05565730e+02
1013            	3.05565730e+02
1014            	3.05565730e+02
1015            	3.05565730e+02
1016            	3.05565730e+02
1017            	3.05565730e+02
1018            	3.05565730e+02
1019            	3.05565730e+02
1020            	3.05565730e+02
1021            	3.05565730e+02
1022            	3.05565730e+02
1023            	3.05565730e+02
1024            	3.05565730e+02
1025            	3.05565730e+02
1026            	3.05565730e+02
1027            	3.05565730e+02
1028            	3.05565730e+02
1029            	3.05565730e+02
1030            	3.05565730e+02
1031            	3.05565730e+02
1032            	3.05565730e+02
1033            	3.05565730e+02
1034            	3.05565730e+02
1035            	3.05565730e+02
1036            	3.05565730e+02
1037            	3.05565730e+02
1038            	3.05565730e+02
1039            	3.05565730e+02
1040            	3.05565730e+02
1041            	3.05565730e+02
1042            	3.05565730e+02
1043            	3.05565730e+02
1044            	3.05565730e+02
1045            	3.05565730e+02
1046            	3.05565730e+02
1047            	3.05565730e+02
1048            	3.05565730e+02
1049            	3.05565730e+02
1050            	3.05565730e+02
1051            	3.05565730e+02
1052            	3.05565730e+02
1053            	3.05565730e+02
1054            	3.05565730e+02
1055            	3.05565730e+02
1056            	3.05565730e+02
1057            	3.05565730e+02
1058            	3.05565730e+02
1059            	3.05565730e+02
1060            	3.05565730e+02
1061            	3.05565730e+02
1062            	3.05565730e+02
1063            	3.05565730e+02
1064            	3.05565730e+02
1065            	3.05565730e+02
1066            	3.05565730e+02
1067            	3.05565730e+02
1068            	3.05565730e+02
1069            	3.05565730e+02
1070            	3.05565730e+02
1071            	3.05565730e+02
1072            	3.05565730e+02
1073            	3.05565730e+02
1074            	3.05565730e+02
1075            	3.05565730e+02
1076            	3.05565730e+02
1077            	3.05565730e+02
1078            	3.05565730e+02
1079            	3.05565730e+02
1080            	3.05565730e+02
1081            	3.05565730e+02
1082            	3.05565730e+02
1083            	3.05565730e+02
1084            	3.05565730e+02
1085            	3.05565730e+02
1086            	3.05565730e+02
1087            	3.05565730e+02
1088            	3.05565730e+02
1089            	3.05565730e+02
1090            	3.05565730e+02
1091            	3.05565730e+02
1092            	3.05565730e+02
1093            	3.05565730e+02
1094            	3.05565730e+02
1095            	3.05565730e+02
1096            	3.05565730e+02
1097            	3.05565730e+02
1098            	3.05565730e+02
1099            	3.05565730e+02
1100            	3.05565730e+02
1101            	3.05565730e+02
1102            	3.05565730e+02
1103            	3.05565730e+02
1104            	3.05565730e+02
1105            	3.05565730e+02
1106            	3.05565730e+02
1107            	3.05565730e+02
1108            	3.05565730e+02
1109            	3.05565730e+02
1110            	3.05565730e+02
1111            	3.05565730e+02
1112            	3.05565730e+02
1113            	3.05565730e+02
1114            	3.05565730e+02
1115            	3.05565730e+02
1116            	3.05565730e+02
1117            	3.05565730e+02
1118            	3.05565730e+02
1119            	3.05565730e+02
1120            	3.05565730e+02
1121            	3.05565730e+02
1122            	3.05565730e+02
1123            	3.05565730e+02
1124            	3.05565730e+02
1125            	3.05565730e+02
1126            	3.05565730e+02
1127            	3.05565730e+02
1128            	3.05565730e+02
1129            	3.05565730e+02
1130            	3.05565730e+02
1131            	3.05565730e+02
1132            	3.05565730e+02
1133            	3.05565730e+02
1134            	3.05565730e+02
1135            	3.05565730e+02
1136            	3.05565730e+02
1137            	3.05565730e+02
1138            	3.05565730e+02
1139            	3.05565730e+02
1140            	3.05565730e+02
1141            	3.05565730e+02
1142            	3.05565730e+02
1143            	3.05565730e+02
1144            	3.05565730e+02
1145            	3.05565730e+02
1146            	3.05565730e+02
1147            	3.05565730e+02
1148            	3.05565730e+02
1149            	3.05565730e+02
1150            	3.05565730e+02
1151            	3.05565730e+02
1152            	3.05565730e+02
1153            	3.05565730e+02
1154            	3.05565730e+02
1155            	3.05565730e+02
1156            	3.05565730e+02
1157            	3.05565730e+02
1158            	3.05565730e+02
1159            	3.05565730e+02
1160            	3.05565730e+02
1161            	3.05565730e+02
1162            	3.05565730e+02
1163            	3.05565730e+02
1164            	3.05565730e+02
1165            	3.05565730e+02
1166            	3.05565730e+02
1167            	3.05565730e+02
1168            	3.05565730e+02
1169            	3.05565730e+02
1170            	3.05565730e+02
1171            	3.05565730e+02
1172            	3.05565730e+02
1173            	3.05565730e+02
1174            	3.05565730e+02
1175            	3.05565730e+02
1176            	3.05565730e+02
1177            	3.05565730e+02
1178            	3.05565730e+02
1179            	3.05565730e+02
1180            	3.05565730e+02
1181            	3.05565730e+02
1182            	3.05565730e+02
1183            	3.05565730e+02
1184            	3.05565730e+02
1185            	3.05565730e+02
1186            	3.05565730e+02
1187            	3.05565730e+02
1188            	3.05565730e+02
1189            	3.05565730e+02
1190            	3.05565730e+02
1191            	3.05565730e+02
1192            	3.05565730e+02
1193            	3.05565730e+02
1194            	3.05565730e+02
1195            	3.05565730e+02
1196            	3.05565730e+02
1197            	3.05565730e+02
1198            	3.05565730e+02
1199            	3.05565730e+02
1200            	3.05565730e+02
1201            	3.05565730e+02
1202            	3.05565730e+02
1203            	3.05565730e+02
1204            	3.05565730e+02
1205            	3.05565730e+02
1206            	3.05565730e+02
1207            	3.05565730e+02
1208            	3.05565730e+02
1209            	3.05565730e+02
1210            	3.05565730e+02
1211            	3.05565730e+02
1212            	3.05565730e+02
1213            	3.05565730e+02
1214            	3.05565730e+02
1215            	3.05565730e+02
1216            	3.05565730e+02
1217            	3.05565730e+02
1218            	3.05565730e+02
1219            	3.05565730e+02
1220            	3.05565730e+02
1221            	3.05565730e+02
1222            	3.05565730e+02
1223            	3.05565730e+02
1224            	3.05565730e+02
1225            	3.05565730e+02
1226            	3.05565730e+02
1227            	3.05565730e+02
1228            	3.05565730e+02
1229            	3.05565730e+02
1230            	3.05565730e+02
1231            	3.05565730e+02
1232            	3.05565730e+02
1233            	3.05565730e+02
1234            	3.05565730e+02
1235            	3.05565730e+02
1236            	3.05565730e+02
1237            	3.05565730e+02
1238            	3.05565730e+02
1239            	3.05565730e+02
1240            	3.05565730e+02
1241            	3.05565730e+02
1242            	3.05565730e+02
1243            	3.05565730e+02
1244            	3.05565730e+02
1245            	3.05565730e+02
1246            	3.05565730e+02
1247            	3.05565730e+02
1248            	3.05565730e+02
1249            	3.05565730e+02
1250            	3.05565730e+02
1251            	3.05565730e+02
1252            	3.05565730e+02
1253            	3.05565730e+02
1254            	3.05565730e+02
1255            	3.05565730e+02
1256            	3.05565730e+02
1257            	3.05565730e+02
1258            	3.05565730e+02
1259            	3.05565730e+02
1260            	3.05565730e+02
1261            	3.05565730e+02
1262            	3.05565730e+02
1263            	3.05565730e+02
1264            	3.05565730e+02
1265            	3.05565730e+02
1266            	3.05565730e+02
1267            	3.05565730e+02
1268            	3.05565730e+02
1269            	3.05565730e+02
1270            	3.05565730e+02
1271            	3.05565730e+02
1272            	3.05565730e+02
1273            	3.05565730e+02
1274            	3.05565730e+02
1275            	3.05565730e+02
1276            	3.05565730e+02
1277            	3.05565730e+02
1278            	3.05565730e+02
1279            	3.05565730e+02
1280            	3.05565730e+02
1281            	3.05565730e+02
1282            	3.05565730e+02
1283            	3.05565730e+02
1284            	3.05565730e+02
1285            	3.05565730e+02
1286            	3.05565730e+02
1287            	3.05565730e+02
1288            	3.05565730e+02
1289            	3.05565730e+02
1290            	3.05565730e+02
1291            	3.05565730e+02
1292            	3.05565730e+02
1293            	3.05565730e+02
1294            	3.05565730e+02
1295            	3.05565730e+02
1296            	3.05565730e+02
1297            	3.05565730e+02
1298            	3.05565730e+02
1299            	3.05565730e+02
1300            	3.05565730e+02
1301            	3.05565730e+02
1302            	3.05565730e+02
1303            	3.05565730e+02
1304            	3.05565730e+02
1305            	3.05565730e+02
1306            	3.05565730e+02
1307            	3.05565730e+02
1308            	3.05565730e+02
1309            	3.05565730e+02
1310            	3.05565730e+02
1311            	3.05565730e+02
1312            	3.05565730e+02
1313            	3.05565730e+02
1314            	3.05565730e+02
1315            	3.05565730e+02
1316            	3.05565730e+02
1317            	3.05565730e+02
1318            	3.05565730e+02
1319            	3.05565730e+02
1320            	3.05565730e+02
1321            	3.05565730e+02
1322            	3.05565730e+02
1323            	3.05565730e+02
1324            	3.05565730e+02
1325            	3.05565730e+02
1326            	3.05565730e+02
1327            	3.05565730e+02
1328            	3.05565730e+02
1329            	3.05565730e+02
1330            	3.05565730e+02
1331            	3.05565730e+02
1332            	3.05565730e+02
1333            	3.05565730e+02
1334            	3.05565730e+02
1335            	3.05565730e+02
1336            	3.05565730e+02
1337            	3.05565730e+02
1338            	3.05565730e+02
1339            	3.05565730e+02
1340            	3.05565730e+02
1341            	3.05565730e+02
1342            	3.05565730e+02
1343            	3.05565730e+02
1344            	3.05565730e+02
1345            	3.05565730e+02
1346            	3.05565730e+02
1347            	3.05565730e+02
1348            	3.05565730e+02
1349            	3.05565730e+02
1350            	3.05565730e+02
1351            	3.05565730e+02
1352            	3.05565730e+02
1353            	3.05565730e+02
1354            	3.05565730e+02
1355            	3.05565730e+02
1356            	3.05565730e+02
1357            	3.05565730e+02
1358            	3.05565730e+02
1359            	3.05565730e+02
1360            	3.05565730e+02
1361            	3.05565730e+02
1362            	3.05565730e+02
1363            	3.05565730e+02
1364            	3.05565730e+02
1365            	3.05565730e+02
1366            	3.05565730e+02
1367            	3.05565730e+02
1368            	3.05565730e+02
1369            	3.05565730e+02
1370            	3.05565730e+02
1371            	3.05565730e+02
1372            	3.05565730e+02
1373            	3.05565730e+02
1374            	3.05565730e+02
1375            	3.05565730e+02
1376            	3.05565730e+02
1377            	3.05565730e+02
1378            	3.05565730e+02
1379            	3.05565730e+02
1380            	3.05565730e+02
1381            	3.05565730e+02
1382            	3.05565730e+02
1383            	3.05565730e+02
1384            	3.05565730e+02
1385            	3.05565730e+02
1386            	3.05565730e+02
1387            	3.05565730e+02
1388            	3.05565730e+02
1389            	3.05565730e+02
1390            	3.05565730e+02
1391            	3.05565730e+02
1392            	3.05565730e+02
1393            	3.05565730e+02
1394            	3.05565730e+02
1395            	3.05565730e+02
1396            	3.05565730e+02
1397            	3.05565730e+02
1398            	3.05565730e+02
1399            	3.05565730e+02
1400            	3.05565730e+02
1401            	3.05565730e+02
1402            	3.05565730e+02
1403            	3.05565730e+02
1404            	3.05565730e+02
1405            	3.05565730e+02
1406            	3.05565730e+02
1407            	3.05565730e+02
1408            	3.05565730e+02
1409            	3.05565730e+02
1410            	3.05565730e+02
1411            	3.05565730e+02
1412            	3.05565730e+02
1413            	3.05565730e+02
1414            	3.05565730e+02
1415            	3.05565730e+02
1416            	3.05565730e+02
1417            	3.05565730e+02
1418            	3.05565730e+02
1419            	3.05565730e+02
1420            	3.05565730e+02
1421            	3.05565730e+02
1422            	3.05565730e+02
1423            	3.05565730e+02
1424            	3.05565730e+02
1425            	3.05565730e+02
1426            	3.05565730e+02
1427            	3.05565730e+02
1428            	3.05565730e+02
1429            	3.05565730e+02
1430            	3.05565730e+02
1431            	3.05565730e+02
1432            	3.05565730e+02
1433            	3.05565730e+02
1434            	3.05565730e+02
1435            	3.05565730e+02
1436            	3.05565730e+02
1437            	3.05565730e+02
1438            	3.05565730e+02
1439            	3.05565730e+02
1440            	3.05565730e+02
1441            	3.05565730e+02
1442            	3.05565730e+02
1443            	3.05565730e+02
1444            	3.05565730e+02
1445            	3.05565730e+02
1446            	3.05565730e+02
1447            	3.05565730e+02
1448            	3.05565730e+02
1449            	3.05565730e+02
1450            	3.05565730e+02
1451            	3.05565730e+02
1452            	3.05565730e+02
1453            	3.05565730e+02
1454            	3.05565730e+02
1455            	3.05565730e+02
1456            	3.05565730e+02
1457            	3.05565730e+02
1458            	3.05565730e+02
1459            	3.05565730e+02
1460            	3.05565730e+02
1461            	3.05565730e+02
1462            	3.05565730e+02
1463            	3.05565730e+02
1464            	3.05565730e+02
1465            	3.05565730e+02
1466            	3.05565730e+02
1467            	3.05565730e+02
1468            	3.05565730e+02
1469            	3.05565730e+02
1470            	3.05565730e+02
1471            	3.05565730e+02
1472            	3.05565730e+02
1473            	3.05565730e+02
1474            	3.05565730e+02
1475            	3.05565730e+02
1476            	3.05565730e+02
1477            	3.05565730e+02
1478            	3.05565730e+02
1479            	3.05565730e+02
1480            	3.05565730e+02
1481            	3.05565730e+02
1482            	3.05565730e+02
1483            	3.05565730e+02
1484            	3.05565730e+02
1485            	3.05565730e+02
1486            	3.05565730e+02
1487            	3.05565730e+02
1488            	3.05565730e+02
1489            	3.05565730e+02
1490            	3.05565730e+02
1491            	3.05565730e+02
1492            	3.05565730e+02
1493            	3.05565730e+02
1494            	3.05565730e+02
1495            	3.05565730e+02
1496            	3.05565730e+02
1497            	3.05565730e+02
1498            	3.05565730e+02
1499            	3.05565730e+02
1500            	3.05565730e+02
1501            	3.05565730e+02
1502            	3.05565730e+02
1503            	3.05565730e+02
1504            	3.05565730e+02
1505            	3.05565730e+02
1506            	3.05565730e+02
1507            	3.05565730e+02
1508            	3.05565730e+02
1509            	3.05565730e+02
1510            	3.05565730e+02
1511            	3.05565730e+02
1512            	3.05565730e+02
1513            	3.05565730e+02
1514            	3.05565730e+02
1515            	3.05565730e+02
1516            	3.05565730e+02
1517            	3.05565730e+02
1518            	3.05565730e+02
1519            	3.05565730e+02
1520            	3.05565730e+02
1521            	3.05565730e+02
1522            	3.05565730e+02
1523            	3.05565730e+02
1524            	3.05565730e+02
1525            	3.05565730e+02
1526            	3.05565730e+02
1527            	3.05565730e+02
1528            	3.05565730e+02
1529            	3.05565730e+02
1530            	3.05565730e+02
1531            	3.05565730e+02
1532            	3.05565730e+02
1533            	3.05565730e+02
1534            	3.05565730e+02
1535            	3.05565730e+02
1536            	3.05565730e+02
1537            	3.05565730e+02
1538            	3.05565730e+02
1539            	3.05565730e+02
1540            	3.05565730e+02
1541            	3.05565730e+02
1542            	3.05565730e+02
1543            	3.05565730e+02
1544            	3.05565730e+02
1545            	3.05565730e+02
1546            	3.05565730e+02
1547            	3.05565730e+02
1548            	3.05565730e+02
1549            	3.05565730e+02
1550            	3.05565730e+02
1551            	3.05565730e+02
1552            	3.05565730e+02
1553            	3.05565730e+02
1554            	3.05565730e+02
1555            	3.05565730e+02
1556            	3.05565730e+02
1557            	3.05565730e+02
1558            	3.05565730e+02
1559            	3.05565730e+02
1560            	3.05565730e+02
1561            	3.05565730e+02
1562            	3.05565730e+02
1563            	3.05565730e+02
1564            	3.05565730e+02
1565            	3.05565730e+02
1566            	3.05565730e+02
1567            	3.05565730e+02
1568            	3.05565730e+02
1569            	3.05565730e+02
1570            	3.05565730e+02
1571            	3.05565730e+02
1572            	3.05565730e+02
1573            	3.05565730e+02
1574            	3.05565730e+02
1575            	3.05565730e+02
1576            	3.05565730e+02
1577            	3.05565730e+02
1578            	3.05565730e+02
1579            	3.05565730e+02
1580            	3.05565730e+02
1581            	3.05565730e+02
1582            	3.05565730e+02
1583            	3.05565730e+02
1584            	3.05565730e+02
1585            	3.05565730e+02
1586            	3.05565730e+02
1587            	3.05565730e+02
1588            	3.05565730e+02
1589            	3.05565730e+02
1590            	3.05565730e+02
1591            	3.05565730e+02
1592            	3.05565730e+02
1593            	3.05565730e+02
1594            	3.05565730e+02
1595            	3.05565730e+02
1596            	3.05565730e+02
1597            	3.05565730e+02
1598            	3.05565730e+02
1599            	3.05565730e+02
1600            	3.05565730e+02
1601            	3.05565730e+02
1602            	3.05565730e+02
1603            	3.05565730e+02
1604            	3.05565730e+02
1605            	3.05565730e+02
1606            	3.05565730e+02
1607            	3.05565730e+02
1608            	3.05565730e+02
1609            	3.05565730e+02
1610            	3.05565730e+02
1611            	3.05565730e+02
1612            	3.05565730e+02
1613            	3.05565730e+02
1614            	3.05565730e+02
1615            	3.05565730e+02
1616            	3.05565730e+02
1617            	3.05565730e+02
1618            	3.05565730e+02
1619            	3.05565730e+02
1620            	3.05565730e+02
1621            	3.05565730e+02
1622            	3.05565730e+02
1623            	3.05565730e+02
1624            	3.05565730e+02
1625            	3.05565730e+02
1626            	3.05565730e+02
1627            	3.05565730e+02
1628            	3.05565730e+02
1629            	3.05565730e+02
1630            	3.05565730e+02
1631            	3.05565730e+02
1632            	3.05565730e+02
1633            	3.05565730e+02
1634            	3.05565730e+02
1635            	3.05565730e+02
1636            	3.05565730e+02
1637            	3.05565730e+02
1638            	3.05565730e+02
1639            	3.05565730e+02
1640            	3.05565730e+02
1641            	3.05565730e+02
1642            	3.05565730e+02
1643            	3.05565730e+02
1644            	3.05565730e+02
1645            	3.05565730e+02
1646            	3.05565730e+02
1647            	3.05565730e+02
1648            	3.05565730e+02
1649            	3.05565730e+02
1650            	3.05565730e+02
1651            	3.05565730e+02
1652            	3.05565730e+02
1653            	3.05565730e+02
1654            	3.05565730e+02
1655            	3.05565730e+02
1656            	3.05565730e+02
1657            	3.05565730e+02
1658            	3.05565730e+02
1659            	3.05565730e+02
1660            	3.05565730e+02
1661            	3.05565730e+02
1662            	3.05565730e+02
1663            	3.05565730e+02
1664            	3.05565730e+02
1665            	3.05565730e+02
1666            	3.05565730e+02
1667            	3.05565730e+02
1668            	3.05565730e+02
1669            	3.05565730e+02
1670            	3.05565730e+02
1671            	3.05565730e+02
1672            	3.05565730e+02
1673            	3.05565730e+02
1674            	3.05565730e+02
1675            	3.05565730e+02
1676            	3.05565730e+02
1677            	3.05565730e+02
1678            	3.05565730e+02
1679            	3.05565730e+02
1680            	3.05565730e+02
1681            	3.05565730e+02
1682            	3.05565730e+02
1683            	3.05565730e+02
1684            	3.05565730e+02
1685            	3.05565730e+02
1686            	3.05565730e+02
1687            	3.05565730e+02
1688            	3.05565730e+02
1689            	3.05565730e+02
1690            	3.05565730e+02
1691            	3.05565730e+02
1692            	3.05565730e+02
1693            	3.05565730e+02
1694            	3.05565730e+02
1695            	3.05565730e+02
1696            	3.05565730e+02
1697            	3.05565730e+02
1698            	3.05565730e+02
1699            	3.05565730e+02
1700            	3.05565730e+02
1701            	3.05565730e+02
1702            	3.05565730e+02
1703            	3.05565730e+02
1704            	3.05565730e+02
1705            	3.05565730e+02
1706            	3.05565730e+02
1707            	3.05565730e+02
1708            	3.05565730e+02
1709            	3.05565730e+02
1710            	3.05565730e+02
1711            	3.05565730e+02
1712            	3.05565730e+02
1713            	3.05565730e+02
1714            	3.05565730e+02
1715            	3.05565730e+02
1716            	3.05565730e+02
1717            	3.05565730e+02
1718            	3.05565730e+02
1719            	3.05565730e+02
1720            	3.05565730e+02
1721            	3.05565730e+02
1722            	3.05565730e+02
1723            	3.05565730e+02
1724            	3.05565730e+02
1725            	3.05565730e+02
1726            	3.05565730e+02
1727            	3.05565730e+02
1728            	3.05565730e+02
1729            	3.05565730e+02
1730            	3.05565730e+02
1731            	3.05565730e+02
1732            	3.05565730e+02
1733            	3.05565730e+02
1734            	3.05565730e+02
1735            	3.05565730e+02
1736            	3.05565730e+02
1737            	3.05565730e+02
1738            	3.05565730e+02
1739            	3.05565730e+02
1740            	3.05565730e+02
1741            	3.05565730e+02
1742            	3.05565730e+02
1743            	3.05565730e+02
1744            	3.05565730e+02
1745            	3.05565730e+02
1746            	3.05565730e+02
1747            	3.05565730e+02
1748            	3.05565730e+02
1749            	3.05565730e+02
1750            	3.05565730e+02
1751            	3.05565730e+02
1752            	3.05565730e+02
1753            	3.05565730e+02
1754            	3.05565730e+02
1755            	3.05565730e+02
1756            	3.05565730e+02
1757            	3.05565730e+02
1758            	3.05565730e+02
1759            	3.05565730e+02
1760            	3.05565730e+02
1761            	3.05565730e+02
1762            	3.05565730e+02
1763            	3.05565730e+02
1764            	3.05565730e+02
1765            	3.05565730e+02
1766            	3.05565730e+02
1767            	3.05565730e+02
1768            	3.05565730e+02
1769            	3.05565730e+02
1770            	3.05565730e+02
1771            	3.05565730e+02
1772            	3.05565730e+02
1773            	3.05565730e+02
1774            	3.05565730e+02
1775            	3.05565730e+02
1776            	3.05565730e+02
1777            	3.05565730e+02
1778            	3.05565730e+02
1779            	3.05565730e+02
1780            	3.05565730e+02
1781            	3.05565730e+02
1782            	3.05565730e+02
1783            	3.05565730e+02
1784            	3.05565730e+02
1785            	3.05565730e+02
1786            	3.05565730e+02
1787            	3.05565730e+02
1788            	3.05565730e+02
1789            	3.05565730e+02
1790            	3.05565730e+02
1791            	3.05565730e+02
1792            	3.05565730e+02
1793            	3.05565730e+02
1794            	3.05565730e+02
1795            	3.05565730e+02
1796            	3.05565730e+02
1797            	3.05565730e+02
1798            	3.05565730e+02
1799            	3.05565730e+02
1800            	3.05565730e+02
1801            	3.05565730e+02
1802            	3.05565730e+02
1803            	3.05565730e+02
1804            	3.05565730e+02
1805            	3.05565730e+02
1806            	3.05565730e+02
1807            	3.05565730e+02
1808            	3.05565730e+02
1809            	3.05565730e+02
1810            	3.05565730e+02
1811            	3.05565730e+02
1812            	3.05565730e+02
1813            	3.05565730e+02
1814            	3.05565730e+02
1815            	3.05565730e+02
1816            	3.05565730e+02
1817            	3.05565730e+02
1818            	3.05565730e+02
1819            	3.05565730e+02
1820            	3.05565730e+02
1821            	3.05565730e+02
1822            	3.05565730e+02
1823            	3.05565730e+02
1824            	3.05565730e+02
1825            	3.05565730e+02
1826            	3.05565730e+02
1827            	3.05565730e+02
1828            	3.05565730e+02
1829            	3.05565730e+02
1830            	3.05565730e+02
1831            	3.05565730e+02
1832            	3.05565730e+02
1833            	3.05565730e+02
1834            	3.05565730e+02
1835            	3.05565730e+02
1836            	3.05565730e+02
1837            	3.05565730e+02
1838            	3.05565730e+02
1839            	3.05565730e+02
1840            	3.05565730e+02
1841            	3.05565730e+02
1842            	3.05565730e+02
1843            	3.05565730e+02
1844            	3.05565730e+02
1845            	3.05565730e+02
1846            	3.05565730e+02
1847            	3.05565730e+02
1848            	3.05565730e+02
1849            	3.05565730e+02
1850            	3.05565730e+02
1851            	3.05565730e+02
1852            	3.05565730e+02
1853            	3.05565730e+02
1854            	3.05565730e+02
1855            	3.05565730e+02
1856            	3.05565730e+02
1857            	3.05565730e+02
1858            	3.05565730e+02
1859            	3.05565730e+02
1860            	3.05565730e+02
1861            	3.05565730e+02
1862            	3.05565730e+02
1863            	3.05565730e+02
1864            	3.05565730e+02
1865            	3.05565730e+02
1866            	3.05565730e+02
1867            	3.05565730e+02
1868            	3.05565730e+02
1869            	3.05565730e+02
1870            	3.05565730e+02
1871            	3.05565730e+02
1872            	3.05565730e+02
1873            	3.05565730e+02
1874            	3.05565730e+02
1875            	3.05565730e+02
1876            	3.05565730e+02
1877            	3.05565730e+02
1878            	3.05565730e+02
1879            	3.05565730e+02
1880            	3.05565730e+02
1881            	3.05565730e+02
1882            	3.05565730e+02
1883            	3.05565730e+02
1884            	3.05565730e+02
1885            	3.05565730e+02
1886            	3.05565730e+02
1887            	3.05565730e+02
1888            	3.05565730e+02
1889            	3.05565730e+02
1890            	3.05565730e+02
1891            	3.05565730e+02
1892            	3.05565730e+02
1893            	3.05565730e+02
1894            	3.05565730e+02
1895            	3.05565730e+02
1896            	3.05565730e+02
1897            	3.05565730e+02
1898            	3.05565730e+02
1899            	3.05565730e+02
1900            	3.05565730e+02
1901            	3.05565730e+02
1902            	3.05565730e+02
1903            	3.05565730e+02
1904            	3.05565730e+02
1905            	3.05565730e+02
1906            	3.05565730e+02
1907            	3.05565730e+02
1908            	3.05565730e+02
1909            	3.05565730e+02
1910            	3.05565730e+02
1911            	3.05565730e+02
1912            	3.05565730e+02
1913            	3.05565730e+02
1914            	3.05565730e+02
1915            	3.05565730e+02
1916            	3.05565730e+02
1917            	3.05565730e+02
1918            	3.05565730e+02
1919            	3.05565730e+02
1920            	3.05565730e+02
1921            	3.05565730e+02
1922            	3.05565730e+02
1923            	3.05565730e+02
1924            	3.05565730e+02
1925            	3.05565730e+02
1926            	3.05565730e+02
1927            	3.05565730e+02
1928            	3.05565730e+02
1929            	3.05565730e+02
1930            	3.05565730e+02
1931            	3.05565730e+02
1932            	3.05565730e+02
1933            	3.05565730e+02
1934            	3.05565730e+02
1935            	3.05565730e+02
1936            	3.05565730e+02
1937            	3.05565730e+02
1938            	3.05565730e+02
1939            	3.05565730e+02
1940            	3.05565730e+02
1941            	3.05565730e+02
1942            	3.05565730e+02
1943            	3.05565730e+02
1944            	3.05565730e+02
1945            	3.05565730e+02
1946            	3.05565730e+02
1947            	3.05565730e+02
1948            	3.05565730e+02
1949            	3.05565730e+02
1950            	3.05565730e+02
1951            	3.05565730e+02
1952            	3.05565730e+02
1953            	3.05565730e+02
1954            	3.05565730e+02
1955            	3.05565730e+02
1956            	3.05565730e+02
1957            	3.05565730e+02
1958            	3.05565730e+02
1959            	3.05565730e+02
1960            	3.05565730e+02
1961            	3.05565730e+02
1962            	3.05565730e+02
1963            	3.05565730e+02
1964            	3.05565730e+02
1965            	3.05565730e+02
1966            	3.05565730e+02
1967            	3.05565730e+02
1968            	3.05565730e+02
1969            	3.05565730e+02
1970            	3.05565730e+02
1971            	3.05565730e+02
1972            	3.05565730e+02
1973            	3.05565730e+02
1974            	3.05565730e+02
1975            	3.05565730e+02
1976            	3.05565730e+02
1977            	3.05565730e+02
1978            	3.05565730e+02
1979            	3.05565730e+02
1980            	3.05565730e+02
1981            	3.05565730e+02
1982            	3.05565730e+02
1983            	3.05565730e+02
1984            	3.05565730e+02
1985            	3.05565730e+02
1986            	3.05565730e+02
1987            	3.05565730e+02
1988            	3.05565730e+02
1989            	3.05565730e+02
1990            	3.05565730e+02
1991            	3.05565730e+02
1992            	3.05565730e+02
1993            	3.05565730e+02
1994            	3.05565730e+02
1995            	3.05565730e+02
1996            	3.05565730e+02
1997            	3.05565730e+02
1998            	3.05565730e+02
1999            	3.05565730e+02
2000            	3.05565730e+02
