# Region        : cellZone component_0
# Cells         : 115
# Volume        : 1.86360020e-01
# Time          	volAverage(T)
1               	3.00387797e+02
2               	3.00766289e+02
3               	3.01097824e+02
4               	3.01397230e+02
5               	3.01681456e+02
6               	3.01956553e+02
7               	3.02223286e+02
8               	3.02486435e+02
9               	3.02747597e+02
10              	3.03002748e+02
11              	3.03250850e+02
12              	3.03485789e+02
13              	3.03709838e+02
14              	3.03921495e+02
15              	3.04132270e+02
16              	3.04339163e+02
17              	3.04542537e+02
18              	3.04736190e+02
19              	3.04922735e+02
20              	3.05108840e+02
21              	3.05290942e+02
22              	3.05460429e+02
23              	3.05616312e+02
24              	3.05775941e+02
25              	3.05935443e+02
26              	3.06098568e+02
27              	3.06263910e+02
28              	3.06421662e+02
29              	3.06568856e+02
30              	3.06722366e+02
31              	3.06868795e+02
32              	3.07012128e+02
33              	3.07135776e+02
34              	3.07238663e+02
35              	3.07322890e+02
36              	3.07387432e+02
37              	3.07445425e+02
38              	3.07522804e+02
39              	3.07620168e+02
40              	3.07716705e+02
41              	3.07825115e+02
42              	3.07929784e+02
43              	3.08053591e+02
44              	3.08165504e+02
45              	3.08266256e+02
46              	3.08367935e+02
47              	3.08475940e+02
48              	3.08582677e+02
49              	3.08682683e+02
50              	3.08791174e+02
51              	3.08899318e+02
52              	3.09005521e+02
53              	3.09110370e+02
54              	3.09209676e+02
55              	3.09300483e+02
56              	3.09371478e+02
57              	3.09433649e+02
58              	3.09498677e+02
59              	3.09577629e+02
60              	3.09654391e+02
61              	3.09744760e+02
62              	3.09832417e+02
63              	3.09920770e+02
64              	3.10002060e+02
65              	3.10084563e+02
66              	3.10176229e+02
67              	3.10256774e+02
68              	3.10309391e+02
69              	3.10356677e+02
70              	3.10416575e+02
71              	3.10473030e+02
72              	3.10539863e+02
73              	3.10610199e+02
74              	3.10677643e+02
75              	3.10743061e+02
76              	3.10803913e+02
77              	3.10860008e+02
78              	3.10913697e+02
79              	3.10968816e+02
80              	3.11026075e+02
81              	3.11084715e+02
82              	3.11142927e+02
83              	3.11198821e+02
84              	3.11254426e+02
85              	3.11311780e+02
86              	3.11361167e+02
87              	3.11410644e+02
88              	3.11463136e+02
89              	3.11503840e+02
90              	3.11537906e+02
91              	3.11571233e+02
92              	3.11598942e+02
93              	3.11626493e+02
94              	3.11655725e+02
95              	3.11689605e+02
96              	3.11722387e+02
97              	3.11758111e+02
98              	3.11798542e+02
99              	3.11837766e+02
100             	3.11881503e+02
101             	3.11923776e+02
102             	3.11967038e+02
103             	3.12006995e+02
104             	3.12040599e+02
105             	3.12073857e+02
106             	3.12102865e+02
107             	3.12125448e+02
108             	3.12142695e+02
109             	3.12156826e+02
110             	3.12173210e+02
111             	3.12196001e+02
112             	3.12224835e+02
113             	3.12259835e+02
114             	3.12286833e+02
115             	3.12331443e+02
116             	3.12368726e+02
117             	3.12393828e+02
118             	3.12412665e+02
119             	3.12427146e+02
120             	3.12440162e+02
121             	3.12459309e+02
122             	3.12474730e+02
123             	3.12501982e+02
124             	3.12524564e+02
125             	3.12554733e+02
126             	3.12588134e+02
127             	3.12615050e+02
128             	3.12640102e+02
129             	3.12664239e+02
130             	3.12684737e+02
131             	3.12697715e+02
132             	3.12711045e+02
133             	3.12719017e+02
134             	3.12735919e+02
135             	3.12751924e+02
136             	3.12772083e+02
137             	3.12791260e+02
138             	3.12819091e+02
139             	3.12848657e+02
140             	3.12870093e+02
141             	3.12880692e+02
142             	3.12879412e+02
143             	3.12884244e+02
144             	3.12891502e+02
145             	3.12900913e+02
146             	3.12919389e+02
147             	3.12934659e+02
148             	3.12951515e+02
149             	3.12966364e+02
150             	3.12981737e+02
151             	3.13000047e+02
152             	3.13015345e+02
153             	3.13033150e+02
154             	3.13049006e+02
155             	3.13066697e+02
156             	3.13082511e+02
157             	3.13101292e+02
158             	3.13121664e+02
159             	3.13131905e+02
160             	3.13141078e+02
161             	3.13158007e+02
162             	3.13162508e+02
163             	3.13155218e+02
164             	3.13133309e+02
165             	3.13109064e+02
166             	3.13099701e+02
167             	3.13103179e+02
168             	3.13113014e+02
169             	3.13128602e+02
170             	3.13145427e+02
171             	3.13162564e+02
172             	3.13173308e+02
173             	3.13196972e+02
174             	3.13217025e+02
175             	3.13228225e+02
176             	3.13232902e+02
177             	3.13234575e+02
178             	3.13236019e+02
179             	3.13240143e+02
180             	3.13247342e+02
181             	3.13248843e+02
182             	3.13257497e+02
183             	3.13269757e+02
184             	3.13285313e+02
185             	3.13302082e+02
186             	3.13314796e+02
187             	3.13334550e+02
188             	3.13345401e+02
189             	3.13354724e+02
190             	3.13360307e+02
191             	3.13363014e+02
192             	3.13366160e+02
193             	3.13368532e+02
194             	3.13366817e+02
195             	3.13367438e+02
196             	3.13369736e+02
197             	3.13370241e+02
198             	3.13371689e+02
199             	3.13373803e+02
200             	3.13375789e+02
201             	3.13376507e+02
202             	3.13385233e+02
203             	3.13393156e+02
204             	3.13403272e+02
205             	3.13416143e+02
206             	3.13430076e+02
207             	3.13441843e+02
208             	3.13455745e+02
209             	3.13464324e+02
210             	3.13476509e+02
211             	3.13478615e+02
212             	3.13482048e+02
213             	3.13480608e+02
214             	3.13471932e+02
215             	3.13466214e+02
216             	3.13462889e+02
217             	3.13461793e+02
218             	3.13466003e+02
219             	3.13465139e+02
220             	3.13472562e+02
221             	3.13483077e+02
222             	3.13495401e+02
223             	3.13502800e+02
224             	3.13512567e+02
225             	3.13521516e+02
226             	3.13526362e+02
227             	3.13520065e+02
228             	3.13506664e+02
229             	3.13499511e+02
230             	3.13499735e+02
231             	3.13505672e+02
232             	3.13519126e+02
233             	3.13533490e+02
234             	3.13545434e+02
235             	3.13552844e+02
236             	3.13558576e+02
237             	3.13563624e+02
238             	3.13572966e+02
239             	3.13581081e+02
240             	3.13579861e+02
241             	3.13573200e+02
242             	3.13569083e+02
243             	3.13564872e+02
244             	3.13563463e+02
245             	3.13566930e+02
246             	3.13574574e+02
247             	3.13583694e+02
248             	3.13593557e+02
249             	3.13604349e+02
250             	3.13613517e+02
251             	3.13625543e+02
252             	3.13636999e+02
253             	3.13644429e+02
254             	3.13644504e+02
255             	3.13635417e+02
256             	3.13626515e+02
257             	3.13617794e+02
258             	3.13613181e+02
259             	3.13610856e+02
260             	3.13612959e+02
261             	3.13615463e+02
262             	3.13619117e+02
263             	3.13625145e+02
264             	3.13630124e+02
265             	3.13635792e+02
266             	3.13640846e+02
267             	3.13646296e+02
268             	3.13650899e+02
269             	3.13646150e+02
270             	3.13644397e+02
271             	3.13644077e+02
272             	3.13643649e+02
273             	3.13641420e+02
274             	3.13637335e+02
275             	3.13632779e+02
276             	3.13631261e+02
277             	3.13624977e+02
278             	3.13624489e+02
279             	3.13626967e+02
280             	3.13631002e+02
281             	3.13635007e+02
282             	3.13638998e+02
283             	3.13643113e+02
284             	3.13646200e+02
285             	3.13648371e+02
286             	3.13649680e+02
287             	3.13650024e+02
288             	3.13650123e+02
289             	3.13650342e+02
290             	3.13650892e+02
291             	3.13652304e+02
292             	3.13654744e+02
293             	3.13649176e+02
294             	3.13648647e+02
295             	3.13650263e+02
296             	3.13653449e+02
297             	3.13658594e+02
298             	3.13655499e+02
299             	3.13656377e+02
300             	3.13658697e+02
301             	3.13661387e+02
302             	3.13664341e+02
303             	3.13667541e+02
304             	3.13664949e+02
305             	3.13670240e+02
306             	3.13675602e+02
307             	3.13676767e+02
308             	3.13673031e+02
309             	3.13668380e+02
310             	3.13664732e+02
311             	3.13662691e+02
312             	3.13659922e+02
313             	3.13658056e+02
314             	3.13658858e+02
315             	3.13661406e+02
316             	3.13666191e+02
317             	3.13671268e+02
318             	3.13668106e+02
319             	3.13668477e+02
320             	3.13669296e+02
321             	3.13670255e+02
322             	3.13671622e+02
323             	3.13674217e+02
324             	3.13674467e+02
325             	3.13675914e+02
326             	3.13678636e+02
327             	3.13672450e+02
328             	3.13670646e+02
329             	3.13671861e+02
330             	3.13673167e+02
331             	3.13676540e+02
332             	3.13682476e+02
333             	3.13688325e+02
334             	3.13695432e+02
335             	3.13696360e+02
336             	3.13698483e+02
337             	3.13704680e+02
338             	3.13711134e+02
339             	3.13715003e+02
340             	3.13715745e+02
341             	3.13714047e+02
342             	3.13711430e+02
343             	3.13708756e+02
344             	3.13706356e+02
345             	3.13704514e+02
346             	3.13703263e+02
347             	3.13701852e+02
348             	3.13702157e+02
349             	3.13702542e+02
350             	3.13705914e+02
351             	3.13711203e+02
352             	3.13716949e+02
353             	3.13726632e+02
354             	3.13734574e+02
355             	3.13742406e+02
356             	3.13745213e+02
357             	3.13745501e+02
358             	3.13740381e+02
359             	3.13735918e+02
360             	3.13731230e+02
361             	3.13729634e+02
362             	3.13730983e+02
363             	3.13734551e+02
364             	3.13731468e+02
365             	3.13734931e+02
366             	3.13740184e+02
367             	3.13746765e+02
368             	3.13743936e+02
369             	3.13742382e+02
370             	3.13738223e+02
371             	3.13727576e+02
372             	3.13711599e+02
373             	3.13691839e+02
374             	3.13676094e+02
375             	3.13669335e+02
376             	3.13668535e+02
377             	3.13672307e+02
378             	3.13679513e+02
379             	3.13689137e+02
380             	3.13700065e+02
381             	3.13709996e+02
382             	3.13713233e+02
383             	3.13723816e+02
384             	3.13733871e+02
385             	3.13731849e+02
386             	3.13728316e+02
387             	3.13726428e+02
388             	3.13726797e+02
389             	3.13728131e+02
390             	3.13722088e+02
391             	3.13721247e+02
392             	3.13722853e+02
393             	3.13725526e+02
394             	3.13728951e+02
395             	3.13729355e+02
396             	3.13731438e+02
397             	3.13735395e+02
398             	3.13740744e+02
399             	3.13736322e+02
400             	3.13736733e+02
401             	3.13739146e+02
402             	3.13742518e+02
403             	3.13745779e+02
404             	3.13749098e+02
405             	3.13752518e+02
406             	3.13756828e+02
407             	3.13762054e+02
408             	3.13766847e+02
409             	3.13763359e+02
410             	3.13764594e+02
411             	3.13764792e+02
412             	3.13763017e+02
413             	3.13757296e+02
414             	3.13749243e+02
415             	3.13739314e+02
416             	3.13725556e+02
417             	3.13710878e+02
418             	3.13698834e+02
419             	3.13690700e+02
420             	3.13686853e+02
421             	3.13687108e+02
422             	3.13690629e+02
423             	3.13695704e+02
424             	3.13702515e+02
425             	3.13703714e+02
426             	3.13712402e+02
427             	3.13720077e+02
428             	3.13723091e+02
429             	3.13724344e+02
430             	3.13723657e+02
431             	3.13719439e+02
432             	3.13712157e+02
433             	3.13702813e+02
434             	3.13691725e+02
435             	3.13682930e+02
436             	3.13679308e+02
437             	3.13678357e+02
438             	3.13679939e+02
439             	3.13683430e+02
440             	3.13687136e+02
441             	3.13693564e+02
442             	3.13697808e+02
443             	3.13705226e+02
444             	3.13710859e+02
445             	3.13711749e+02
446             	3.13708313e+02
447             	3.13701989e+02
448             	3.13695056e+02
449             	3.13687755e+02
450             	3.13680755e+02
451             	3.13674703e+02
452             	3.13667183e+02
453             	3.13663762e+02
454             	3.13662405e+02
455             	3.13663676e+02
456             	3.13664878e+02
457             	3.13669140e+02
458             	3.13673590e+02
459             	3.13678243e+02
460             	3.13682562e+02
461             	3.13676610e+02
462             	3.13674585e+02
463             	3.13675433e+02
464             	3.13679057e+02
465             	3.13683121e+02
466             	3.13688354e+02
467             	3.13695026e+02
468             	3.13702307e+02
469             	3.13700129e+02
470             	3.13702354e+02
471             	3.13706429e+02
472             	3.13711455e+02
473             	3.13709868e+02
474             	3.13712378e+02
475             	3.13712055e+02
476             	3.13702233e+02
477             	3.13690152e+02
478             	3.13675223e+02
479             	3.13665626e+02
480             	3.13660177e+02
481             	3.13658769e+02
482             	3.13660881e+02
483             	3.13665217e+02
484             	3.13671700e+02
485             	3.13681117e+02
486             	3.13689051e+02
487             	3.13694666e+02
488             	3.13698393e+02
489             	3.13704969e+02
490             	3.13710678e+02
491             	3.13714185e+02
492             	3.13713029e+02
493             	3.13710353e+02
494             	3.13705848e+02
495             	3.13704266e+02
496             	3.13706295e+02
497             	3.13700604e+02
498             	3.13700419e+02
499             	3.13702731e+02
500             	3.13707586e+02
501             	3.13711540e+02
502             	3.13706629e+02
503             	3.13705485e+02
504             	3.13705121e+02
505             	3.13702715e+02
506             	3.13697363e+02
507             	3.13693403e+02
508             	3.13687490e+02
509             	3.13678100e+02
510             	3.13669688e+02
511             	3.13662668e+02
512             	3.13656822e+02
513             	3.13652494e+02
514             	3.13650075e+02
515             	3.13649525e+02
516             	3.13651655e+02
517             	3.13656157e+02
518             	3.13657835e+02
519             	3.13662155e+02
520             	3.13667069e+02
521             	3.13670007e+02
522             	3.13670389e+02
523             	3.13668682e+02
524             	3.13665157e+02
525             	3.13659904e+02
526             	3.13655948e+02
527             	3.13652455e+02
528             	3.13649234e+02
529             	3.13647520e+02
530             	3.13646875e+02
531             	3.13647159e+02
532             	3.13646905e+02
533             	3.13649539e+02
534             	3.13651596e+02
535             	3.13657221e+02
536             	3.13663556e+02
537             	3.13670060e+02
538             	3.13672438e+02
539             	3.13673362e+02
540             	3.13676108e+02
541             	3.13676490e+02
542             	3.13672689e+02
543             	3.13670788e+02
544             	3.13670786e+02
545             	3.13664473e+02
546             	3.13664759e+02
547             	3.13667907e+02
548             	3.13672658e+02
549             	3.13677351e+02
550             	3.13682384e+02
551             	3.13684540e+02
552             	3.13683514e+02
553             	3.13679779e+02
554             	3.13674770e+02
555             	3.13669394e+02
556             	3.13664557e+02
557             	3.13659466e+02
558             	3.13653614e+02
559             	3.13647229e+02
560             	3.13641449e+02
561             	3.13638033e+02
562             	3.13635238e+02
563             	3.13633453e+02
564             	3.13633063e+02
565             	3.13634711e+02
566             	3.13638184e+02
567             	3.13642224e+02
568             	3.13647239e+02
569             	3.13646927e+02
570             	3.13647266e+02
571             	3.13648463e+02
572             	3.13648399e+02
573             	3.13646397e+02
574             	3.13643222e+02
575             	3.13639876e+02
576             	3.13637165e+02
577             	3.13634830e+02
578             	3.13633927e+02
579             	3.13634246e+02
580             	3.13635565e+02
581             	3.13637752e+02
582             	3.13640289e+02
583             	3.13642967e+02
584             	3.13645945e+02
585             	3.13649394e+02
586             	3.13653411e+02
587             	3.13656761e+02
588             	3.13660099e+02
589             	3.13662289e+02
590             	3.13664629e+02
591             	3.13667017e+02
592             	3.13668342e+02
593             	3.13668148e+02
594             	3.13667763e+02
595             	3.13666517e+02
596             	3.13664233e+02
597             	3.13661272e+02
598             	3.13658091e+02
599             	3.13654972e+02
600             	3.13652376e+02
601             	3.13651167e+02
602             	3.13653080e+02
603             	3.13657976e+02
604             	3.13661175e+02
605             	3.13658194e+02
606             	3.13661429e+02
607             	3.13666754e+02
608             	3.13673055e+02
609             	3.13680037e+02
610             	3.13687649e+02
611             	3.13687102e+02
612             	3.13690314e+02
613             	3.13694283e+02
614             	3.13697726e+02
615             	3.13701091e+02
616             	3.13694314e+02
617             	3.13689986e+02
618             	3.13686258e+02
619             	3.13681715e+02
620             	3.13675467e+02
621             	3.13667712e+02
622             	3.13658947e+02
623             	3.13649253e+02
624             	3.13639662e+02
625             	3.13632956e+02
626             	3.13629761e+02
627             	3.13628085e+02
628             	3.13628356e+02
629             	3.13630881e+02
630             	3.13635384e+02
631             	3.13639672e+02
632             	3.13643295e+02
633             	3.13646296e+02
634             	3.13649301e+02
635             	3.13652244e+02
636             	3.13655832e+02
637             	3.13659454e+02
638             	3.13659648e+02
639             	3.13659893e+02
640             	3.13659098e+02
641             	3.13657206e+02
642             	3.13654060e+02
643             	3.13652367e+02
644             	3.13651489e+02
645             	3.13650918e+02
646             	3.13652518e+02
647             	3.13655445e+02
648             	3.13659590e+02
649             	3.13663969e+02
650             	3.13668931e+02
651             	3.13674638e+02
652             	3.13681046e+02
653             	3.13678646e+02
654             	3.13679362e+02
655             	3.13682026e+02
656             	3.13684262e+02
657             	3.13684553e+02
658             	3.13683748e+02
659             	3.13681982e+02
660             	3.13679136e+02
661             	3.13673458e+02
662             	3.13671019e+02
663             	3.13670054e+02
664             	3.13672968e+02
665             	3.13678060e+02
666             	3.13683848e+02
667             	3.13689258e+02
668             	3.13694461e+02
669             	3.13699237e+02
670             	3.13705835e+02
671             	3.13709292e+02
672             	3.13712800e+02
673             	3.13715142e+02
674             	3.13714660e+02
675             	3.13712420e+02
676             	3.13701673e+02
677             	3.13696558e+02
678             	3.13694303e+02
679             	3.13694770e+02
680             	3.13697223e+02
681             	3.13700495e+02
682             	3.13702985e+02
683             	3.13704019e+02
684             	3.13703099e+02
685             	3.13700246e+02
686             	3.13696141e+02
687             	3.13691700e+02
688             	3.13686631e+02
689             	3.13681534e+02
690             	3.13676993e+02
691             	3.13673321e+02
692             	3.13670753e+02
693             	3.13669603e+02
694             	3.13670402e+02
695             	3.13672910e+02
696             	3.13677190e+02
697             	3.13682509e+02
698             	3.13688491e+02
699             	3.13694723e+02
700             	3.13700831e+02
701             	3.13706160e+02
702             	3.13710576e+02
703             	3.13714749e+02
704             	3.13718979e+02
705             	3.13723095e+02
706             	3.13724091e+02
707             	3.13726943e+02
708             	3.13730271e+02
709             	3.13732009e+02
710             	3.13730459e+02
711             	3.13726291e+02
712             	3.13720339e+02
713             	3.13713677e+02
714             	3.13706920e+02
715             	3.13700631e+02
716             	3.13694971e+02
717             	3.13690194e+02
718             	3.13686306e+02
719             	3.13683922e+02
720             	3.13683621e+02
721             	3.13685865e+02
722             	3.13687315e+02
723             	3.13689866e+02
724             	3.13693029e+02
725             	3.13696641e+02
726             	3.13700378e+02
727             	3.13704559e+02
728             	3.13709100e+02
729             	3.13714592e+02
730             	3.13719466e+02
731             	3.13723792e+02
732             	3.13723931e+02
733             	3.13725758e+02
734             	3.13727537e+02
735             	3.13725345e+02
736             	3.13719972e+02
737             	3.13713733e+02
738             	3.13708944e+02
739             	3.13704098e+02
740             	3.13699764e+02
741             	3.13697584e+02
742             	3.13700405e+02
743             	3.13695572e+02
744             	3.13697074e+02
745             	3.13701003e+02
746             	3.13704102e+02
747             	3.13707830e+02
748             	3.13711605e+02
749             	3.13714633e+02
750             	3.13720256e+02
751             	3.13726127e+02
752             	3.13729901e+02
753             	3.13729619e+02
754             	3.13726432e+02
755             	3.13721931e+02
756             	3.13716472e+02
757             	3.13710528e+02
758             	3.13705297e+02
759             	3.13701239e+02
760             	3.13701519e+02
761             	3.13696006e+02
762             	3.13695889e+02
763             	3.13698420e+02
764             	3.13702648e+02
765             	3.13707837e+02
766             	3.13713400e+02
767             	3.13717783e+02
768             	3.13721026e+02
769             	3.13723284e+02
770             	3.13724810e+02
771             	3.13726055e+02
772             	3.13727607e+02
773             	3.13729855e+02
774             	3.13723129e+02
775             	3.13720368e+02
776             	3.13720105e+02
777             	3.13719923e+02
778             	3.13719804e+02
779             	3.13719525e+02
780             	3.13718464e+02
781             	3.13716570e+02
782             	3.13714442e+02
783             	3.13712307e+02
784             	3.13710377e+02
785             	3.13709191e+02
786             	3.13708845e+02
787             	3.13708629e+02
788             	3.13708835e+02
789             	3.13709698e+02
790             	3.13711207e+02
791             	3.13713121e+02
792             	3.13715439e+02
793             	3.13718178e+02
794             	3.13721242e+02
795             	3.13724230e+02
796             	3.13717735e+02
797             	3.13715821e+02
798             	3.13715938e+02
799             	3.13717314e+02
800             	3.13719715e+02
801             	3.13722823e+02
802             	3.13717551e+02
803             	3.13716835e+02
804             	3.13718053e+02
805             	3.13721045e+02
806             	3.13724740e+02
807             	3.13727939e+02
808             	3.13721767e+02
809             	3.13719313e+02
810             	3.13718361e+02
811             	3.13718391e+02
812             	3.13719390e+02
813             	3.13721652e+02
814             	3.13715405e+02
815             	3.13713737e+02
816             	3.13714472e+02
817             	3.13717173e+02
818             	3.13721752e+02
819             	3.13717693e+02
820             	3.13718814e+02
821             	3.13722232e+02
822             	3.13726789e+02
823             	3.13732005e+02
824             	3.13728525e+02
825             	3.13729116e+02
826             	3.13731121e+02
827             	3.13733876e+02
828             	3.13737333e+02
829             	3.13738831e+02
830             	3.13740631e+02
831             	3.13742447e+02
832             	3.13743092e+02
833             	3.13742150e+02
834             	3.13739680e+02
835             	3.13737320e+02
836             	3.13735246e+02
837             	3.13733157e+02
838             	3.13732243e+02
839             	3.13732397e+02
840             	3.13733626e+02
841             	3.13736241e+02
842             	3.13730284e+02
843             	3.13729245e+02
844             	3.13730517e+02
845             	3.13733154e+02
846             	3.13736826e+02
847             	3.13741573e+02
848             	3.13737116e+02
849             	3.13737167e+02
850             	3.13739124e+02
851             	3.13742260e+02
852             	3.13746518e+02
853             	3.13742599e+02
854             	3.13743107e+02
855             	3.13745376e+02
856             	3.13748698e+02
857             	3.13753160e+02
858             	3.13748356e+02
859             	3.13747591e+02
860             	3.13748133e+02
861             	3.13749727e+02
862             	3.13752416e+02
863             	3.13745605e+02
864             	3.13742646e+02
865             	3.13741119e+02
866             	3.13740507e+02
867             	3.13740496e+02
868             	3.13740758e+02
869             	3.13740998e+02
870             	3.13740721e+02
871             	3.13739734e+02
872             	3.13738141e+02
873             	3.13736169e+02
874             	3.13734191e+02
875             	3.13732504e+02
876             	3.13731359e+02
877             	3.13731031e+02
878             	3.13731440e+02
879             	3.13732498e+02
880             	3.13734345e+02
881             	3.13727608e+02
882             	3.13725659e+02
883             	3.13725709e+02
884             	3.13726815e+02
885             	3.13728175e+02
886             	3.13730118e+02
887             	3.13732434e+02
888             	3.13734741e+02
889             	3.13735932e+02
890             	3.13736223e+02
891             	3.13736019e+02
892             	3.13734959e+02
893             	3.13733120e+02
894             	3.13730975e+02
895             	3.13728730e+02
896             	3.13726672e+02
897             	3.13725265e+02
898             	3.13725330e+02
899             	3.13726928e+02
900             	3.13729905e+02
901             	3.13724406e+02
902             	3.13723945e+02
903             	3.13725930e+02
904             	3.13729483e+02
905             	3.13734164e+02
906             	3.13730726e+02
907             	3.13731569e+02
908             	3.13733927e+02
909             	3.13736963e+02
910             	3.13740406e+02
911             	3.13744286e+02
912             	3.13738923e+02
913             	3.13737599e+02
914             	3.13737675e+02
915             	3.13738197e+02
916             	3.13738351e+02
917             	3.13737704e+02
918             	3.13735873e+02
919             	3.13732093e+02
920             	3.13728109e+02
921             	3.13724180e+02
922             	3.13720833e+02
923             	3.13718154e+02
924             	3.13717006e+02
925             	3.13717407e+02
926             	3.13719418e+02
927             	3.13723325e+02
928             	3.13718723e+02
929             	3.13719298e+02
930             	3.13722095e+02
931             	3.13726148e+02
932             	3.13731071e+02
933             	3.13736953e+02
934             	3.13733259e+02
935             	3.13733908e+02
936             	3.13736384e+02
937             	3.13739518e+02
938             	3.13743219e+02
939             	3.13738498e+02
940             	3.13737903e+02
941             	3.13738819e+02
942             	3.13740502e+02
943             	3.13742879e+02
944             	3.13736299e+02
945             	3.13733455e+02
946             	3.13731809e+02
947             	3.13730595e+02
948             	3.13729454e+02
949             	3.13728013e+02
950             	3.13725985e+02
951             	3.13722987e+02
952             	3.13719365e+02
953             	3.13715858e+02
954             	3.13712213e+02
955             	3.13708294e+02
956             	3.13704236e+02
957             	3.13700290e+02
958             	3.13696823e+02
959             	3.13693967e+02
960             	3.13693306e+02
961             	3.13694044e+02
962             	3.13696025e+02
963             	3.13699565e+02
964             	3.13704183e+02
965             	3.13699379e+02
966             	3.13698876e+02
967             	3.13699809e+02
968             	3.13701172e+02
969             	3.13702420e+02
970             	3.13703201e+02
971             	3.13703157e+02
972             	3.13701958e+02
973             	3.13700102e+02
974             	3.13697686e+02
975             	3.13694987e+02
976             	3.13692279e+02
977             	3.13689719e+02
978             	3.13687760e+02
979             	3.13686733e+02
980             	3.13686664e+02
981             	3.13687537e+02
982             	3.13689412e+02
983             	3.13692029e+02
984             	3.13695369e+02
985             	3.13699065e+02
986             	3.13694814e+02
987             	3.13695835e+02
988             	3.13699081e+02
989             	3.13703627e+02
990             	3.13709054e+02
991             	3.13714814e+02
992             	3.13720611e+02
993             	3.13726312e+02
994             	3.13722416e+02
995             	3.13722435e+02
996             	3.13723657e+02
997             	3.13725184e+02
998             	3.13726565e+02
999             	3.13727153e+02
1000            	3.13727119e+02
1001            	3.13725870e+02
1002            	3.13723155e+02
1003            	3.13719210e+02
1004            	3.13714417e+02
1005            	3.13709130e+02
1006            	3.13703605e+02
1007            	3.13698206e+02
1008            	3.13693358e+02
1009            	3.13689417e+02
1010            	3.13686804e+02
1011            	3.13685062e+02
1012            	3.13684532e+02
1013            	3.13684895e+02
1014            	3.13685937e+02
1015            	3.13687620e+02
1016            	3.13689883e+02
1017            	3.13692535e+02
1018            	3.13695411e+02
1019            	3.13698360e+02
1020            	3.13701330e+02
1021            	3.13704336e+02
1022            	3.13707340e+02
1023            	3.13709991e+02
1024            	3.13702992e+02
1025            	3.13700366e+02
1026            	3.13699435e+02
1027            	3.13699257e+02
1028            	3.13699343e+02
1029            	3.13699235e+02
1030            	3.13698745e+02
1031            	3.13697688e+02
1032            	3.13695999e+02
1033            	3.13693709e+02
1034            	3.13690871e+02
1035            	3.13687303e+02
1036            	3.13683705e+02
1037            	3.13680187e+02
1038            	3.13676543e+02
1039            	3.13672901e+02
1040            	3.13669476e+02
1041            	3.13666429e+02
1042            	3.13663956e+02
1043            	3.13662186e+02
1044            	3.13661299e+02
1045            	3.13661771e+02
1046            	3.13663241e+02
1047            	3.13665825e+02
1048            	3.13669526e+02
1049            	3.13674080e+02
1050            	3.13679064e+02
1051            	3.13674329e+02
1052            	3.13673916e+02
1053            	3.13675095e+02
1054            	3.13676979e+02
1055            	3.13679182e+02
1056            	3.13681582e+02
1057            	3.13683669e+02
1058            	3.13685246e+02
1059            	3.13686180e+02
1060            	3.13686367e+02
1061            	3.13685758e+02
1062            	3.13684678e+02
1063            	3.13683237e+02
1064            	3.13681804e+02
1065            	3.13681038e+02
1066            	3.13681061e+02
1067            	3.13681811e+02
1068            	3.13683284e+02
1069            	3.13685686e+02
1070            	3.13689457e+02
1071            	3.13684911e+02
1072            	3.13685748e+02
1073            	3.13688944e+02
1074            	3.13693502e+02
1075            	3.13698965e+02
1076            	3.13704901e+02
1077            	3.13711147e+02
1078            	3.13707637e+02
1079            	3.13708190e+02
1080            	3.13710182e+02
1081            	3.13712864e+02
1082            	3.13715819e+02
1083            	3.13716601e+02
1084            	3.13717253e+02
1085            	3.13717198e+02
1086            	3.13715639e+02
1087            	3.13711911e+02
1088            	3.13708178e+02
1089            	3.13704990e+02
1090            	3.13702024e+02
1091            	3.13699442e+02
1092            	3.13697603e+02
1093            	3.13696824e+02
1094            	3.13698415e+02
1095            	3.13701751e+02
1096            	3.13696537e+02
1097            	3.13696349e+02
1098            	3.13698423e+02
1099            	3.13701652e+02
1100            	3.13705671e+02
1101            	3.13710244e+02
1102            	3.13715323e+02
1103            	3.13711061e+02
1104            	3.13711070e+02
1105            	3.13712392e+02
1106            	3.13714151e+02
1107            	3.13716359e+02
1108            	3.13719380e+02
1109            	3.13712496e+02
1110            	3.13709534e+02
1111            	3.13707974e+02
1112            	3.13706376e+02
1113            	3.13704821e+02
1114            	3.13702784e+02
1115            	3.13699926e+02
1116            	3.13696163e+02
1117            	3.13691727e+02
1118            	3.13687072e+02
1119            	3.13682813e+02
1120            	3.13679382e+02
1121            	3.13676923e+02
1122            	3.13675599e+02
1123            	3.13675559e+02
1124            	3.13676903e+02
1125            	3.13679113e+02
1126            	3.13682295e+02
1127            	3.13686603e+02
1128            	3.13682388e+02
1129            	3.13683050e+02
1130            	3.13685660e+02
1131            	3.13689323e+02
1132            	3.13693679e+02
1133            	3.13698566e+02
1134            	3.13704266e+02
1135            	3.13700091e+02
1136            	3.13700124e+02
1137            	3.13701727e+02
1138            	3.13704092e+02
1139            	3.13706965e+02
1140            	3.13710343e+02
1141            	3.13703721e+02
1142            	3.13700796e+02
1143            	3.13699001e+02
1144            	3.13697444e+02
1145            	3.13695737e+02
1146            	3.13693315e+02
1147            	3.13691289e+02
1148            	3.13689619e+02
1149            	3.13688245e+02
1150            	3.13686991e+02
1151            	3.13685840e+02
1152            	3.13685115e+02
1153            	3.13684784e+02
1154            	3.13684833e+02
1155            	3.13685377e+02
1156            	3.13686557e+02
1157            	3.13688579e+02
1158            	3.13691599e+02
1159            	3.13695507e+02
1160            	3.13690821e+02
1161            	3.13690933e+02
1162            	3.13693158e+02
1163            	3.13696606e+02
1164            	3.13700923e+02
1165            	3.13705985e+02
1166            	3.13702136e+02
1167            	3.13702722e+02
1168            	3.13704998e+02
1169            	3.13708122e+02
1170            	3.13712272e+02
1171            	3.13716980e+02
1172            	3.13711232e+02
1173            	3.13708887e+02
1174            	3.13707713e+02
1175            	3.13706806e+02
1176            	3.13705927e+02
1177            	3.13705051e+02
1178            	3.13705064e+02
1179            	3.13705585e+02
1180            	3.13706451e+02
1181            	3.13708026e+02
1182            	3.13702086e+02
1183            	3.13701663e+02
1184            	3.13703380e+02
1185            	3.13706621e+02
1186            	3.13711241e+02
1187            	3.13707981e+02
1188            	3.13708832e+02
1189            	3.13711184e+02
1190            	3.13714484e+02
1191            	3.13718675e+02
1192            	3.13714696e+02
1193            	3.13715060e+02
1194            	3.13716792e+02
1195            	3.13719189e+02
1196            	3.13722288e+02
1197            	3.13717072e+02
1198            	3.13715453e+02
1199            	3.13714695e+02
1200            	3.13714143e+02
1201            	3.13713707e+02
1202            	3.13713077e+02
1203            	3.13711992e+02
1204            	3.13710620e+02
1205            	3.13709334e+02
1206            	3.13708658e+02
1207            	3.13708746e+02
1208            	3.13710157e+02
1209            	3.13713305e+02
1210            	3.13707674e+02
1211            	3.13707200e+02
1212            	3.13709427e+02
1213            	3.13713403e+02
1214            	3.13718717e+02
1215            	3.13725308e+02
1216            	3.13722227e+02
1217            	3.13723564e+02
1218            	3.13726600e+02
1219            	3.13730545e+02
1220            	3.13735130e+02
1221            	3.13731039e+02
1222            	3.13730823e+02
1223            	3.13731845e+02
1224            	3.13733221e+02
1225            	3.13734962e+02
1226            	3.13736789e+02
1227            	3.13737673e+02
1228            	3.13737163e+02
1229            	3.13735877e+02
1230            	3.13733720e+02
1231            	3.13731166e+02
1232            	3.13728508e+02
1233            	3.13725969e+02
1234            	3.13724004e+02
1235            	3.13722500e+02
1236            	3.13721443e+02
1237            	3.13720765e+02
1238            	3.13720804e+02
1239            	3.13722082e+02
1240            	3.13724664e+02
1241            	3.13728116e+02
1242            	3.13722407e+02
1243            	3.13721566e+02
1244            	3.13722876e+02
1245            	3.13725395e+02
1246            	3.13728747e+02
1247            	3.13732758e+02
1248            	3.13727977e+02
1249            	3.13727350e+02
1250            	3.13728094e+02
1251            	3.13729319e+02
1252            	3.13729556e+02
1253            	3.13729658e+02
1254            	3.13729059e+02
1255            	3.13727274e+02
1256            	3.13724394e+02
1257            	3.13720844e+02
1258            	3.13717063e+02
1259            	3.13713597e+02
1260            	3.13710676e+02
1261            	3.13708846e+02
1262            	3.13708402e+02
1263            	3.13709357e+02
1264            	3.13711234e+02
1265            	3.13714326e+02
1266            	3.13708367e+02
1267            	3.13707527e+02
1268            	3.13708663e+02
1269            	3.13710611e+02
1270            	3.13712724e+02
1271            	3.13715122e+02
1272            	3.13717692e+02
1273            	3.13720136e+02
1274            	3.13721451e+02
1275            	3.13721260e+02
1276            	3.13719679e+02
1277            	3.13717029e+02
1278            	3.13713376e+02
1279            	3.13708903e+02
1280            	3.13703808e+02
1281            	3.13698435e+02
1282            	3.13693032e+02
1283            	3.13687604e+02
1284            	3.13682298e+02
1285            	3.13677373e+02
1286            	3.13673081e+02
1287            	3.13670183e+02
1288            	3.13668652e+02
1289            	3.13668632e+02
1290            	3.13670260e+02
1291            	3.13673111e+02
1292            	3.13677063e+02
1293            	3.13681973e+02
1294            	3.13687524e+02
1295            	3.13693438e+02
1296            	3.13689859e+02
1297            	3.13690898e+02
1298            	3.13693728e+02
1299            	3.13697464e+02
1300            	3.13701665e+02
1301            	3.13705995e+02
1302            	3.13710760e+02
1303            	3.13705818e+02
1304            	3.13705145e+02
1305            	3.13706201e+02
1306            	3.13708217e+02
1307            	3.13711074e+02
1308            	3.13705385e+02
1309            	3.13703664e+02
1310            	3.13703437e+02
1311            	3.13703992e+02
1312            	3.13705014e+02
1313            	3.13706349e+02
1314            	3.13707796e+02
1315            	3.13700115e+02
1316            	3.13696790e+02
1317            	3.13695166e+02
1318            	3.13694528e+02
1319            	3.13694643e+02
1320            	3.13695318e+02
1321            	3.13696660e+02
1322            	3.13697955e+02
1323            	3.13699248e+02
1324            	3.13700121e+02
1325            	3.13700504e+02
1326            	3.13700758e+02
1327            	3.13701211e+02
1328            	3.13702159e+02
1329            	3.13703713e+02
1330            	3.13705919e+02
1331            	3.13698831e+02
1332            	3.13696181e+02
1333            	3.13695222e+02
1334            	3.13694946e+02
1335            	3.13694773e+02
1336            	3.13694154e+02
1337            	3.13693209e+02
1338            	3.13691258e+02
1339            	3.13688411e+02
1340            	3.13685014e+02
1341            	3.13681294e+02
1342            	3.13677634e+02
1343            	3.13674336e+02
1344            	3.13672164e+02
1345            	3.13671463e+02
1346            	3.13672810e+02
1347            	3.13675914e+02
1348            	3.13681513e+02
1349            	3.13687916e+02
1350            	3.13685457e+02
1351            	3.13688078e+02
1352            	3.13692625e+02
1353            	3.13697952e+02
1354            	3.13703431e+02
1355            	3.13708674e+02
1356            	3.13713738e+02
1357            	3.13719018e+02
1358            	3.13713988e+02
1359            	3.13712723e+02
1360            	3.13712796e+02
1361            	3.13713580e+02
1362            	3.13715062e+02
1363            	3.13708001e+02
1364            	3.13704640e+02
1365            	3.13702595e+02
1366            	3.13701100e+02
1367            	3.13699700e+02
1368            	3.13698056e+02
1369            	3.13695942e+02
1370            	3.13693341e+02
1371            	3.13690223e+02
1372            	3.13686952e+02
1373            	3.13684205e+02
1374            	3.13682424e+02
1375            	3.13681087e+02
1376            	3.13680156e+02
1377            	3.13679899e+02
1378            	3.13680220e+02
1379            	3.13680980e+02
1380            	3.13681971e+02
1381            	3.13683178e+02
1382            	3.13684726e+02
1383            	3.13686634e+02
1384            	3.13688774e+02
1385            	3.13691137e+02
1386            	3.13693854e+02
1387            	3.13696968e+02
1388            	3.13700616e+02
1389            	3.13695291e+02
1390            	3.13694232e+02
1391            	3.13695182e+02
1392            	3.13697401e+02
1393            	3.13700497e+02
1394            	3.13704422e+02
1395            	3.13708731e+02
1396            	3.13703049e+02
1397            	3.13701261e+02
1398            	3.13700913e+02
1399            	3.13701275e+02
1400            	3.13702023e+02
1401            	3.13703192e+02
1402            	3.13704546e+02
1403            	3.13705985e+02
1404            	3.13707419e+02
1405            	3.13709028e+02
1406            	3.13711032e+02
1407            	3.13704021e+02
1408            	3.13701679e+02
1409            	3.13702170e+02
1410            	3.13704339e+02
1411            	3.13707780e+02
1412            	3.13712771e+02
1413            	3.13708469e+02
1414            	3.13708801e+02
1415            	3.13711131e+02
1416            	3.13714700e+02
1417            	3.13719310e+02
1418            	3.13715640e+02
1419            	3.13716056e+02
1420            	3.13717840e+02
1421            	3.13720166e+02
1422            	3.13722511e+02
1423            	3.13724386e+02
1424            	3.13725338e+02
1425            	3.13725037e+02
1426            	3.13724012e+02
1427            	3.13722350e+02
1428            	3.13720259e+02
1429            	3.13717896e+02
1430            	3.13715709e+02
1431            	3.13713852e+02
1432            	3.13712724e+02
1433            	3.13712870e+02
1434            	3.13713996e+02
1435            	3.13715951e+02
1436            	3.13718896e+02
1437            	3.13713364e+02
1438            	3.13712717e+02
1439            	3.13714163e+02
1440            	3.13716825e+02
1441            	3.13720406e+02
1442            	3.13724736e+02
1443            	3.13729492e+02
1444            	3.13724468e+02
1445            	3.13723739e+02
1446            	3.13724546e+02
1447            	3.13725997e+02
1448            	3.13727742e+02
1449            	3.13729353e+02
1450            	3.13730477e+02
1451            	3.13730635e+02
1452            	3.13729504e+02
1453            	3.13727331e+02
1454            	3.13724127e+02
1455            	3.13720449e+02
1456            	3.13716434e+02
1457            	3.13712541e+02
1458            	3.13709108e+02
1459            	3.13705807e+02
1460            	3.13702892e+02
1461            	3.13701368e+02
1462            	3.13700714e+02
1463            	3.13700799e+02
1464            	3.13701728e+02
1465            	3.13703389e+02
1466            	3.13705571e+02
1467            	3.13708109e+02
1468            	3.13710719e+02
1469            	3.13713234e+02
1470            	3.13715390e+02
1471            	3.13717214e+02
1472            	3.13718625e+02
1473            	3.13719574e+02
1474            	3.13719964e+02
1475            	3.13719780e+02
1476            	3.13718866e+02
1477            	3.13717368e+02
1478            	3.13715340e+02
1479            	3.13712765e+02
1480            	3.13709690e+02
1481            	3.13706177e+02
1482            	3.13702000e+02
1483            	3.13698102e+02
1484            	3.13694573e+02
1485            	3.13691256e+02
1486            	3.13687920e+02
1487            	3.13684957e+02
1488            	3.13682517e+02
1489            	3.13680458e+02
1490            	3.13680184e+02
1491            	3.13681022e+02
1492            	3.13682686e+02
1493            	3.13685156e+02
1494            	3.13688274e+02
1495            	3.13691702e+02
1496            	3.13695304e+02
1497            	3.13699046e+02
1498            	3.13693161e+02
1499            	3.13691671e+02
1500            	3.13691889e+02
1501            	3.13692921e+02
1502            	3.13692995e+02
1503            	3.13693213e+02
1504            	3.13693082e+02
1505            	3.13691948e+02
1506            	3.13689434e+02
1507            	3.13686273e+02
1508            	3.13683229e+02
1509            	3.13680105e+02
1510            	3.13676915e+02
1511            	3.13674080e+02
1512            	3.13672060e+02
1513            	3.13671196e+02
1514            	3.13671677e+02
1515            	3.13673509e+02
1516            	3.13676514e+02
1517            	3.13680536e+02
1518            	3.13685450e+02
1519            	3.13690264e+02
1520            	3.13686958e+02
1521            	3.13688578e+02
1522            	3.13692172e+02
1523            	3.13696911e+02
1524            	3.13702517e+02
1525            	3.13708844e+02
1526            	3.13715648e+02
1527            	3.13712637e+02
1528            	3.13713551e+02
1529            	3.13715712e+02
1530            	3.13718302e+02
1531            	3.13721305e+02
1532            	3.13724422e+02
1533            	3.13726289e+02
1534            	3.13726055e+02
1535            	3.13725091e+02
1536            	3.13723324e+02
1537            	3.13721171e+02
1538            	3.13718957e+02
1539            	3.13717167e+02
1540            	3.13715947e+02
1541            	3.13715389e+02
1542            	3.13715657e+02
1543            	3.13717379e+02
1544            	3.13711142e+02
1545            	3.13710075e+02
1546            	3.13711390e+02
1547            	3.13714232e+02
1548            	3.13718373e+02
1549            	3.13723948e+02
1550            	3.13720345e+02
1551            	3.13721391e+02
1552            	3.13724375e+02
1553            	3.13728425e+02
1554            	3.13733301e+02
1555            	3.13729645e+02
1556            	3.13729968e+02
1557            	3.13731629e+02
1558            	3.13733894e+02
1559            	3.13736585e+02
1560            	3.13739618e+02
1561            	3.13732436e+02
1562            	3.13729039e+02
1563            	3.13726885e+02
1564            	3.13725157e+02
1565            	3.13723524e+02
1566            	3.13721657e+02
1567            	3.13719256e+02
1568            	3.13716590e+02
1569            	3.13713711e+02
1570            	3.13711163e+02
1571            	3.13708850e+02
1572            	3.13706746e+02
1573            	3.13704855e+02
1574            	3.13703297e+02
1575            	3.13702340e+02
1576            	3.13702110e+02
1577            	3.13702830e+02
1578            	3.13704581e+02
1579            	3.13707274e+02
1580            	3.13710889e+02
1581            	3.13706005e+02
1582            	3.13705931e+02
1583            	3.13707880e+02
1584            	3.13710974e+02
1585            	3.13714836e+02
1586            	3.13719219e+02
1587            	3.13723979e+02
1588            	3.13718790e+02
1589            	3.13717750e+02
1590            	3.13718372e+02
1591            	3.13719748e+02
1592            	3.13721486e+02
1593            	3.13723358e+02
1594            	3.13725464e+02
1595            	3.13718094e+02
1596            	3.13714965e+02
1597            	3.13713970e+02
1598            	3.13714337e+02
1599            	3.13716037e+02
1600            	3.13719163e+02
1601            	3.13713514e+02
1602            	3.13712332e+02
1603            	3.13712795e+02
1604            	3.13715137e+02
1605            	3.13718906e+02
1606            	3.13714559e+02
1607            	3.13714746e+02
1608            	3.13716875e+02
1609            	3.13720123e+02
1610            	3.13724183e+02
1611            	3.13719656e+02
1612            	3.13719175e+02
1613            	3.13720149e+02
1614            	3.13721820e+02
1615            	3.13723195e+02
1616            	3.13724657e+02
1617            	3.13726013e+02
1618            	3.13726167e+02
1619            	3.13725083e+02
1620            	3.13723125e+02
1621            	3.13720579e+02
1622            	3.13717315e+02
1623            	3.13714114e+02
1624            	3.13711227e+02
1625            	3.13708931e+02
1626            	3.13707552e+02
1627            	3.13707041e+02
1628            	3.13707273e+02
1629            	3.13708255e+02
1630            	3.13710033e+02
1631            	3.13712901e+02
1632            	3.13707912e+02
1633            	3.13707943e+02
1634            	3.13710201e+02
1635            	3.13713880e+02
1636            	3.13718727e+02
1637            	3.13724728e+02
1638            	3.13721402e+02
1639            	3.13722175e+02
1640            	3.13724303e+02
1641            	3.13727049e+02
1642            	3.13730280e+02
1643            	3.13732853e+02
1644            	3.13736063e+02
1645            	3.13730113e+02
1646            	3.13727964e+02
1647            	3.13726919e+02
1648            	3.13726259e+02
1649            	3.13725520e+02
1650            	3.13724682e+02
1651            	3.13723826e+02
1652            	3.13723027e+02
1653            	3.13722423e+02
1654            	3.13722368e+02
1655            	3.13723167e+02
1656            	3.13724770e+02
1657            	3.13727340e+02
1658            	3.13721657e+02
1659            	3.13720130e+02
1660            	3.13721640e+02
1661            	3.13725132e+02
1662            	3.13729694e+02
1663            	3.13734812e+02
1664            	3.13740153e+02
1665            	3.13745460e+02
1666            	3.13750974e+02
1667            	3.13745817e+02
1668            	3.13743952e+02
1669            	3.13742785e+02
1670            	3.13741676e+02
1671            	3.13740106e+02
1672            	3.13737648e+02
1673            	3.13733660e+02
1674            	3.13729022e+02
1675            	3.13723759e+02
1676            	3.13718286e+02
1677            	3.13712802e+02
1678            	3.13707701e+02
1679            	3.13702905e+02
1680            	3.13698909e+02
1681            	3.13695799e+02
1682            	3.13693918e+02
1683            	3.13693376e+02
1684            	3.13694070e+02
1685            	3.13695487e+02
1686            	3.13697687e+02
1687            	3.13700746e+02
1688            	3.13704309e+02
1689            	3.13708185e+02
1690            	3.13712581e+02
1691            	3.13707709e+02
1692            	3.13707518e+02
1693            	3.13709254e+02
1694            	3.13712025e+02
1695            	3.13715528e+02
1696            	3.13719744e+02
1697            	3.13715276e+02
1698            	3.13715186e+02
1699            	3.13716524e+02
1700            	3.13718551e+02
1701            	3.13721014e+02
1702            	3.13723238e+02
1703            	3.13724546e+02
1704            	3.13725778e+02
1705            	3.13726166e+02
1706            	3.13725614e+02
1707            	3.13724984e+02
1708            	3.13724623e+02
1709            	3.13724538e+02
1710            	3.13724852e+02
1711            	3.13725505e+02
1712            	3.13726616e+02
1713            	3.13728374e+02
1714            	3.13730491e+02
1715            	3.13724348e+02
1716            	3.13724148e+02
1717            	3.13726545e+02
1718            	3.13730667e+02
1719            	3.13736451e+02
1720            	3.13733913e+02
1721            	3.13735657e+02
1722            	3.13738620e+02
1723            	3.13741841e+02
1724            	3.13745175e+02
1725            	3.13747376e+02
1726            	3.13749498e+02
1727            	3.13741934e+02
1728            	3.13737514e+02
1729            	3.13733816e+02
1730            	3.13730028e+02
1731            	3.13726285e+02
1732            	3.13722221e+02
1733            	3.13717730e+02
1734            	3.13713441e+02
1735            	3.13709165e+02
1736            	3.13705268e+02
1737            	3.13701845e+02
1738            	3.13700330e+02
1739            	3.13700610e+02
1740            	3.13702274e+02
1741            	3.13705235e+02
1742            	3.13709684e+02
1743            	3.13705348e+02
1744            	3.13706010e+02
1745            	3.13708781e+02
1746            	3.13712726e+02
1747            	3.13717539e+02
1748            	3.13723213e+02
1749            	3.13719905e+02
1750            	3.13720935e+02
1751            	3.13723545e+02
1752            	3.13726952e+02
1753            	3.13731072e+02
1754            	3.13726194e+02
1755            	3.13725168e+02
1756            	3.13725380e+02
1757            	3.13725602e+02
1758            	3.13725879e+02
1759            	3.13725699e+02
1760            	3.13724405e+02
1761            	3.13721950e+02
1762            	3.13718609e+02
1763            	3.13714517e+02
1764            	3.13710582e+02
1765            	3.13707089e+02
1766            	3.13704323e+02
1767            	3.13702429e+02
1768            	3.13701127e+02
1769            	3.13700364e+02
1770            	3.13700173e+02
1771            	3.13700644e+02
1772            	3.13701947e+02
1773            	3.13704289e+02
1774            	3.13707537e+02
1775            	3.13711592e+02
1776            	3.13706763e+02
1777            	3.13706749e+02
1778            	3.13708775e+02
1779            	3.13711968e+02
1780            	3.13715954e+02
1781            	3.13720612e+02
1782            	3.13716561e+02
1783            	3.13716753e+02
1784            	3.13718420e+02
1785            	3.13720434e+02
1786            	3.13722479e+02
1787            	3.13724054e+02
1788            	3.13724254e+02
1789            	3.13724154e+02
1790            	3.13723712e+02
1791            	3.13722957e+02
1792            	3.13722040e+02
1793            	3.13721240e+02
1794            	3.13720802e+02
1795            	3.13720751e+02
1796            	3.13721781e+02
1797            	3.13715231e+02
1798            	3.13714209e+02
1799            	3.13715598e+02
1800            	3.13718542e+02
1801            	3.13722785e+02
1802            	3.13728259e+02
1803            	3.13724000e+02
1804            	3.13723840e+02
1805            	3.13725113e+02
1806            	3.13727078e+02
1807            	3.13729470e+02
1808            	3.13732324e+02
1809            	3.13725870e+02
1810            	3.13723298e+02
1811            	3.13721943e+02
1812            	3.13720618e+02
1813            	3.13718869e+02
1814            	3.13715991e+02
1815            	3.13711649e+02
1816            	3.13705910e+02
1817            	3.13699133e+02
1818            	3.13691821e+02
1819            	3.13684477e+02
1820            	3.13677836e+02
1821            	3.13672697e+02
1822            	3.13669524e+02
1823            	3.13668575e+02
1824            	3.13669398e+02
1825            	3.13671599e+02
1826            	3.13675308e+02
1827            	3.13680238e+02
1828            	3.13685823e+02
1829            	3.13691666e+02
1830            	3.13697725e+02
1831            	3.13694215e+02
1832            	3.13695138e+02
1833            	3.13697627e+02
1834            	3.13700959e+02
1835            	3.13704903e+02
1836            	3.13709484e+02
1837            	3.13705403e+02
1838            	3.13705565e+02
1839            	3.13707413e+02
1840            	3.13709882e+02
1841            	3.13712704e+02
1842            	3.13716214e+02
1843            	3.13709827e+02
1844            	3.13706361e+02
1845            	3.13704808e+02
1846            	3.13703961e+02
1847            	3.13703147e+02
1848            	3.13702959e+02
1849            	3.13703522e+02
1850            	3.13704842e+02
1851            	3.13706980e+02
1852            	3.13700655e+02
1853            	3.13699215e+02
1854            	3.13699952e+02
1855            	3.13702160e+02
1856            	3.13705317e+02
1857            	3.13710564e+02
1858            	3.13706705e+02
1859            	3.13707592e+02
1860            	3.13710644e+02
1861            	3.13715084e+02
1862            	3.13720598e+02
1863            	3.13717761e+02
1864            	3.13718928e+02
1865            	3.13721381e+02
1866            	3.13724027e+02
1867            	3.13727138e+02
1868            	3.13730730e+02
1869            	3.13723615e+02
1870            	3.13719541e+02
1871            	3.13716566e+02
1872            	3.13714164e+02
1873            	3.13711712e+02
1874            	3.13709578e+02
1875            	3.13707149e+02
1876            	3.13704681e+02
1877            	3.13702572e+02
1878            	3.13701172e+02
1879            	3.13700807e+02
1880            	3.13702058e+02
1881            	3.13704519e+02
1882            	3.13708163e+02
1883            	3.13703314e+02
1884            	3.13703553e+02
1885            	3.13706116e+02
1886            	3.13710093e+02
1887            	3.13715166e+02
1888            	3.13721285e+02
1889            	3.13718507e+02
1890            	3.13720193e+02
1891            	3.13723532e+02
1892            	3.13727736e+02
1893            	3.13732659e+02
1894            	3.13729212e+02
1895            	3.13729784e+02
1896            	3.13731713e+02
1897            	3.13734358e+02
1898            	3.13737412e+02
1899            	3.13731252e+02
1900            	3.13728455e+02
1901            	3.13726636e+02
1902            	3.13725260e+02
1903            	3.13724375e+02
1904            	3.13723828e+02
1905            	3.13723446e+02
1906            	3.13723091e+02
1907            	3.13722529e+02
1908            	3.13723213e+02
1909            	3.13723899e+02
1910            	3.13724296e+02
1911            	3.13724615e+02
1912            	3.13725170e+02
1913            	3.13717107e+02
1914            	3.13714443e+02
1915            	3.13714125e+02
1916            	3.13715143e+02
1917            	3.13717120e+02
1918            	3.13719820e+02
1919            	3.13723114e+02
1920            	3.13716764e+02
1921            	3.13714727e+02
1922            	3.13714283e+02
1923            	3.13714465e+02
1924            	3.13714696e+02
1925            	3.13714513e+02
1926            	3.13713631e+02
1927            	3.13711938e+02
1928            	3.13709429e+02
1929            	3.13706272e+02
1930            	3.13702531e+02
1931            	3.13698724e+02
1932            	3.13694921e+02
1933            	3.13691248e+02
1934            	3.13688028e+02
1935            	3.13685548e+02
1936            	3.13683734e+02
1937            	3.13682571e+02
1938            	3.13681716e+02
1939            	3.13682671e+02
1940            	3.13684636e+02
1941            	3.13687352e+02
1942            	3.13690678e+02
1943            	3.13694736e+02
1944            	3.13699080e+02
1945            	3.13703307e+02
1946            	3.13697713e+02
1947            	3.13696394e+02
1948            	3.13696640e+02
1949            	3.13697589e+02
1950            	3.13698722e+02
1951            	3.13699644e+02
1952            	3.13699960e+02
1953            	3.13699796e+02
1954            	3.13698948e+02
1955            	3.13697413e+02
1956            	3.13695301e+02
1957            	3.13692806e+02
1958            	3.13689770e+02
1959            	3.13687274e+02
1960            	3.13685335e+02
1961            	3.13683862e+02
1962            	3.13682967e+02
1963            	3.13682877e+02
1964            	3.13683140e+02
1965            	3.13683852e+02
1966            	3.13685101e+02
1967            	3.13686879e+02
1968            	3.13689368e+02
1969            	3.13692968e+02
1970            	3.13697924e+02
1971            	3.13693780e+02
1972            	3.13694481e+02
1973            	3.13697271e+02
1974            	3.13701272e+02
1975            	3.13706014e+02
1976            	3.13711296e+02
1977            	3.13717170e+02
1978            	3.13713456e+02
1979            	3.13714261e+02
1980            	3.13716594e+02
1981            	3.13719522e+02
1982            	3.13722730e+02
1983            	3.13725984e+02
1984            	3.13719079e+02
1985            	3.13715888e+02
1986            	3.13714136e+02
1987            	3.13713031e+02
1988            	3.13712021e+02
1989            	3.13711214e+02
1990            	3.13711010e+02
1991            	3.13712133e+02
1992            	3.13705123e+02
1993            	3.13703185e+02
1994            	3.13703722e+02
1995            	3.13706048e+02
1996            	3.13710031e+02
1997            	3.13706323e+02
1998            	3.13707236e+02
1999            	3.13709860e+02
2000            	3.13713241e+02
