# Region        : cellZone component_2
# Cells         : 220
# Volume        : 4.63710132e-01
# Time          	volAverage(T)
1               	3.00691896e+02
2               	3.01375385e+02
3               	3.01997183e+02
4               	3.02580856e+02
5               	3.03149727e+02
6               	3.03712489e+02
7               	3.04269357e+02
8               	3.04821080e+02
9               	3.05366682e+02
10              	3.05905499e+02
11              	3.06439587e+02
12              	3.06969303e+02
13              	3.07502505e+02
14              	3.08036175e+02
15              	3.08563386e+02
16              	3.09083714e+02
17              	3.09602636e+02
18              	3.10103993e+02
19              	3.10594993e+02
20              	3.11071895e+02
21              	3.11554999e+02
22              	3.12041565e+02
23              	3.12522956e+02
24              	3.13001419e+02
25              	3.13463631e+02
26              	3.13923335e+02
27              	3.14380137e+02
28              	3.14825934e+02
29              	3.15263784e+02
30              	3.15694496e+02
31              	3.16125622e+02
32              	3.16559404e+02
33              	3.16983752e+02
34              	3.17400725e+02
35              	3.17810961e+02
36              	3.18211817e+02
37              	3.18599888e+02
38              	3.18990620e+02
39              	3.19365589e+02
40              	3.19736144e+02
41              	3.20096227e+02
42              	3.20456442e+02
43              	3.20808155e+02
44              	3.21149861e+02
45              	3.21487618e+02
46              	3.21830453e+02
47              	3.22176378e+02
48              	3.22504858e+02
49              	3.22818355e+02
50              	3.23129193e+02
51              	3.23450042e+02
52              	3.23775929e+02
53              	3.24098044e+02
54              	3.24390381e+02
55              	3.24685809e+02
56              	3.24970667e+02
57              	3.25240793e+02
58              	3.25497162e+02
59              	3.25749452e+02
60              	3.25992242e+02
61              	3.26224329e+02
62              	3.26455198e+02
63              	3.26676139e+02
64              	3.26902718e+02
65              	3.27140752e+02
66              	3.27389170e+02
67              	3.27637943e+02
68              	3.27880127e+02
69              	3.28121295e+02
70              	3.28349502e+02
71              	3.28573411e+02
72              	3.28773288e+02
73              	3.28957794e+02
74              	3.29142439e+02
75              	3.29335493e+02
76              	3.29546792e+02
77              	3.29759549e+02
78              	3.29987193e+02
79              	3.30210798e+02
80              	3.30426783e+02
81              	3.30647125e+02
82              	3.30845798e+02
83              	3.31036940e+02
84              	3.31203503e+02
85              	3.31359916e+02
86              	3.31509260e+02
87              	3.31670943e+02
88              	3.31837256e+02
89              	3.31994819e+02
90              	3.32154543e+02
91              	3.32290639e+02
92              	3.32423539e+02
93              	3.32562183e+02
94              	3.32689580e+02
95              	3.32822658e+02
96              	3.32943332e+02
97              	3.33065501e+02
98              	3.33179992e+02
99              	3.33293785e+02
100             	3.33401850e+02
101             	3.33509231e+02
102             	3.33615874e+02
103             	3.33716537e+02
104             	3.33824083e+02
105             	3.33935753e+02
106             	3.34034207e+02
107             	3.34141237e+02
108             	3.34253437e+02
109             	3.34356539e+02
110             	3.34457583e+02
111             	3.34548318e+02
112             	3.34635187e+02
113             	3.34731054e+02
114             	3.34839832e+02
115             	3.34931603e+02
116             	3.35014522e+02
117             	3.35096220e+02
118             	3.35164812e+02
119             	3.35228398e+02
120             	3.35280083e+02
121             	3.35329120e+02
122             	3.35371530e+02
123             	3.35427291e+02
124             	3.35488929e+02
125             	3.35559014e+02
126             	3.35634921e+02
127             	3.35706100e+02
128             	3.35770214e+02
129             	3.35825528e+02
130             	3.35880536e+02
131             	3.35931678e+02
132             	3.35983211e+02
133             	3.36038399e+02
134             	3.36090885e+02
135             	3.36141437e+02
136             	3.36186678e+02
137             	3.36225675e+02
138             	3.36265780e+02
139             	3.36315242e+02
140             	3.36382068e+02
141             	3.36464178e+02
142             	3.36553180e+02
143             	3.36649444e+02
144             	3.36762075e+02
145             	3.36854413e+02
146             	3.36945463e+02
147             	3.37008875e+02
148             	3.37054077e+02
149             	3.37089119e+02
150             	3.37105392e+02
151             	3.37128598e+02
152             	3.37142424e+02
153             	3.37176702e+02
154             	3.37224282e+02
155             	3.37270874e+02
156             	3.37332995e+02
157             	3.37397460e+02
158             	3.37459925e+02
159             	3.37506244e+02
160             	3.37549908e+02
161             	3.37607711e+02
162             	3.37660874e+02
163             	3.37739731e+02
164             	3.37827352e+02
165             	3.37903154e+02
166             	3.37961308e+02
167             	3.38013883e+02
168             	3.38045098e+02
169             	3.38080747e+02
170             	3.38100342e+02
171             	3.38121373e+02
172             	3.38136988e+02
173             	3.38160010e+02
174             	3.38164600e+02
175             	3.38192074e+02
176             	3.38238830e+02
177             	3.38290848e+02
178             	3.38351748e+02
179             	3.38396676e+02
180             	3.38421625e+02
181             	3.38436866e+02
182             	3.38473535e+02
183             	3.38524391e+02
184             	3.38583963e+02
185             	3.38650923e+02
186             	3.38694379e+02
187             	3.38731013e+02
188             	3.38768717e+02
189             	3.38820754e+02
190             	3.38848431e+02
191             	3.38879366e+02
192             	3.38898092e+02
193             	3.38920708e+02
194             	3.38923498e+02
195             	3.38935014e+02
196             	3.38936773e+02
197             	3.38957246e+02
198             	3.38988247e+02
199             	3.39037088e+02
200             	3.39098760e+02
201             	3.39163855e+02
202             	3.39227475e+02
203             	3.39263698e+02
204             	3.39307953e+02
205             	3.39359474e+02
206             	3.39384253e+02
207             	3.39403898e+02
208             	3.39416070e+02
209             	3.39450910e+02
210             	3.39473709e+02
211             	3.39499295e+02
212             	3.39480821e+02
213             	3.39464537e+02
214             	3.39431870e+02
215             	3.39414076e+02
216             	3.39389423e+02
217             	3.39379343e+02
218             	3.39383850e+02
219             	3.39398351e+02
220             	3.39425697e+02
221             	3.39463048e+02
222             	3.39494879e+02
223             	3.39520120e+02
224             	3.39528513e+02
225             	3.39543073e+02
226             	3.39548089e+02
227             	3.39569886e+02
228             	3.39596059e+02
229             	3.39599226e+02
230             	3.39607613e+02
231             	3.39621639e+02
232             	3.39648925e+02
233             	3.39682364e+02
234             	3.39695035e+02
235             	3.39704076e+02
236             	3.39700751e+02
237             	3.39703892e+02
238             	3.39708633e+02
239             	3.39719825e+02
240             	3.39758847e+02
241             	3.39802389e+02
242             	3.39853311e+02
243             	3.39878047e+02
244             	3.39915442e+02
245             	3.39969816e+02
246             	3.40024780e+02
247             	3.40083568e+02
248             	3.40145297e+02
249             	3.40211908e+02
250             	3.40258870e+02
251             	3.40312733e+02
252             	3.40391115e+02
253             	3.40466566e+02
254             	3.40551229e+02
255             	3.40608988e+02
256             	3.40669524e+02
257             	3.40735921e+02
258             	3.40783263e+02
259             	3.40820663e+02
260             	3.40848682e+02
261             	3.40869558e+02
262             	3.40884332e+02
263             	3.40901762e+02
264             	3.40925485e+02
265             	3.40943378e+02
266             	3.40958139e+02
267             	3.40967958e+02
268             	3.40987384e+02
269             	3.41014950e+02
270             	3.41042701e+02
271             	3.41076644e+02
272             	3.41110867e+02
273             	3.41149821e+02
274             	3.41190331e+02
275             	3.41231363e+02
276             	3.41273112e+02
277             	3.41314630e+02
278             	3.41355832e+02
279             	3.41379111e+02
280             	3.41394974e+02
281             	3.41413515e+02
282             	3.41432981e+02
283             	3.41456239e+02
284             	3.41477086e+02
285             	3.41492006e+02
286             	3.41509799e+02
287             	3.41520078e+02
288             	3.41537522e+02
289             	3.41563076e+02
290             	3.41588755e+02
291             	3.41614387e+02
292             	3.41638800e+02
293             	3.41668016e+02
294             	3.41691455e+02
295             	3.41718197e+02
296             	3.41747645e+02
297             	3.41778239e+02
298             	3.41810870e+02
299             	3.41844780e+02
300             	3.41875677e+02
301             	3.41901109e+02
302             	3.41916300e+02
303             	3.41926912e+02
304             	3.41933578e+02
305             	3.41937989e+02
306             	3.41939047e+02
307             	3.41947231e+02
308             	3.41954802e+02
309             	3.41965328e+02
310             	3.41975261e+02
311             	3.41990505e+02
312             	3.41991110e+02
313             	3.41999429e+02
314             	3.41999996e+02
315             	3.42000606e+02
316             	3.41995128e+02
317             	3.42001902e+02
318             	3.42015478e+02
319             	3.42022002e+02
320             	3.42035430e+02
321             	3.42045395e+02
322             	3.42060015e+02
323             	3.42078690e+02
324             	3.42097012e+02
325             	3.42110630e+02
326             	3.42126520e+02
327             	3.42147839e+02
328             	3.42171562e+02
329             	3.42185991e+02
330             	3.42196305e+02
331             	3.42211247e+02
332             	3.42229785e+02
333             	3.42247301e+02
334             	3.42260276e+02
335             	3.42262864e+02
336             	3.42260350e+02
337             	3.42264225e+02
338             	3.42274909e+02
339             	3.42290109e+02
340             	3.42296910e+02
341             	3.42305961e+02
342             	3.42319594e+02
343             	3.42325014e+02
344             	3.42331923e+02
345             	3.42336192e+02
346             	3.42338918e+02
347             	3.42333994e+02
348             	3.42331827e+02
349             	3.42321711e+02
350             	3.42313035e+02
351             	3.42307376e+02
352             	3.42307991e+02
353             	3.42306402e+02
354             	3.42307726e+02
355             	3.42310634e+02
356             	3.42315851e+02
357             	3.42325131e+02
358             	3.42337960e+02
359             	3.42349187e+02
360             	3.42365417e+02
361             	3.42384540e+02
362             	3.42391238e+02
363             	3.42399456e+02
364             	3.42409915e+02
365             	3.42417864e+02
366             	3.42414709e+02
367             	3.42410354e+02
368             	3.42413784e+02
369             	3.42413294e+02
370             	3.42411661e+02
371             	3.42409641e+02
372             	3.42411338e+02
373             	3.42409619e+02
374             	3.42414400e+02
375             	3.42423165e+02
376             	3.42434035e+02
377             	3.42444612e+02
378             	3.42453109e+02
379             	3.42465398e+02
380             	3.42479138e+02
381             	3.42491596e+02
382             	3.42500443e+02
383             	3.42503363e+02
384             	3.42503117e+02
385             	3.42505308e+02
386             	3.42505781e+02
387             	3.42503629e+02
388             	3.42504123e+02
389             	3.42502867e+02
390             	3.42503454e+02
391             	3.42503701e+02
392             	3.42505550e+02
393             	3.42509844e+02
394             	3.42516589e+02
395             	3.42524732e+02
396             	3.42534004e+02
397             	3.42543914e+02
398             	3.42548490e+02
399             	3.42554363e+02
400             	3.42560657e+02
401             	3.42569962e+02
402             	3.42577767e+02
403             	3.42582914e+02
404             	3.42586193e+02
405             	3.42588910e+02
406             	3.42591728e+02
407             	3.42593603e+02
408             	3.42595330e+02
409             	3.42597345e+02
410             	3.42600178e+02
411             	3.42600355e+02
412             	3.42600902e+02
413             	3.42601912e+02
414             	3.42603304e+02
415             	3.42605129e+02
416             	3.42607821e+02
417             	3.42610643e+02
418             	3.42613503e+02
419             	3.42616392e+02
420             	3.42618352e+02
421             	3.42619164e+02
422             	3.42621232e+02
423             	3.42623522e+02
424             	3.42625832e+02
425             	3.42627852e+02
426             	3.42630292e+02
427             	3.42632968e+02
428             	3.42635427e+02
429             	3.42637354e+02
430             	3.42638383e+02
431             	3.42639890e+02
432             	3.42641232e+02
433             	3.42643230e+02
434             	3.42644887e+02
435             	3.42646494e+02
436             	3.42648410e+02
437             	3.42650928e+02
438             	3.42653848e+02
439             	3.42656300e+02
440             	3.42659055e+02
441             	3.42662440e+02
442             	3.42665715e+02
443             	3.42668064e+02
444             	3.42670830e+02
445             	3.42673856e+02
446             	3.42674655e+02
447             	3.42675472e+02
448             	3.42675964e+02
449             	3.42677113e+02
450             	3.42677281e+02
451             	3.42678271e+02
452             	3.42678434e+02
453             	3.42678224e+02
454             	3.42679197e+02
455             	3.42680914e+02
456             	3.42682432e+02
457             	3.42684077e+02
458             	3.42685218e+02
459             	3.42686646e+02
460             	3.42688629e+02
461             	3.42691010e+02
462             	3.42693292e+02
463             	3.42694892e+02
464             	3.42697688e+02
465             	3.42698717e+02
466             	3.42700587e+02
467             	3.42702595e+02
468             	3.42704816e+02
469             	3.42707433e+02
470             	3.42709786e+02
471             	3.42712515e+02
472             	3.42715316e+02
473             	3.42718376e+02
474             	3.42721653e+02
475             	3.42725013e+02
476             	3.42728818e+02
477             	3.42732569e+02
478             	3.42736292e+02
479             	3.42739970e+02
480             	3.42743467e+02
481             	3.42746866e+02
482             	3.42750691e+02
483             	3.42754584e+02
484             	3.42758577e+02
485             	3.42762739e+02
486             	3.42767111e+02
487             	3.42771423e+02
488             	3.42775400e+02
489             	3.42778860e+02
490             	3.42781758e+02
491             	3.42784257e+02
492             	3.42786364e+02
493             	3.42788317e+02
494             	3.42790415e+02
495             	3.42793092e+02
496             	3.42796327e+02
497             	3.42798170e+02
498             	3.42800017e+02
499             	3.42802075e+02
500             	3.42803854e+02
501             	3.42804705e+02
502             	3.42805914e+02
503             	3.42806186e+02
504             	3.42806831e+02
505             	3.42807193e+02
506             	3.42807450e+02
507             	3.42807799e+02
508             	3.42808774e+02
509             	3.42809601e+02
510             	3.42811473e+02
511             	3.42813583e+02
512             	3.42815867e+02
513             	3.42818402e+02
514             	3.42820180e+02
515             	3.42820384e+02
516             	3.42821187e+02
517             	3.42822684e+02
518             	3.42823479e+02
519             	3.42823503e+02
520             	3.42823720e+02
521             	3.42824526e+02
522             	3.42824888e+02
523             	3.42825083e+02
524             	3.42825914e+02
525             	3.42827387e+02
526             	3.42828873e+02
527             	3.42830342e+02
528             	3.42832076e+02
529             	3.42833948e+02
530             	3.42835782e+02
531             	3.42837389e+02
532             	3.42838644e+02
533             	3.42839632e+02
534             	3.42839794e+02
535             	3.42840131e+02
536             	3.42839636e+02
537             	3.42839809e+02
538             	3.42839379e+02
539             	3.42839531e+02
540             	3.42839928e+02
541             	3.42840743e+02
542             	3.42841742e+02
543             	3.42842989e+02
544             	3.42844150e+02
545             	3.42845801e+02
546             	3.42847854e+02
547             	3.42851802e+02
548             	3.42855618e+02
549             	3.42859089e+02
550             	3.42861934e+02
551             	3.42865238e+02
552             	3.42868811e+02
553             	3.42872070e+02
554             	3.42874659e+02
555             	3.42875981e+02
556             	3.42876425e+02
557             	3.42876704e+02
558             	3.42876610e+02
559             	3.42876520e+02
560             	3.42876310e+02
561             	3.42875753e+02
562             	3.42875091e+02
563             	3.42874950e+02
564             	3.42877291e+02
565             	3.42879563e+02
566             	3.42882118e+02
567             	3.42883263e+02
568             	3.42885027e+02
569             	3.42885052e+02
570             	3.42885982e+02
571             	3.42887256e+02
572             	3.42889628e+02
573             	3.42892321e+02
574             	3.42894352e+02
575             	3.42896256e+02
576             	3.42897651e+02
577             	3.42898630e+02
578             	3.42900058e+02
579             	3.42901613e+02
580             	3.42901508e+02
581             	3.42901094e+02
582             	3.42899117e+02
583             	3.42898003e+02
584             	3.42897723e+02
585             	3.42896615e+02
586             	3.42895150e+02
587             	3.42894070e+02
588             	3.42892541e+02
589             	3.42890999e+02
590             	3.42890086e+02
591             	3.42889198e+02
592             	3.42889623e+02
593             	3.42890661e+02
594             	3.42892133e+02
595             	3.42893961e+02
596             	3.42894952e+02
597             	3.42894907e+02
598             	3.42895110e+02
599             	3.42896896e+02
600             	3.42898393e+02
601             	3.42898984e+02
602             	3.42898526e+02
603             	3.42896883e+02
604             	3.42895616e+02
605             	3.42894548e+02
606             	3.42893077e+02
607             	3.42892554e+02
608             	3.42892945e+02
609             	3.42893866e+02
610             	3.42894623e+02
611             	3.42895912e+02
612             	3.42897440e+02
613             	3.42898194e+02
614             	3.42900083e+02
615             	3.42902101e+02
616             	3.42903797e+02
617             	3.42904994e+02
618             	3.42905110e+02
619             	3.42906630e+02
620             	3.42907856e+02
621             	3.42908943e+02
622             	3.42910152e+02
623             	3.42911613e+02
624             	3.42913300e+02
625             	3.42915171e+02
626             	3.42916829e+02
627             	3.42918457e+02
628             	3.42919114e+02
629             	3.42919478e+02
630             	3.42920337e+02
631             	3.42921772e+02
632             	3.42922538e+02
633             	3.42922950e+02
634             	3.42923459e+02
635             	3.42924183e+02
636             	3.42925283e+02
637             	3.42926585e+02
638             	3.42927631e+02
639             	3.42928273e+02
640             	3.42928513e+02
641             	3.42928786e+02
642             	3.42928360e+02
643             	3.42927643e+02
644             	3.42927311e+02
645             	3.42927371e+02
646             	3.42926764e+02
647             	3.42925776e+02
648             	3.42924992e+02
649             	3.42924089e+02
650             	3.42923302e+02
651             	3.42922842e+02
652             	3.42922987e+02
653             	3.42923642e+02
654             	3.42924762e+02
655             	3.42926386e+02
656             	3.42928550e+02
657             	3.42930495e+02
658             	3.42932678e+02
659             	3.42934889e+02
660             	3.42935977e+02
661             	3.42936377e+02
662             	3.42937005e+02
663             	3.42937604e+02
664             	3.42937896e+02
665             	3.42938084e+02
666             	3.42938471e+02
667             	3.42939786e+02
668             	3.42941367e+02
669             	3.42942927e+02
670             	3.42944683e+02
671             	3.42946735e+02
672             	3.42949012e+02
673             	3.42950852e+02
674             	3.42951776e+02
675             	3.42953045e+02
676             	3.42954213e+02
677             	3.42954657e+02
678             	3.42954394e+02
679             	3.42953825e+02
680             	3.42952894e+02
681             	3.42952366e+02
682             	3.42951711e+02
683             	3.42950706e+02
684             	3.42949439e+02
685             	3.42948096e+02
686             	3.42946942e+02
687             	3.42945698e+02
688             	3.42944639e+02
689             	3.42943743e+02
690             	3.42942992e+02
691             	3.42942647e+02
692             	3.42942628e+02
693             	3.42942806e+02
694             	3.42943237e+02
695             	3.42944209e+02
696             	3.42945150e+02
697             	3.42945954e+02
698             	3.42946765e+02
699             	3.42947622e+02
700             	3.42948413e+02
701             	3.42948901e+02
702             	3.42949759e+02
703             	3.42948931e+02
704             	3.42948483e+02
705             	3.42948260e+02
706             	3.42947708e+02
707             	3.42947709e+02
708             	3.42948035e+02
709             	3.42948618e+02
710             	3.42949226e+02
711             	3.42950050e+02
712             	3.42950976e+02
713             	3.42951671e+02
714             	3.42951953e+02
715             	3.42952915e+02
716             	3.42952671e+02
717             	3.42952323e+02
718             	3.42952463e+02
719             	3.42952174e+02
720             	3.42952238e+02
721             	3.42952372e+02
722             	3.42952272e+02
723             	3.42951860e+02
724             	3.42952448e+02
725             	3.42953153e+02
726             	3.42954516e+02
727             	3.42955948e+02
728             	3.42956939e+02
729             	3.42958194e+02
730             	3.42959715e+02
731             	3.42961291e+02
732             	3.42962777e+02
733             	3.42963474e+02
734             	3.42963491e+02
735             	3.42962901e+02
736             	3.42962367e+02
737             	3.42961906e+02
738             	3.42961914e+02
739             	3.42961725e+02
740             	3.42962594e+02
741             	3.42963375e+02
742             	3.42964622e+02
743             	3.42965561e+02
744             	3.42966752e+02
745             	3.42968044e+02
746             	3.42969393e+02
747             	3.42970746e+02
748             	3.42971993e+02
749             	3.42972325e+02
750             	3.42972390e+02
751             	3.42972523e+02
752             	3.42971866e+02
753             	3.42970894e+02
754             	3.42969729e+02
755             	3.42968397e+02
756             	3.42967553e+02
757             	3.42966838e+02
758             	3.42965939e+02
759             	3.42964938e+02
760             	3.42963420e+02
761             	3.42962058e+02
762             	3.42960783e+02
763             	3.42959315e+02
764             	3.42958917e+02
765             	3.42958407e+02
766             	3.42957767e+02
767             	3.42957225e+02
768             	3.42957040e+02
769             	3.42956801e+02
770             	3.42956632e+02
771             	3.42956500e+02
772             	3.42956542e+02
773             	3.42956828e+02
774             	3.42957603e+02
775             	3.42958228e+02
776             	3.42958918e+02
777             	3.42959253e+02
778             	3.42959521e+02
779             	3.42960054e+02
780             	3.42961053e+02
781             	3.42962197e+02
782             	3.42963088e+02
783             	3.42963872e+02
784             	3.42964722e+02
785             	3.42965540e+02
786             	3.42965562e+02
787             	3.42965689e+02
788             	3.42965820e+02
789             	3.42965985e+02
790             	3.42966006e+02
791             	3.42966076e+02
792             	3.42966360e+02
793             	3.42966411e+02
794             	3.42966168e+02
795             	3.42965816e+02
796             	3.42965621e+02
797             	3.42965434e+02
798             	3.42965168e+02
799             	3.42965210e+02
800             	3.42965759e+02
801             	3.42966383e+02
802             	3.42966966e+02
803             	3.42967645e+02
804             	3.42968054e+02
805             	3.42968764e+02
806             	3.42969487e+02
807             	3.42970072e+02
808             	3.42970755e+02
809             	3.42971357e+02
810             	3.42971909e+02
811             	3.42972133e+02
812             	3.42972409e+02
813             	3.42973393e+02
814             	3.42974201e+02
815             	3.42975131e+02
816             	3.42976151e+02
817             	3.42977298e+02
818             	3.42978722e+02
819             	3.42979774e+02
820             	3.42980962e+02
821             	3.42982254e+02
822             	3.42983539e+02
823             	3.42984757e+02
824             	3.42985780e+02
825             	3.42986531e+02
826             	3.42987018e+02
827             	3.42987244e+02
828             	3.42987237e+02
829             	3.42986986e+02
830             	3.42986953e+02
831             	3.42987241e+02
832             	3.42986556e+02
833             	3.42985882e+02
834             	3.42985395e+02
835             	3.42984816e+02
836             	3.42984083e+02
837             	3.42983341e+02
838             	3.42982534e+02
839             	3.42982200e+02
840             	3.42981755e+02
841             	3.42981144e+02
842             	3.42980493e+02
843             	3.42979876e+02
844             	3.42979367e+02
845             	3.42980486e+02
846             	3.42981513e+02
847             	3.42981993e+02
848             	3.42981808e+02
849             	3.42982227e+02
850             	3.42983032e+02
851             	3.42983923e+02
852             	3.42984577e+02
853             	3.42984990e+02
854             	3.42985462e+02
855             	3.42985925e+02
856             	3.42986020e+02
857             	3.42985670e+02
858             	3.42985798e+02
859             	3.42986269e+02
860             	3.42986356e+02
861             	3.42986306e+02
862             	3.42986433e+02
863             	3.42986079e+02
864             	3.42986185e+02
865             	3.42986941e+02
866             	3.42987636e+02
867             	3.42988395e+02
868             	3.42989085e+02
869             	3.42989481e+02
870             	3.42989037e+02
871             	3.42988044e+02
872             	3.42987251e+02
873             	3.42986098e+02
874             	3.42985296e+02
875             	3.42984837e+02
876             	3.42983956e+02
877             	3.42982887e+02
878             	3.42981988e+02
879             	3.42981512e+02
880             	3.42981185e+02
881             	3.42981278e+02
882             	3.42981959e+02
883             	3.42982640e+02
884             	3.42983616e+02
885             	3.42984836e+02
886             	3.42986009e+02
887             	3.42986887e+02
888             	3.42987593e+02
889             	3.42988242e+02
890             	3.42988690e+02
891             	3.42988814e+02
892             	3.42988503e+02
893             	3.42988291e+02
894             	3.42987701e+02
895             	3.42986912e+02
896             	3.42986068e+02
897             	3.42985371e+02
898             	3.42985011e+02
899             	3.42985104e+02
900             	3.42984833e+02
901             	3.42984915e+02
902             	3.42985218e+02
903             	3.42985581e+02
904             	3.42985778e+02
905             	3.42985521e+02
906             	3.42985601e+02
907             	3.42985586e+02
908             	3.42985475e+02
909             	3.42985350e+02
910             	3.42985478e+02
911             	3.42985679e+02
912             	3.42986056e+02
913             	3.42986536e+02
914             	3.42986971e+02
915             	3.42987388e+02
916             	3.42987644e+02
917             	3.42987595e+02
918             	3.42988019e+02
919             	3.42989966e+02
920             	3.42991681e+02
921             	3.42992680e+02
922             	3.42993671e+02
923             	3.42994355e+02
924             	3.42995225e+02
925             	3.42996067e+02
926             	3.42996400e+02
927             	3.42996955e+02
928             	3.42997027e+02
929             	3.42996688e+02
930             	3.42995824e+02
931             	3.42994873e+02
932             	3.42993692e+02
933             	3.42992579e+02
934             	3.42991439e+02
935             	3.42990399e+02
936             	3.42989697e+02
937             	3.42989613e+02
938             	3.42988722e+02
939             	3.42988259e+02
940             	3.42988481e+02
941             	3.42987903e+02
942             	3.42987525e+02
943             	3.42987218e+02
944             	3.42988255e+02
945             	3.42989089e+02
946             	3.42989502e+02
947             	3.42989922e+02
948             	3.42990420e+02
949             	3.42990849e+02
950             	3.42991042e+02
951             	3.42990898e+02
952             	3.42991520e+02
953             	3.42991562e+02
954             	3.42991515e+02
955             	3.42991708e+02
956             	3.42992215e+02
957             	3.42993116e+02
958             	3.42993439e+02
959             	3.42992177e+02
960             	3.42991409e+02
961             	3.42992079e+02
962             	3.42992185e+02
963             	3.42992997e+02
964             	3.42993601e+02
965             	3.42994135e+02
966             	3.42994912e+02
967             	3.42995962e+02
968             	3.42996942e+02
969             	3.42997513e+02
970             	3.42997088e+02
971             	3.42997576e+02
972             	3.42997789e+02
973             	3.42995727e+02
974             	3.42994466e+02
975             	3.42993050e+02
976             	3.42991057e+02
977             	3.42989114e+02
978             	3.42987081e+02
979             	3.42985324e+02
980             	3.42984798e+02
981             	3.42982461e+02
982             	3.42980423e+02
983             	3.42978991e+02
984             	3.42977849e+02
985             	3.42975102e+02
986             	3.42972899e+02
987             	3.42970960e+02
988             	3.42968573e+02
989             	3.42966988e+02
990             	3.42964954e+02
991             	3.42962192e+02
992             	3.42960752e+02
993             	3.42959057e+02
994             	3.42958179e+02
995             	3.42957564e+02
996             	3.42957666e+02
997             	3.42957865e+02
998             	3.42958576e+02
999             	3.42959803e+02
1000            	3.42961286e+02
1001            	3.42962150e+02
1002            	3.42962371e+02
1003            	3.42962359e+02
1004            	3.42963095e+02
1005            	3.42963625e+02
1006            	3.42963445e+02
1007            	3.42963381e+02
1008            	3.42963973e+02
1009            	3.42964332e+02
1010            	3.42965304e+02
1011            	3.42966380e+02
1012            	3.42967274e+02
1013            	3.42966827e+02
1014            	3.42966102e+02
1015            	3.42965066e+02
1016            	3.42964553e+02
1017            	3.42963307e+02
1018            	3.42962737e+02
1019            	3.42962490e+02
1020            	3.42962581e+02
1021            	3.42962730e+02
1022            	3.42963236e+02
1023            	3.42963481e+02
1024            	3.42964497e+02
1025            	3.42965369e+02
1026            	3.42966593e+02
1027            	3.42968365e+02
1028            	3.42970189e+02
1029            	3.42971268e+02
1030            	3.42970961e+02
1031            	3.42970869e+02
1032            	3.42971942e+02
1033            	3.42973467e+02
1034            	3.42974256e+02
1035            	3.42975358e+02
1036            	3.42975195e+02
1037            	3.42975803e+02
1038            	3.42977703e+02
1039            	3.42978988e+02
1040            	3.42979840e+02
1041            	3.42980287e+02
1042            	3.42979649e+02
1043            	3.42978369e+02
1044            	3.42977311e+02
1045            	3.42976654e+02
1046            	3.42976549e+02
1047            	3.42976247e+02
1048            	3.42975064e+02
1049            	3.42973646e+02
1050            	3.42972421e+02
1051            	3.42971723e+02
1052            	3.42970415e+02
1053            	3.42969687e+02
1054            	3.42968386e+02
1055            	3.42967642e+02
1056            	3.42967359e+02
1057            	3.42967421e+02
1058            	3.42967727e+02
1059            	3.42967812e+02
1060            	3.42968330e+02
1061            	3.42968994e+02
1062            	3.42969544e+02
1063            	3.42969782e+02
1064            	3.42969871e+02
1065            	3.42971491e+02
1066            	3.42972970e+02
1067            	3.42974248e+02
1068            	3.42976009e+02
1069            	3.42976798e+02
1070            	3.42978009e+02
1071            	3.42979634e+02
1072            	3.42981330e+02
1073            	3.42982761e+02
1074            	3.42984066e+02
1075            	3.42985283e+02
1076            	3.42986284e+02
1077            	3.42986926e+02
1078            	3.42987045e+02
1079            	3.42987445e+02
1080            	3.42987689e+02
1081            	3.42987587e+02
1082            	3.42987236e+02
1083            	3.42987187e+02
1084            	3.42987266e+02
1085            	3.42987248e+02
1086            	3.42987323e+02
1087            	3.42987799e+02
1088            	3.42988408e+02
1089            	3.42989238e+02
1090            	3.42989650e+02
1091            	3.42990334e+02
1092            	3.42991279e+02
1093            	3.42992307e+02
1094            	3.42993051e+02
1095            	3.42992950e+02
1096            	3.42992900e+02
1097            	3.42992795e+02
1098            	3.42993202e+02
1099            	3.42993919e+02
1100            	3.42994544e+02
1101            	3.42995065e+02
1102            	3.42995664e+02
1103            	3.42996530e+02
1104            	3.42996728e+02
1105            	3.42997085e+02
1106            	3.42996577e+02
1107            	3.42996024e+02
1108            	3.42995505e+02
1109            	3.42994720e+02
1110            	3.42994006e+02
1111            	3.42993465e+02
1112            	3.42992775e+02
1113            	3.42992505e+02
1114            	3.42992806e+02
1115            	3.42993303e+02
1116            	3.42992939e+02
1117            	3.42992949e+02
1118            	3.42993518e+02
1119            	3.42993981e+02
1120            	3.42995508e+02
1121            	3.42996615e+02
1122            	3.42997142e+02
1123            	3.42997016e+02
1124            	3.42995710e+02
1125            	3.42994534e+02
1126            	3.42994130e+02
1127            	3.42994895e+02
1128            	3.42995588e+02
1129            	3.42995742e+02
1130            	3.42995828e+02
1131            	3.42996187e+02
1132            	3.42996084e+02
1133            	3.42996062e+02
1134            	3.42996710e+02
1135            	3.42997478e+02
1136            	3.42998022e+02
1137            	3.42997469e+02
1138            	3.42996484e+02
1139            	3.42995862e+02
1140            	3.42995421e+02
1141            	3.42993436e+02
1142            	3.42992201e+02
1143            	3.42991925e+02
1144            	3.42992509e+02
1145            	3.42993022e+02
1146            	3.42993570e+02
1147            	3.42993965e+02
1148            	3.42994531e+02
1149            	3.42994345e+02
1150            	3.42994620e+02
1151            	3.42994370e+02
1152            	3.42994736e+02
1153            	3.42994443e+02
1154            	3.42993350e+02
1155            	3.42991988e+02
1156            	3.42990651e+02
1157            	3.42989901e+02
1158            	3.42988328e+02
1159            	3.42986526e+02
1160            	3.42984810e+02
1161            	3.42983124e+02
1162            	3.42981426e+02
1163            	3.42980483e+02
1164            	3.42979741e+02
1165            	3.42979172e+02
1166            	3.42978935e+02
1167            	3.42978298e+02
1168            	3.42978648e+02
1169            	3.42979312e+02
1170            	3.42979795e+02
1171            	3.42980382e+02
1172            	3.42981117e+02
1173            	3.42981716e+02
1174            	3.42982023e+02
1175            	3.42981533e+02
1176            	3.42981041e+02
1177            	3.42980320e+02
1178            	3.42979972e+02
1179            	3.42979533e+02
1180            	3.42978828e+02
1181            	3.42978198e+02
1182            	3.42978332e+02
1183            	3.42979283e+02
1184            	3.42980200e+02
1185            	3.42981219e+02
1186            	3.42982466e+02
1187            	3.42983380e+02
1188            	3.42984269e+02
1189            	3.42985398e+02
1190            	3.42986337e+02
1191            	3.42986848e+02
1192            	3.42985685e+02
1193            	3.42984754e+02
1194            	3.42983698e+02
1195            	3.42983143e+02
1196            	3.42981940e+02
1197            	3.42980831e+02
1198            	3.42980256e+02
1199            	3.42979365e+02
1200            	3.42978848e+02
1201            	3.42978580e+02
1202            	3.42978694e+02
1203            	3.42978759e+02
1204            	3.42979266e+02
1205            	3.42979689e+02
1206            	3.42980125e+02
1207            	3.42980589e+02
1208            	3.42980799e+02
1209            	3.42980173e+02
1210            	3.42979746e+02
1211            	3.42979379e+02
1212            	3.42978622e+02
1213            	3.42978165e+02
1214            	3.42977843e+02
1215            	3.42977590e+02
1216            	3.42977616e+02
1217            	3.42977567e+02
1218            	3.42977341e+02
1219            	3.42977611e+02
1220            	3.42978136e+02
1221            	3.42978764e+02
1222            	3.42979231e+02
1223            	3.42979391e+02
1224            	3.42979348e+02
1225            	3.42979558e+02
1226            	3.42980200e+02
1227            	3.42980660e+02
1228            	3.42981104e+02
1229            	3.42981243e+02
1230            	3.42981551e+02
1231            	3.42981325e+02
1232            	3.42981317e+02
1233            	3.42981188e+02
1234            	3.42980721e+02
1235            	3.42980375e+02
1236            	3.42980198e+02
1237            	3.42979737e+02
1238            	3.42979399e+02
1239            	3.42978990e+02
1240            	3.42978561e+02
1241            	3.42978315e+02
1242            	3.42978363e+02
1243            	3.42978204e+02
1244            	3.42977721e+02
1245            	3.42977499e+02
1246            	3.42977447e+02
1247            	3.42977536e+02
1248            	3.42977415e+02
1249            	3.42977344e+02
1250            	3.42977246e+02
1251            	3.42977066e+02
1252            	3.42976808e+02
1253            	3.42976510e+02
1254            	3.42976225e+02
1255            	3.42975997e+02
1256            	3.42975767e+02
1257            	3.42975673e+02
1258            	3.42975738e+02
1259            	3.42975942e+02
1260            	3.42976248e+02
1261            	3.42976600e+02
1262            	3.42976996e+02
1263            	3.42977107e+02
1264            	3.42976495e+02
1265            	3.42975976e+02
1266            	3.42975582e+02
1267            	3.42974935e+02
1268            	3.42974067e+02
1269            	3.42973619e+02
1270            	3.42973849e+02
1271            	3.42974070e+02
1272            	3.42974313e+02
1273            	3.42974571e+02
1274            	3.42974810e+02
1275            	3.42974969e+02
1276            	3.42975230e+02
1277            	3.42975665e+02
1278            	3.42976116e+02
1279            	3.42976383e+02
1280            	3.42976828e+02
1281            	3.42977376e+02
1282            	3.42977656e+02
1283            	3.42977749e+02
1284            	3.42977857e+02
1285            	3.42978030e+02
1286            	3.42977946e+02
1287            	3.42977950e+02
1288            	3.42977928e+02
1289            	3.42978454e+02
1290            	3.42978605e+02
1291            	3.42978923e+02
1292            	3.42979408e+02
1293            	3.42980011e+02
1294            	3.42980579e+02
1295            	3.42981070e+02
1296            	3.42981526e+02
1297            	3.42982053e+02
1298            	3.42982695e+02
1299            	3.42983552e+02
1300            	3.42984305e+02
1301            	3.42984939e+02
1302            	3.42985636e+02
1303            	3.42986228e+02
1304            	3.42986626e+02
1305            	3.42986811e+02
1306            	3.42987257e+02
1307            	3.42987571e+02
1308            	3.42987888e+02
1309            	3.42988348e+02
1310            	3.42988419e+02
1311            	3.42988454e+02
1312            	3.42988640e+02
1313            	3.42988897e+02
1314            	3.42989121e+02
1315            	3.42989102e+02
1316            	3.42989116e+02
1317            	3.42989148e+02
1318            	3.42989757e+02
1319            	3.42990300e+02
1320            	3.42990800e+02
1321            	3.42991351e+02
1322            	3.42992096e+02
1323            	3.42992610e+02
1324            	3.42993214e+02
1325            	3.42993941e+02
1326            	3.42994690e+02
1327            	3.42995165e+02
1328            	3.42995504e+02
1329            	3.42995062e+02
1330            	3.42994631e+02
1331            	3.42994352e+02
1332            	3.42993842e+02
1333            	3.42993476e+02
1334            	3.42993234e+02
1335            	3.42992893e+02
1336            	3.42992792e+02
1337            	3.42992785e+02
1338            	3.42992795e+02
1339            	3.42992736e+02
1340            	3.42992544e+02
1341            	3.42992790e+02
1342            	3.42992758e+02
1343            	3.42992731e+02
1344            	3.42992633e+02
1345            	3.42992547e+02
1346            	3.42992600e+02
1347            	3.42992580e+02
1348            	3.42992524e+02
1349            	3.42992142e+02
1350            	3.42991722e+02
1351            	3.42991503e+02
1352            	3.42991873e+02
1353            	3.42991925e+02
1354            	3.42991945e+02
1355            	3.42992074e+02
1356            	3.42992354e+02
1357            	3.42992455e+02
1358            	3.42992675e+02
1359            	3.42992681e+02
1360            	3.42993524e+02
1361            	3.42994319e+02
1362            	3.42994852e+02
1363            	3.42995385e+02
1364            	3.42995881e+02
1365            	3.42996090e+02
1366            	3.42995772e+02
1367            	3.42995401e+02
1368            	3.42995259e+02
1369            	3.42995297e+02
1370            	3.42995008e+02
1371            	3.42995096e+02
1372            	3.42994644e+02
1373            	3.42994345e+02
1374            	3.42994169e+02
1375            	3.42993372e+02
1376            	3.42992814e+02
1377            	3.42992586e+02
1378            	3.42991923e+02
1379            	3.42991559e+02
1380            	3.42992239e+02
1381            	3.42992670e+02
1382            	3.42992945e+02
1383            	3.42992956e+02
1384            	3.42993051e+02
1385            	3.42992742e+02
1386            	3.42992365e+02
1387            	3.42992012e+02
1388            	3.42991482e+02
1389            	3.42991090e+02
1390            	3.42990394e+02
1391            	3.42990095e+02
1392            	3.42990022e+02
1393            	3.42989320e+02
1394            	3.42989099e+02
1395            	3.42989158e+02
1396            	3.42989328e+02
1397            	3.42989697e+02
1398            	3.42990153e+02
1399            	3.42990577e+02
1400            	3.42990677e+02
1401            	3.42990677e+02
1402            	3.42990786e+02
1403            	3.42990026e+02
1404            	3.42989504e+02
1405            	3.42989268e+02
1406            	3.42988477e+02
1407            	3.42987863e+02
1408            	3.42987274e+02
1409            	3.42987046e+02
1410            	3.42987024e+02
1411            	3.42986780e+02
1412            	3.42986979e+02
1413            	3.42987244e+02
1414            	3.42987415e+02
1415            	3.42987559e+02
1416            	3.42987743e+02
1417            	3.42987750e+02
1418            	3.42987245e+02
1419            	3.42986886e+02
1420            	3.42986524e+02
1421            	3.42986466e+02
1422            	3.42986830e+02
1423            	3.42987146e+02
1424            	3.42987339e+02
1425            	3.42987536e+02
1426            	3.42987822e+02
1427            	3.42988046e+02
1428            	3.42988090e+02
1429            	3.42988142e+02
1430            	3.42988245e+02
1431            	3.42988474e+02
1432            	3.42988223e+02
1433            	3.42988048e+02
1434            	3.42987952e+02
1435            	3.42987852e+02
1436            	3.42988428e+02
1437            	3.42988902e+02
1438            	3.42989194e+02
1439            	3.42989321e+02
1440            	3.42989581e+02
1441            	3.42989915e+02
1442            	3.42990160e+02
1443            	3.42990327e+02
1444            	3.42989901e+02
1445            	3.42989597e+02
1446            	3.42989186e+02
1447            	3.42988958e+02
1448            	3.42988814e+02
1449            	3.42988683e+02
1450            	3.42988743e+02
1451            	3.42988412e+02
1452            	3.42988241e+02
1453            	3.42988212e+02
1454            	3.42988504e+02
1455            	3.42988786e+02
1456            	3.42988995e+02
1457            	3.42989187e+02
1458            	3.42989374e+02
1459            	3.42989485e+02
1460            	3.42989328e+02
1461            	3.42989474e+02
1462            	3.42989777e+02
1463            	3.42989861e+02
1464            	3.42990567e+02
1465            	3.42991052e+02
1466            	3.42991515e+02
1467            	3.42992038e+02
1468            	3.42992704e+02
1469            	3.42993230e+02
1470            	3.42993490e+02
1471            	3.42993540e+02
1472            	3.42993726e+02
1473            	3.42994040e+02
1474            	3.42993759e+02
1475            	3.42993475e+02
1476            	3.42993196e+02
1477            	3.42992963e+02
1478            	3.42992863e+02
1479            	3.42992788e+02
1480            	3.42992787e+02
1481            	3.42992733e+02
1482            	3.42992696e+02
1483            	3.42992749e+02
1484            	3.42992794e+02
1485            	3.42992712e+02
1486            	3.42992691e+02
1487            	3.42992793e+02
1488            	3.42992789e+02
1489            	3.42992708e+02
1490            	3.42992657e+02
1491            	3.42992667e+02
1492            	3.42992726e+02
1493            	3.42992777e+02
1494            	3.42992871e+02
1495            	3.42992757e+02
1496            	3.42992715e+02
1497            	3.42993235e+02
1498            	3.42993759e+02
1499            	3.42994153e+02
1500            	3.42994498e+02
1501            	3.42995037e+02
1502            	3.42995719e+02
1503            	3.42996190e+02
1504            	3.42996438e+02
1505            	3.42995880e+02
1506            	3.42995405e+02
1507            	3.42995140e+02
1508            	3.42995130e+02
1509            	3.42994930e+02
1510            	3.42994499e+02
1511            	3.42994229e+02
1512            	3.42994332e+02
1513            	3.42994425e+02
1514            	3.42994399e+02
1515            	3.42994443e+02
1516            	3.42994604e+02
1517            	3.42994593e+02
1518            	3.42994778e+02
1519            	3.42994862e+02
1520            	3.42994644e+02
1521            	3.42994556e+02
1522            	3.42994350e+02
1523            	3.42994159e+02
1524            	3.42993888e+02
1525            	3.42993287e+02
1526            	3.42992792e+02
1527            	3.42992507e+02
1528            	3.42992464e+02
1529            	3.42992451e+02
1530            	3.42992514e+02
1531            	3.42992601e+02
1532            	3.42992962e+02
1533            	3.42993202e+02
1534            	3.42993461e+02
1535            	3.42993667e+02
1536            	3.42993934e+02
1537            	3.42994075e+02
1538            	3.42994464e+02
1539            	3.42994653e+02
1540            	3.42994232e+02
1541            	3.42993891e+02
1542            	3.42993654e+02
1543            	3.42993444e+02
1544            	3.42993452e+02
1545            	3.42993394e+02
1546            	3.42993285e+02
1547            	3.42993129e+02
1548            	3.42993113e+02
1549            	3.42993044e+02
1550            	3.42992928e+02
1551            	3.42992802e+02
1552            	3.42992761e+02
1553            	3.42992927e+02
1554            	3.42992555e+02
1555            	3.42992360e+02
1556            	3.42992094e+02
1557            	3.42991988e+02
1558            	3.42991844e+02
1559            	3.42991658e+02
1560            	3.42991573e+02
1561            	3.42991578e+02
1562            	3.42991693e+02
1563            	3.42991891e+02
1564            	3.42991947e+02
1565            	3.42991749e+02
1566            	3.42991638e+02
1567            	3.42991835e+02
1568            	3.42992706e+02
1569            	3.42993459e+02
1570            	3.42993977e+02
1571            	3.42994295e+02
1572            	3.42994429e+02
1573            	3.42994664e+02
1574            	3.42994610e+02
1575            	3.42994674e+02
1576            	3.42994864e+02
1577            	3.42994595e+02
1578            	3.42994393e+02
1579            	3.42994126e+02
1580            	3.42993884e+02
1581            	3.42993765e+02
1582            	3.42993945e+02
1583            	3.42993921e+02
1584            	3.42994006e+02
1585            	3.42994365e+02
1586            	3.42994745e+02
1587            	3.42995028e+02
1588            	3.42995018e+02
1589            	3.42994756e+02
1590            	3.42994573e+02
1591            	3.42994309e+02
1592            	3.42994062e+02
1593            	3.42993884e+02
1594            	3.42993896e+02
1595            	3.42993573e+02
1596            	3.42993579e+02
1597            	3.42994140e+02
1598            	3.42994637e+02
1599            	3.42994992e+02
1600            	3.42995159e+02
1601            	3.42995067e+02
1602            	3.42994583e+02
1603            	3.42994212e+02
1604            	3.42993993e+02
1605            	3.42993855e+02
1606            	3.42994392e+02
1607            	3.42994505e+02
1608            	3.42994323e+02
1609            	3.42994481e+02
1610            	3.42994717e+02
1611            	3.42994897e+02
1612            	3.42995289e+02
1613            	3.42995363e+02
1614            	3.42994139e+02
1615            	3.42993368e+02
1616            	3.42992822e+02
1617            	3.42992459e+02
1618            	3.42992203e+02
1619            	3.42991952e+02
1620            	3.42991695e+02
1621            	3.42991312e+02
1622            	3.42991292e+02
1623            	3.42991518e+02
1624            	3.42991774e+02
1625            	3.42991857e+02
1626            	3.42991932e+02
1627            	3.42991876e+02
1628            	3.42991225e+02
1629            	3.42990779e+02
1630            	3.42990543e+02
1631            	3.42990547e+02
1632            	3.42990228e+02
1633            	3.42990307e+02
1634            	3.42990590e+02
1635            	3.42990856e+02
1636            	3.42991102e+02
1637            	3.42991212e+02
1638            	3.42991187e+02
1639            	3.42990807e+02
1640            	3.42990582e+02
1641            	3.42990439e+02
1642            	3.42990263e+02
1643            	3.42990230e+02
1644            	3.42989939e+02
1645            	3.42989912e+02
1646            	3.42990165e+02
1647            	3.42990316e+02
1648            	3.42990427e+02
1649            	3.42990565e+02
1650            	3.42990909e+02
1651            	3.42991085e+02
1652            	3.42991284e+02
1653            	3.42991018e+02
1654            	3.42990739e+02
1655            	3.42990588e+02
1656            	3.42990443e+02
1657            	3.42990480e+02
1658            	3.42990642e+02
1659            	3.42990695e+02
1660            	3.42990750e+02
1661            	3.42990868e+02
1662            	3.42991124e+02
1663            	3.42991504e+02
1664            	3.42991878e+02
1665            	3.42992311e+02
1666            	3.42992771e+02
1667            	3.42993204e+02
1668            	3.42993565e+02
1669            	3.42993727e+02
1670            	3.42993813e+02
1671            	3.42993884e+02
1672            	3.42993912e+02
1673            	3.42993935e+02
1674            	3.42993994e+02
1675            	3.42994118e+02
1676            	3.42994229e+02
1677            	3.42994376e+02
1678            	3.42994566e+02
1679            	3.42994814e+02
1680            	3.42995089e+02
1681            	3.42995327e+02
1682            	3.42995512e+02
1683            	3.42995636e+02
1684            	3.42995688e+02
1685            	3.42995562e+02
1686            	3.42995449e+02
1687            	3.42995349e+02
1688            	3.42995289e+02
1689            	3.42995227e+02
1690            	3.42995203e+02
1691            	3.42995256e+02
1692            	3.42995247e+02
1693            	3.42995070e+02
1694            	3.42994963e+02
1695            	3.42994943e+02
1696            	3.42995132e+02
1697            	3.42995331e+02
1698            	3.42995484e+02
1699            	3.42995630e+02
1700            	3.42995728e+02
1701            	3.42995878e+02
1702            	3.42995999e+02
1703            	3.42996102e+02
1704            	3.42995977e+02
1705            	3.42995917e+02
1706            	3.42995947e+02
1707            	3.42996075e+02
1708            	3.42996142e+02
1709            	3.42996153e+02
1710            	3.42996192e+02
1711            	3.42996300e+02
1712            	3.42996387e+02
1713            	3.42996481e+02
1714            	3.42996579e+02
1715            	3.42996674e+02
1716            	3.42996740e+02
1717            	3.42996609e+02
1718            	3.42996518e+02
1719            	3.42996465e+02
1720            	3.42996342e+02
1721            	3.42996261e+02
1722            	3.42996207e+02
1723            	3.42996254e+02
1724            	3.42996305e+02
1725            	3.42996342e+02
1726            	3.42996384e+02
1727            	3.42996451e+02
1728            	3.42996511e+02
1729            	3.42996525e+02
1730            	3.42996578e+02
1731            	3.42996466e+02
1732            	3.42996377e+02
1733            	3.42996281e+02
1734            	3.42996238e+02
1735            	3.42996236e+02
1736            	3.42996268e+02
1737            	3.42996284e+02
1738            	3.42996304e+02
1739            	3.42996337e+02
1740            	3.42996412e+02
1741            	3.42996508e+02
1742            	3.42996623e+02
1743            	3.42996761e+02
1744            	3.42996865e+02
1745            	3.42996918e+02
1746            	3.42997075e+02
1747            	3.42997209e+02
1748            	3.42997277e+02
1749            	3.42997286e+02
1750            	3.42997332e+02
1751            	3.42997363e+02
1752            	3.42997384e+02
1753            	3.42997411e+02
1754            	3.42997458e+02
1755            	3.42997615e+02
1756            	3.42997775e+02
1757            	3.42997938e+02
1758            	3.42998032e+02
1759            	3.42998171e+02
1760            	3.42998343e+02
1761            	3.42998514e+02
1762            	3.42998663e+02
1763            	3.42998772e+02
1764            	3.42998827e+02
1765            	3.42998746e+02
1766            	3.42998682e+02
1767            	3.42998671e+02
1768            	3.42998623e+02
1769            	3.42998592e+02
1770            	3.42998573e+02
1771            	3.42998567e+02
1772            	3.42998592e+02
1773            	3.42998642e+02
1774            	3.42998712e+02
1775            	3.42998814e+02
1776            	3.42998895e+02
1777            	3.42998967e+02
1778            	3.42998954e+02
1779            	3.42998989e+02
1780            	3.42998970e+02
1781            	3.42998949e+02
1782            	3.42998903e+02
1783            	3.42998831e+02
1784            	3.42998823e+02
1785            	3.42998972e+02
1786            	3.42999111e+02
1787            	3.42999190e+02
1788            	3.42999288e+02
1789            	3.42999418e+02
1790            	3.42999573e+02
1791            	3.42999747e+02
1792            	3.42999898e+02
1793            	3.42999947e+02
1794            	3.43000023e+02
1795            	3.42999697e+02
1796            	3.42999367e+02
1797            	3.42999116e+02
1798            	3.42998961e+02
1799            	3.42998680e+02
1800            	3.42998461e+02
1801            	3.42998420e+02
1802            	3.42998425e+02
1803            	3.42998434e+02
1804            	3.42998411e+02
1805            	3.42998492e+02
1806            	3.42998536e+02
1807            	3.42998578e+02
1808            	3.42998548e+02
1809            	3.42998518e+02
1810            	3.42998401e+02
1811            	3.42998254e+02
1812            	3.42998173e+02
1813            	3.42998171e+02
1814            	3.42998181e+02
1815            	3.42998178e+02
1816            	3.42998182e+02
1817            	3.42998198e+02
1818            	3.42998208e+02
1819            	3.42998213e+02
1820            	3.42998222e+02
1821            	3.42998260e+02
1822            	3.42998230e+02
1823            	3.42998219e+02
1824            	3.42998150e+02
1825            	3.42998065e+02
1826            	3.42997933e+02
1827            	3.42997855e+02
1828            	3.42997868e+02
1829            	3.42997957e+02
1830            	3.42998027e+02
1831            	3.42998074e+02
1832            	3.42998109e+02
1833            	3.42998215e+02
1834            	3.42998249e+02
1835            	3.42998025e+02
1836            	3.42997861e+02
1837            	3.42997762e+02
1838            	3.42997705e+02
1839            	3.42997542e+02
1840            	3.42997444e+02
1841            	3.42997286e+02
1842            	3.42997182e+02
1843            	3.42997164e+02
1844            	3.42997153e+02
1845            	3.42997171e+02
1846            	3.42997179e+02
1847            	3.42997187e+02
1848            	3.42997243e+02
1849            	3.42997321e+02
1850            	3.42997387e+02
1851            	3.42997443e+02
1852            	3.42997412e+02
1853            	3.42997397e+02
1854            	3.42997367e+02
1855            	3.42997310e+02
1856            	3.42997200e+02
1857            	3.42997115e+02
1858            	3.42997083e+02
1859            	3.42997216e+02
1860            	3.42997357e+02
1861            	3.42997441e+02
1862            	3.42997531e+02
1863            	3.42997602e+02
1864            	3.42997670e+02
1865            	3.42997726e+02
1866            	3.42997643e+02
1867            	3.42997586e+02
1868            	3.42997561e+02
1869            	3.42997470e+02
1870            	3.42997320e+02
1871            	3.42997200e+02
1872            	3.42997121e+02
1873            	3.42997152e+02
1874            	3.42997160e+02
1875            	3.42997159e+02
1876            	3.42997187e+02
1877            	3.42997278e+02
1878            	3.42997354e+02
1879            	3.42997403e+02
1880            	3.42997451e+02
1881            	3.42997491e+02
1882            	3.42997423e+02
1883            	3.42997380e+02
1884            	3.42997372e+02
1885            	3.42997343e+02
1886            	3.42997248e+02
1887            	3.42997133e+02
1888            	3.42997054e+02
1889            	3.42996979e+02
1890            	3.42996923e+02
1891            	3.42996893e+02
1892            	3.42996880e+02
1893            	3.42996879e+02
1894            	3.42996900e+02
1895            	3.42996938e+02
1896            	3.42996970e+02
1897            	3.42997005e+02
1898            	3.42997022e+02
1899            	3.42996989e+02
1900            	3.42996960e+02
1901            	3.42996947e+02
1902            	3.42996928e+02
1903            	3.42996877e+02
1904            	3.42996845e+02
1905            	3.42996831e+02
1906            	3.42996812e+02
1907            	3.42996799e+02
1908            	3.42996785e+02
1909            	3.42996745e+02
1910            	3.42996717e+02
1911            	3.42996707e+02
1912            	3.42996705e+02
1913            	3.42996701e+02
1914            	3.42996688e+02
1915            	3.42996655e+02
1916            	3.42996576e+02
1917            	3.42996480e+02
1918            	3.42996382e+02
1919            	3.42996318e+02
1920            	3.42996249e+02
1921            	3.42996157e+02
1922            	3.42996055e+02
1923            	3.42995962e+02
1924            	3.42995925e+02
1925            	3.42995908e+02
1926            	3.42995973e+02
1927            	3.42996029e+02
1928            	3.42996084e+02
1929            	3.42996160e+02
1930            	3.42996241e+02
1931            	3.42996297e+02
1932            	3.42996357e+02
1933            	3.42996431e+02
1934            	3.42996521e+02
1935            	3.42996614e+02
1936            	3.42996703e+02
1937            	3.42996788e+02
1938            	3.42996856e+02
1939            	3.42996977e+02
1940            	3.42997079e+02
1941            	3.42997166e+02
1942            	3.42997252e+02
1943            	3.42997341e+02
1944            	3.42997430e+02
1945            	3.42997508e+02
1946            	3.42997566e+02
1947            	3.42997506e+02
1948            	3.42997468e+02
1949            	3.42997450e+02
1950            	3.42997418e+02
1951            	3.42997391e+02
1952            	3.42997346e+02
1953            	3.42997289e+02
1954            	3.42997262e+02
1955            	3.42997342e+02
1956            	3.42997397e+02
1957            	3.42997435e+02
1958            	3.42997495e+02
1959            	3.42997619e+02
1960            	3.42997706e+02
1961            	3.42997755e+02
1962            	3.42997777e+02
1963            	3.42997825e+02
1964            	3.42997875e+02
1965            	3.42997885e+02
1966            	3.42997887e+02
1967            	3.42997873e+02
1968            	3.42997836e+02
1969            	3.42997785e+02
1970            	3.42997751e+02
1971            	3.42997754e+02
1972            	3.42997755e+02
1973            	3.42997752e+02
1974            	3.42997766e+02
1975            	3.42997798e+02
1976            	3.42997830e+02
1977            	3.42997862e+02
1978            	3.42997900e+02
1979            	3.42997948e+02
1980            	3.42998001e+02
1981            	3.42998037e+02
1982            	3.42998024e+02
1983            	3.42997995e+02
1984            	3.42997961e+02
1985            	3.42997928e+02
1986            	3.42997879e+02
1987            	3.42997824e+02
1988            	3.42997789e+02
1989            	3.42997797e+02
1990            	3.42997801e+02
1991            	3.42997795e+02
1992            	3.42997812e+02
1993            	3.42997851e+02
1994            	3.42997887e+02
1995            	3.42997935e+02
1996            	3.42998009e+02
1997            	3.42998096e+02
1998            	3.42998162e+02
1999            	3.42998197e+02
2000            	3.42998224e+02
