/*--------------------------------*- C++ -*----------------------------------*\
| =========                 |                                                 |
| \\      /  F ield         | OpenFOAM: The Open Source CFD Toolbox           |
|  \\    /   O peration     | Version:  2506                                  |
|   \\  /    A nd           | Website:  www.openfoam.com                      |
|    \\/     M anipulation  |                                                 |
\*---------------------------------------------------------------------------*/
FoamFile
{
    version     2.0;
    format      binary;
    arch        "LSB;label=32;scalar=64";
    class       faceSet;
    location    "constant/polyMesh/sets";
    object      walls;
}
// * * * * * * * * * * * * * * * * * * * * * * * * * * * * * * * * * * * * * //


456
(
1024
1027
1030
7
1032
22
25
33
37
1061
1064
41
44
1069
45
1071
1074
1076
53
1079
56
57
61
64
65
68
72
76
1102
1103
79
1106
83
1111
1112
90
1115
94
98
1125
1126
102
105
109
113
116
117
121
125
129
133
135
139
143
17553
17554
153
160
164
168
171
1198
174
178
1203
180
1205
183
185
187
190
1217
194
196
1221
198
1224
202
1228
206
209
213
215
217
221
224
1249
227
1252
229
1255
232
235
238
1263
240
242
1267
244
247
249
253
255
258
263
266
269
1294
280
284
1310
287
290
292
1318
1320
296
299
302
305
307
309
312
315
318
1343
1345
321
1346
1348
324
1349
328
329
1355
332
1358
335
337
1363
339
1365
342
344
345
1371
347
1374
350
1377
353
1380
357
1382
1383
359
1385
361
1386
363
364
366
1391
370
374
378
382
386
390
394
397
400
403
406
409
411
1436
414
1439
1440
417
1443
420
1446
20903
1447
423
425
427
429
1455
431
1456
433
1458
1459
435
438
441
444
447
1472
450
1476
453
455
457
460
1485
463
1490
466
469
472
475
477
479
1504
1507
484
485
493
494
496
498
501
503
1530
1531
507
1533
1534
1536
1538
514
515
1540
518
1545
521
523
525
1550
1551
528
1554
530
1555
535
538
542
545
1573
549
1574
553
556
559
562
566
570
574
1599
1600
578
1603
1605
581
584
1611
588
1615
591
595
598
1625
601
602
1628
604
1630
1632
608
1635
611
1636
1637
1639
615
1641
617
1642
1643
619
1644
624
627
1655
1658
1659
636
639
1665
641
643
646
1671
1672
648
649
1675
1678
656
1683
659
1685
662
664
1689
668
1693
1694
672
1697
1700
676
1701
680
683
1708
1709
686
1712
690
693
695
698
1725
701
1732
711
717
719
722
725
727
731
733
735
739
741
743
745
747
1775
761
770
1798
774
777
781
1808
784
1811
787
789
1815
793
1818
796
798
1824
801
1827
804
807
808
1833
811
1837
815
817
1843
821
1846
822
1849
825
829
833
836
839
1865
841
1868
844
847
849
851
3924
854
1879
856
858
861
863
1889
866
1891
868
1893
870
1895
873
876
880
1906
883
1910
887
1913
889
892
1920
896
1923
899
1924
1929
1932
1936
1938
1941
926
930
933
936
939
942
945
946
952
955
957
965
968
989
992
996
997
1000
1001
1003
1016
1019
1022
)


// ************************************************************************* //
