# Region        : cellZone component_4
# Cells         : 112
# Volume        : 2.14789292e-01
# Time          	volAverage(T)
1               	3.01229918e+02
2               	3.02449417e+02
3               	3.03592520e+02
4               	3.04693528e+02
5               	3.05774418e+02
6               	3.06841616e+02
7               	3.07898114e+02
8               	3.08947775e+02
9               	3.09995177e+02
10              	3.11040674e+02
11              	3.12073530e+02
12              	3.13086822e+02
13              	3.14076585e+02
14              	3.15057493e+02
15              	3.15992951e+02
16              	3.16903212e+02
17              	3.17803627e+02
18              	3.18698711e+02
19              	3.19571235e+02
20              	3.20387504e+02
21              	3.21136751e+02
22              	3.21906033e+02
23              	3.22656314e+02
24              	3.23416017e+02
25              	3.24117483e+02
26              	3.24795706e+02
27              	3.25439650e+02
28              	3.26062138e+02
29              	3.26677191e+02
30              	3.27297206e+02
31              	3.27860351e+02
32              	3.28358791e+02
33              	3.28830782e+02
34              	3.29303824e+02
35              	3.29773260e+02
36              	3.30265721e+02
37              	3.30756319e+02
38              	3.31243919e+02
39              	3.31722672e+02
40              	3.32200060e+02
41              	3.32678525e+02
42              	3.33151439e+02
43              	3.33620146e+02
44              	3.34080394e+02
45              	3.34541400e+02
46              	3.35012862e+02
47              	3.35504652e+02
48              	3.36010158e+02
49              	3.36536455e+02
50              	3.37075800e+02
51              	3.37607346e+02
52              	3.38103762e+02
53              	3.38582543e+02
54              	3.39043956e+02
55              	3.39530084e+02
56              	3.40038942e+02
57              	3.40522633e+02
58              	3.41003961e+02
59              	3.41470827e+02
60              	3.41928673e+02
61              	3.42413027e+02
62              	3.42891055e+02
63              	3.43390645e+02
64              	3.43899874e+02
65              	3.44433098e+02
66              	3.44921413e+02
67              	3.45333879e+02
68              	3.45707834e+02
69              	3.46063880e+02
70              	3.46488776e+02
71              	3.46938005e+02
72              	3.47385249e+02
73              	3.47821694e+02
74              	3.48265200e+02
75              	3.48673515e+02
76              	3.49104088e+02
77              	3.49523984e+02
78              	3.49967626e+02
79              	3.50418582e+02
80              	3.50833859e+02
81              	3.51182996e+02
82              	3.51508709e+02
83              	3.51827806e+02
84              	3.52210365e+02
85              	3.52615458e+02
86              	3.53047099e+02
87              	3.53473471e+02
88              	3.53885244e+02
89              	3.54293830e+02
90              	3.54690557e+02
91              	3.55062838e+02
92              	3.55431819e+02
93              	3.55805273e+02
94              	3.56189172e+02
95              	3.56536332e+02
96              	3.56847148e+02
97              	3.57111291e+02
98              	3.57385660e+02
99              	3.57709305e+02
100             	3.58044705e+02
101             	3.58379130e+02
102             	3.58685187e+02
103             	3.58961295e+02
104             	3.59244996e+02
105             	3.59519307e+02
106             	3.59812395e+02
107             	3.60084480e+02
108             	3.60367451e+02
109             	3.60682511e+02
110             	3.60985296e+02
111             	3.61273308e+02
112             	3.61546861e+02
113             	3.61826151e+02
114             	3.62120111e+02
115             	3.62400721e+02
116             	3.62669378e+02
117             	3.62947507e+02
118             	3.63237688e+02
119             	3.63528856e+02
120             	3.63810948e+02
121             	3.64107776e+02
122             	3.64396336e+02
123             	3.64707606e+02
124             	3.65019032e+02
125             	3.65319092e+02
126             	3.65604650e+02
127             	3.65891254e+02
128             	3.66167426e+02
129             	3.66444565e+02
130             	3.66732520e+02
131             	3.67014845e+02
132             	3.67288162e+02
133             	3.67580037e+02
134             	3.67852525e+02
135             	3.68128869e+02
136             	3.68398529e+02
137             	3.68661083e+02
138             	3.68913848e+02
139             	3.69148425e+02
140             	3.69384602e+02
141             	3.69618755e+02
142             	3.69855201e+02
143             	3.70083527e+02
144             	3.70306308e+02
145             	3.70533864e+02
146             	3.70766172e+02
147             	3.71009345e+02
148             	3.71257130e+02
149             	3.71507056e+02
150             	3.71762948e+02
151             	3.72023824e+02
152             	3.72286134e+02
153             	3.72549941e+02
154             	3.72813162e+02
155             	3.73072732e+02
156             	3.73332924e+02
157             	3.73595825e+02
158             	3.73869706e+02
159             	3.74140713e+02
160             	3.74415205e+02
161             	3.74685312e+02
162             	3.74937111e+02
163             	3.75177805e+02
164             	3.75412572e+02
165             	3.75644136e+02
166             	3.75870473e+02
167             	3.76089517e+02
168             	3.76304470e+02
169             	3.76516703e+02
170             	3.76728925e+02
171             	3.76942619e+02
172             	3.77155912e+02
173             	3.77368872e+02
174             	3.77582304e+02
175             	3.77800954e+02
176             	3.78024375e+02
177             	3.78250115e+02
178             	3.78472116e+02
179             	3.78695861e+02
180             	3.78923233e+02
181             	3.79150900e+02
182             	3.79370508e+02
183             	3.79592893e+02
184             	3.79809904e+02
185             	3.80027328e+02
186             	3.80242899e+02
187             	3.80454915e+02
188             	3.80657331e+02
189             	3.80857437e+02
190             	3.81055444e+02
191             	3.81252303e+02
192             	3.81448725e+02
193             	3.81644072e+02
194             	3.81839634e+02
195             	3.82035650e+02
196             	3.82232245e+02
197             	3.82432917e+02
198             	3.82636879e+02
199             	3.82841798e+02
200             	3.83056650e+02
201             	3.83266515e+02
202             	3.83467259e+02
203             	3.83667761e+02
204             	3.83868738e+02
205             	3.84069543e+02
206             	3.84269021e+02
207             	3.84466328e+02
208             	3.84654542e+02
209             	3.84840980e+02
210             	3.85027414e+02
211             	3.85212978e+02
212             	3.85398843e+02
213             	3.85586394e+02
214             	3.85773016e+02
215             	3.85959099e+02
216             	3.86147256e+02
217             	3.86333311e+02
218             	3.86517319e+02
219             	3.86704356e+02
220             	3.86887683e+02
221             	3.87070251e+02
222             	3.87252781e+02
223             	3.87435474e+02
224             	3.87618002e+02
225             	3.87796911e+02
226             	3.87973172e+02
227             	3.88149116e+02
228             	3.88322957e+02
229             	3.88491935e+02
230             	3.88658888e+02
231             	3.88824288e+02
232             	3.88988808e+02
233             	3.89152287e+02
234             	3.89314781e+02
235             	3.89474766e+02
236             	3.89630708e+02
237             	3.89787215e+02
238             	3.89943664e+02
239             	3.90099076e+02
240             	3.90254307e+02
241             	3.90408953e+02
242             	3.90562991e+02
243             	3.90716481e+02
244             	3.90871008e+02
245             	3.91024796e+02
246             	3.91176237e+02
247             	3.91327122e+02
248             	3.91477578e+02
249             	3.91627157e+02
250             	3.91775933e+02
251             	3.91924146e+02
252             	3.92069104e+02
253             	3.92212630e+02
254             	3.92355498e+02
255             	3.92497524e+02
256             	3.92638124e+02
257             	3.92777184e+02
258             	3.92913767e+02
259             	3.93049790e+02
260             	3.93183757e+02
261             	3.93318283e+02
262             	3.93452552e+02
263             	3.93585656e+02
264             	3.93716889e+02
265             	3.93847054e+02
266             	3.93976488e+02
267             	3.94105304e+02
268             	3.94233705e+02
269             	3.94360202e+02
270             	3.94486808e+02
271             	3.94612596e+02
272             	3.94736486e+02
273             	3.94858798e+02
274             	3.94979032e+02
275             	3.95098065e+02
276             	3.95215891e+02
277             	3.95332356e+02
278             	3.95447165e+02
279             	3.95560814e+02
280             	3.95674735e+02
281             	3.95786966e+02
282             	3.95897550e+02
283             	3.96007330e+02
284             	3.96116512e+02
285             	3.96224938e+02
286             	3.96332700e+02
287             	3.96439654e+02
288             	3.96546150e+02
289             	3.96651834e+02
290             	3.96756725e+02
291             	3.96861221e+02
292             	3.96965132e+02
293             	3.97068389e+02
294             	3.97171240e+02
295             	3.97273602e+02
296             	3.97375273e+02
297             	3.97475930e+02
298             	3.97575514e+02
299             	3.97674095e+02
300             	3.97771728e+02
301             	3.97868813e+02
302             	3.97965072e+02
303             	3.98060176e+02
304             	3.98154817e+02
305             	3.98248553e+02
306             	3.98341765e+02
307             	3.98433915e+02
308             	3.98524868e+02
309             	3.98614860e+02
310             	3.98704196e+02
311             	3.98792378e+02
312             	3.98879486e+02
313             	3.98965568e+02
314             	3.99050732e+02
315             	3.99135021e+02
316             	3.99218700e+02
317             	3.99301719e+02
318             	3.99383968e+02
319             	3.99465531e+02
320             	3.99546792e+02
321             	3.99627454e+02
322             	3.99707580e+02
323             	3.99786954e+02
324             	3.99865834e+02
325             	3.99944619e+02
326             	4.00022462e+02
327             	4.00099665e+02
328             	4.00176420e+02
329             	4.00252903e+02
330             	4.00328724e+02
331             	4.00404128e+02
332             	4.00479014e+02
333             	4.00553434e+02
334             	4.00627605e+02
335             	4.00701401e+02
336             	4.00774427e+02
337             	4.00846037e+02
338             	4.00918248e+02
339             	4.00990140e+02
340             	4.01061411e+02
341             	4.01132135e+02
342             	4.01202208e+02
343             	4.01271513e+02
344             	4.01340358e+02
345             	4.01408373e+02
346             	4.01476025e+02
347             	4.01543527e+02
348             	4.01609919e+02
349             	4.01675844e+02
350             	4.01741358e+02
351             	4.01806262e+02
352             	4.01870649e+02
353             	4.01934491e+02
354             	4.01997775e+02
355             	4.02060405e+02
356             	4.02122438e+02
357             	4.02183959e+02
358             	4.02245131e+02
359             	4.02305906e+02
360             	4.02365553e+02
361             	4.02425230e+02
362             	4.02484547e+02
363             	4.02543346e+02
364             	4.02601660e+02
365             	4.02659642e+02
366             	4.02717351e+02
367             	4.02774893e+02
368             	4.02832079e+02
369             	4.02888841e+02
370             	4.02945006e+02
371             	4.03000976e+02
372             	4.03056502e+02
373             	4.03111560e+02
374             	4.03166037e+02
375             	4.03220088e+02
376             	4.03273768e+02
377             	4.03326910e+02
378             	4.03379905e+02
379             	4.03432245e+02
380             	4.03484191e+02
381             	4.03535794e+02
382             	4.03586940e+02
383             	4.03637846e+02
384             	4.03688354e+02
385             	4.03738535e+02
386             	4.03788443e+02
387             	4.03837973e+02
388             	4.03887154e+02
389             	4.03936039e+02
390             	4.03984600e+02
391             	4.04033006e+02
392             	4.04081070e+02
393             	4.04128607e+02
394             	4.04175993e+02
395             	4.04223086e+02
396             	4.04269830e+02
397             	4.04315995e+02
398             	4.04362078e+02
399             	4.04407821e+02
400             	4.04453124e+02
401             	4.04498006e+02
402             	4.04542531e+02
403             	4.04586780e+02
404             	4.04630576e+02
405             	4.04673969e+02
406             	4.04717014e+02
407             	4.04759737e+02
408             	4.04802105e+02
409             	4.04844165e+02
410             	4.04885851e+02
411             	4.04927196e+02
412             	4.04968188e+02
413             	4.05008809e+02
414             	4.05049080e+02
415             	4.05089124e+02
416             	4.05128814e+02
417             	4.05168197e+02
418             	4.05207282e+02
419             	4.05246059e+02
420             	4.05284511e+02
421             	4.05322703e+02
422             	4.05360626e+02
423             	4.05398277e+02
424             	4.05435645e+02
425             	4.05472721e+02
426             	4.05509509e+02
427             	4.05546128e+02
428             	4.05582512e+02
429             	4.05618642e+02
430             	4.05654519e+02
431             	4.05690122e+02
432             	4.05725432e+02
433             	4.05760472e+02
434             	4.05795271e+02
435             	4.05829954e+02
436             	4.05864314e+02
437             	4.05898434e+02
438             	4.05932345e+02
439             	4.05966039e+02
440             	4.05999509e+02
441             	4.06032756e+02
442             	4.06065755e+02
443             	4.06098528e+02
444             	4.06131014e+02
445             	4.06163225e+02
446             	4.06195200e+02
447             	4.06226922e+02
448             	4.06258396e+02
449             	4.06289558e+02
450             	4.06320420e+02
451             	4.06351055e+02
452             	4.06381467e+02
453             	4.06411548e+02
454             	4.06441371e+02
455             	4.06470996e+02
456             	4.06500348e+02
457             	4.06529485e+02
458             	4.06558385e+02
459             	4.06586947e+02
460             	4.06615443e+02
461             	4.06643726e+02
462             	4.06671746e+02
463             	4.06699528e+02
464             	4.06727119e+02
465             	4.06754525e+02
466             	4.06781716e+02
467             	4.06808737e+02
468             	4.06835593e+02
469             	4.06862248e+02
470             	4.06888691e+02
471             	4.06914988e+02
472             	4.06941065e+02
473             	4.06966987e+02
474             	4.06992764e+02
475             	4.07018382e+02
476             	4.07043820e+02
477             	4.07069093e+02
478             	4.07094144e+02
479             	4.07119027e+02
480             	4.07143723e+02
481             	4.07168219e+02
482             	4.07192509e+02
483             	4.07216567e+02
484             	4.07240391e+02
485             	4.07263992e+02
486             	4.07287374e+02
487             	4.07310533e+02
488             	4.07333485e+02
489             	4.07356236e+02
490             	4.07378783e+02
491             	4.07401204e+02
492             	4.07423441e+02
493             	4.07445494e+02
494             	4.07467372e+02
495             	4.07489085e+02
496             	4.07510597e+02
497             	4.07531970e+02
498             	4.07553174e+02
499             	4.07574190e+02
500             	4.07595066e+02
501             	4.07615766e+02
502             	4.07636294e+02
503             	4.07656663e+02
504             	4.07676883e+02
505             	4.07697012e+02
506             	4.07716969e+02
507             	4.07736779e+02
508             	4.07756455e+02
509             	4.07775995e+02
510             	4.07795390e+02
511             	4.07814659e+02
512             	4.07833772e+02
513             	4.07852750e+02
514             	4.07871601e+02
515             	4.07890305e+02
516             	4.07908860e+02
517             	4.07927274e+02
518             	4.07945545e+02
519             	4.07963671e+02
520             	4.07981659e+02
521             	4.07999513e+02
522             	4.08017245e+02
523             	4.08034808e+02
524             	4.08052235e+02
525             	4.08069540e+02
526             	4.08086711e+02
527             	4.08103763e+02
528             	4.08120677e+02
529             	4.08137442e+02
530             	4.08154090e+02
531             	4.08170595e+02
532             	4.08186967e+02
533             	4.08203217e+02
534             	4.08219346e+02
535             	4.08235354e+02
536             	4.08251251e+02
537             	4.08267022e+02
538             	4.08282675e+02
539             	4.08298213e+02
540             	4.08313635e+02
541             	4.08328948e+02
542             	4.08344132e+02
543             	4.08359227e+02
544             	4.08374214e+02
545             	4.08389089e+02
546             	4.08403854e+02
547             	4.08418525e+02
548             	4.08433050e+02
549             	4.08447445e+02
550             	4.08461713e+02
551             	4.08475852e+02
552             	4.08489862e+02
553             	4.08503747e+02
554             	4.08517506e+02
555             	4.08531145e+02
556             	4.08544703e+02
557             	4.08558153e+02
558             	4.08571502e+02
559             	4.08584753e+02
560             	4.08597909e+02
561             	4.08610972e+02
562             	4.08623933e+02
563             	4.08636781e+02
564             	4.08649530e+02
565             	4.08662178e+02
566             	4.08674721e+02
567             	4.08687154e+02
568             	4.08699473e+02
569             	4.08711687e+02
570             	4.08723804e+02
571             	4.08735830e+02
572             	4.08747768e+02
573             	4.08759626e+02
574             	4.08771411e+02
575             	4.08783128e+02
576             	4.08794768e+02
577             	4.08806278e+02
578             	4.08817728e+02
579             	4.08829102e+02
580             	4.08840390e+02
581             	4.08851583e+02
582             	4.08862673e+02
583             	4.08873670e+02
584             	4.08884571e+02
585             	4.08895383e+02
586             	4.08906096e+02
587             	4.08916723e+02
588             	4.08927283e+02
589             	4.08937758e+02
590             	4.08948149e+02
591             	4.08958465e+02
592             	4.08968708e+02
593             	4.08978882e+02
594             	4.08988988e+02
595             	4.08999030e+02
596             	4.09009014e+02
597             	4.09018929e+02
598             	4.09028780e+02
599             	4.09038573e+02
600             	4.09048296e+02
601             	4.09057957e+02
602             	4.09067555e+02
603             	4.09077086e+02
604             	4.09086546e+02
605             	4.09095929e+02
606             	4.09105237e+02
607             	4.09114466e+02
608             	4.09123616e+02
609             	4.09132688e+02
610             	4.09141674e+02
611             	4.09150584e+02
612             	4.09159407e+02
613             	4.09168146e+02
614             	4.09176803e+02
615             	4.09185389e+02
616             	4.09193911e+02
617             	4.09202378e+02
618             	4.09210774e+02
619             	4.09219103e+02
620             	4.09227370e+02
621             	4.09235580e+02
622             	4.09243737e+02
623             	4.09251842e+02
624             	4.09259894e+02
625             	4.09267902e+02
626             	4.09275854e+02
627             	4.09283747e+02
628             	4.09291583e+02
629             	4.09299366e+02
630             	4.09307043e+02
631             	4.09314682e+02
632             	4.09322266e+02
633             	4.09329778e+02
634             	4.09337221e+02
635             	4.09344593e+02
636             	4.09351891e+02
637             	4.09359119e+02
638             	4.09366270e+02
639             	4.09373364e+02
640             	4.09380384e+02
641             	4.09387343e+02
642             	4.09394253e+02
643             	4.09401118e+02
644             	4.09407940e+02
645             	4.09414720e+02
646             	4.09421456e+02
647             	4.09428152e+02
648             	4.09434811e+02
649             	4.09441430e+02
650             	4.09448013e+02
651             	4.09454556e+02
652             	4.09461058e+02
653             	4.09467516e+02
654             	4.09473931e+02
655             	4.09480299e+02
656             	4.09486615e+02
657             	4.09492878e+02
658             	4.09499088e+02
659             	4.09505243e+02
660             	4.09511339e+02
661             	4.09517373e+02
662             	4.09523344e+02
663             	4.09529247e+02
664             	4.09535082e+02
665             	4.09540849e+02
666             	4.09546552e+02
667             	4.09552191e+02
668             	4.09557809e+02
669             	4.09563362e+02
670             	4.09568866e+02
671             	4.09574336e+02
672             	4.09579781e+02
673             	4.09585231e+02
674             	4.09590624e+02
675             	4.09595963e+02
676             	4.09601274e+02
677             	4.09606554e+02
678             	4.09611796e+02
679             	4.09616994e+02
680             	4.09622128e+02
681             	4.09627235e+02
682             	4.09632305e+02
683             	4.09637319e+02
684             	4.09642282e+02
685             	4.09647226e+02
686             	4.09652100e+02
687             	4.09656927e+02
688             	4.09661712e+02
689             	4.09666453e+02
690             	4.09671155e+02
691             	4.09675814e+02
692             	4.09680437e+02
693             	4.09684869e+02
694             	4.09689418e+02
695             	4.09693969e+02
696             	4.09698420e+02
697             	4.09702803e+02
698             	4.09707131e+02
699             	4.09711411e+02
700             	4.09715634e+02
701             	4.09719867e+02
702             	4.09724064e+02
703             	4.09728227e+02
704             	4.09732376e+02
705             	4.09736462e+02
706             	4.09740554e+02
707             	4.09744599e+02
708             	4.09748617e+02
709             	4.09752620e+02
710             	4.09756699e+02
711             	4.09760739e+02
712             	4.09764621e+02
713             	4.09768482e+02
714             	4.09772300e+02
715             	4.09776106e+02
716             	4.09779917e+02
717             	4.09783668e+02
718             	4.09787418e+02
719             	4.09791123e+02
720             	4.09794881e+02
721             	4.09798614e+02
722             	4.09802294e+02
723             	4.09805893e+02
724             	4.09809540e+02
725             	4.09813204e+02
726             	4.09816828e+02
727             	4.09820387e+02
728             	4.09823879e+02
729             	4.09827357e+02
730             	4.09830803e+02
731             	4.09834215e+02
732             	4.09837616e+02
733             	4.09840982e+02
734             	4.09844313e+02
735             	4.09847613e+02
736             	4.09850899e+02
737             	4.09854137e+02
738             	4.09857325e+02
739             	4.09860480e+02
740             	4.09863637e+02
741             	4.09866767e+02
742             	4.09869907e+02
743             	4.09873060e+02
744             	4.09876200e+02
745             	4.09879336e+02
746             	4.09882473e+02
747             	4.09885617e+02
748             	4.09888778e+02
749             	4.09891941e+02
750             	4.09895106e+02
751             	4.09898268e+02
752             	4.09901419e+02
753             	4.09904549e+02
754             	4.09907684e+02
755             	4.09910792e+02
756             	4.09913862e+02
757             	4.09916894e+02
758             	4.09919897e+02
759             	4.09922865e+02
760             	4.09925793e+02
761             	4.09928712e+02
762             	4.09931577e+02
763             	4.09934397e+02
764             	4.09937181e+02
765             	4.09939930e+02
766             	4.09942643e+02
767             	4.09945335e+02
768             	4.09947994e+02
769             	4.09950605e+02
770             	4.09953173e+02
771             	4.09955708e+02
772             	4.09958217e+02
773             	4.09960718e+02
774             	4.09963230e+02
775             	4.09965693e+02
776             	4.09968143e+02
777             	4.09970587e+02
778             	4.09973015e+02
779             	4.09975420e+02
780             	4.09977816e+02
781             	4.09980214e+02
782             	4.09982622e+02
783             	4.09984999e+02
784             	4.09987360e+02
785             	4.09989715e+02
786             	4.09992067e+02
787             	4.09994410e+02
788             	4.09996735e+02
789             	4.09999042e+02
790             	4.10001338e+02
791             	4.10003616e+02
792             	4.10005880e+02
793             	4.10008005e+02
794             	4.10010267e+02
795             	4.10012524e+02
796             	4.10014746e+02
797             	4.10016943e+02
798             	4.10019124e+02
799             	4.10021300e+02
800             	4.10023469e+02
801             	4.10025626e+02
802             	4.10027701e+02
803             	4.10029797e+02
804             	4.10031885e+02
805             	4.10033928e+02
806             	4.10036062e+02
807             	4.10037969e+02
808             	4.10039823e+02
809             	4.10041685e+02
810             	4.10043545e+02
811             	4.10045357e+02
812             	4.10047144e+02
813             	4.10048933e+02
814             	4.10050680e+02
815             	4.10052375e+02
816             	4.10054111e+02
817             	4.10055832e+02
818             	4.10057530e+02
819             	4.10059179e+02
820             	4.10060819e+02
821             	4.10062477e+02
822             	4.10064145e+02
823             	4.10065798e+02
824             	4.10067494e+02
825             	4.10069143e+02
826             	4.10070802e+02
827             	4.10072436e+02
828             	4.10074113e+02
829             	4.10075774e+02
830             	4.10077400e+02
831             	4.10079005e+02
832             	4.10080597e+02
833             	4.10082210e+02
834             	4.10083800e+02
835             	4.10085344e+02
836             	4.10086840e+02
837             	4.10088271e+02
838             	4.10089649e+02
839             	4.10091023e+02
840             	4.10092368e+02
841             	4.10093712e+02
842             	4.10095024e+02
843             	4.10096312e+02
844             	4.10097617e+02
845             	4.10098917e+02
846             	4.10100237e+02
847             	4.10101579e+02
848             	4.10102844e+02
849             	4.10104170e+02
850             	4.10105518e+02
851             	4.10106869e+02
852             	4.10108233e+02
853             	4.10109604e+02
854             	4.10110901e+02
855             	4.10112226e+02
856             	4.10113546e+02
857             	4.10114834e+02
858             	4.10116109e+02
859             	4.10117360e+02
860             	4.10118627e+02
861             	4.10119833e+02
862             	4.10121172e+02
863             	4.10122297e+02
864             	4.10123381e+02
865             	4.10124469e+02
866             	4.10125559e+02
867             	4.10126654e+02
868             	4.10127691e+02
869             	4.10128672e+02
870             	4.10129669e+02
871             	4.10130658e+02
872             	4.10131642e+02
873             	4.10132575e+02
874             	4.10133531e+02
875             	4.10134480e+02
876             	4.10135344e+02
877             	4.10136335e+02
878             	4.10137340e+02
879             	4.10138296e+02
880             	4.10139223e+02
881             	4.10140135e+02
882             	4.10141093e+02
883             	4.10142074e+02
884             	4.10143072e+02
885             	4.10144092e+02
886             	4.10145153e+02
887             	4.10146230e+02
888             	4.10147246e+02
889             	4.10148292e+02
890             	4.10149194e+02
891             	4.10150142e+02
892             	4.10151085e+02
893             	4.10152017e+02
894             	4.10152942e+02
895             	4.10153806e+02
896             	4.10154645e+02
897             	4.10155458e+02
898             	4.10156287e+02
899             	4.10157120e+02
900             	4.10158075e+02
901             	4.10158871e+02
902             	4.10159651e+02
903             	4.10160465e+02
904             	4.10161302e+02
905             	4.10162140e+02
906             	4.10162966e+02
907             	4.10163783e+02
908             	4.10164578e+02
909             	4.10165361e+02
910             	4.10166106e+02
911             	4.10166801e+02
912             	4.10167563e+02
913             	4.10168266e+02
914             	4.10169018e+02
915             	4.10169759e+02
916             	4.10170510e+02
917             	4.10171268e+02
918             	4.10172013e+02
919             	4.10172667e+02
920             	4.10173440e+02
921             	4.10174230e+02
922             	4.10174998e+02
923             	4.10175725e+02
924             	4.10176426e+02
925             	4.10177147e+02
926             	4.10177797e+02
927             	4.10178432e+02
928             	4.10179086e+02
929             	4.10179702e+02
930             	4.10180346e+02
931             	4.10180960e+02
932             	4.10181614e+02
933             	4.10182274e+02
934             	4.10182956e+02
935             	4.10183662e+02
936             	4.10184320e+02
937             	4.10184986e+02
938             	4.10185631e+02
939             	4.10186248e+02
940             	4.10186860e+02
941             	4.10187501e+02
942             	4.10188166e+02
943             	4.10188853e+02
944             	4.10189516e+02
945             	4.10190221e+02
946             	4.10190926e+02
947             	4.10191647e+02
948             	4.10192374e+02
949             	4.10193097e+02
950             	4.10193803e+02
951             	4.10194497e+02
952             	4.10195218e+02
953             	4.10195891e+02
954             	4.10196721e+02
955             	4.10197315e+02
956             	4.10197854e+02
957             	4.10198405e+02
958             	4.10198970e+02
959             	4.10199560e+02
960             	4.10200137e+02
961             	4.10200706e+02
962             	4.10201250e+02
963             	4.10201783e+02
964             	4.10202322e+02
965             	4.10202842e+02
966             	4.10203316e+02
967             	4.10203643e+02
968             	4.10204185e+02
969             	4.10204712e+02
970             	4.10205172e+02
971             	4.10205583e+02
972             	4.10205992e+02
973             	4.10206413e+02
974             	4.10206840e+02
975             	4.10207315e+02
976             	4.10207834e+02
977             	4.10208367e+02
978             	4.10208904e+02
979             	4.10209427e+02
980             	4.10209990e+02
981             	4.10210593e+02
982             	4.10211164e+02
983             	4.10211717e+02
984             	4.10212257e+02
985             	4.10212760e+02
986             	4.10213192e+02
987             	4.10213579e+02
988             	4.10213950e+02
989             	4.10214339e+02
990             	4.10214856e+02
991             	4.10215267e+02
992             	4.10215666e+02
993             	4.10216130e+02
994             	4.10216661e+02
995             	4.10217198e+02
996             	4.10217756e+02
997             	4.10218278e+02
998             	4.10218793e+02
999             	4.10219344e+02
1000            	4.10219860e+02
1001            	4.10220405e+02
1002            	4.10220903e+02
1003            	4.10221212e+02
1004            	4.10221679e+02
1005            	4.10222135e+02
1006            	4.10222557e+02
1007            	4.10222985e+02
1008            	4.10223429e+02
1009            	4.10223856e+02
1010            	4.10224206e+02
1011            	4.10224577e+02
1012            	4.10224897e+02
1013            	4.10225277e+02
1014            	4.10225661e+02
1015            	4.10226024e+02
1016            	4.10226353e+02
1017            	4.10226644e+02
1018            	4.10226904e+02
1019            	4.10227097e+02
1020            	4.10227246e+02
1021            	4.10227395e+02
1022            	4.10227778e+02
1023            	4.10227845e+02
1024            	4.10227880e+02
1025            	4.10227982e+02
1026            	4.10228061e+02
1027            	4.10228217e+02
1028            	4.10228352e+02
1029            	4.10228444e+02
1030            	4.10228599e+02
1031            	4.10228782e+02
1032            	4.10228967e+02
1033            	4.10229197e+02
1034            	4.10229268e+02
1035            	4.10229585e+02
1036            	4.10229872e+02
1037            	4.10230231e+02
1038            	4.10230594e+02
1039            	4.10230944e+02
1040            	4.10231285e+02
1041            	4.10231671e+02
1042            	4.10232052e+02
1043            	4.10232442e+02
1044            	4.10232815e+02
1045            	4.10233136e+02
1046            	4.10233465e+02
1047            	4.10233760e+02
1048            	4.10233969e+02
1049            	4.10234278e+02
1050            	4.10234597e+02
1051            	4.10234749e+02
1052            	4.10234932e+02
1053            	4.10235187e+02
1054            	4.10235439e+02
1055            	4.10235650e+02
1056            	4.10235854e+02
1057            	4.10236035e+02
1058            	4.10236162e+02
1059            	4.10236282e+02
1060            	4.10236428e+02
1061            	4.10236616e+02
1062            	4.10236731e+02
1063            	4.10236936e+02
1064            	4.10237151e+02
1065            	4.10237409e+02
1066            	4.10237651e+02
1067            	4.10237891e+02
1068            	4.10238123e+02
1069            	4.10238295e+02
1070            	4.10238497e+02
1071            	4.10238689e+02
1072            	4.10238903e+02
1073            	4.10239136e+02
1074            	4.10239293e+02
1075            	4.10239453e+02
1076            	4.10239634e+02
1077            	4.10239842e+02
1078            	4.10240075e+02
1079            	4.10240302e+02
1080            	4.10240613e+02
1081            	4.10240844e+02
1082            	4.10241061e+02
1083            	4.10241299e+02
1084            	4.10241519e+02
1085            	4.10241731e+02
1086            	4.10241934e+02
1087            	4.10242119e+02
1088            	4.10242250e+02
1089            	4.10242383e+02
1090            	4.10242487e+02
1091            	4.10242605e+02
1092            	4.10242815e+02
1093            	4.10242980e+02
1094            	4.10243195e+02
1095            	4.10243436e+02
1096            	4.10243690e+02
1097            	4.10243977e+02
1098            	4.10244272e+02
1099            	4.10244559e+02
1100            	4.10244839e+02
1101            	4.10245072e+02
1102            	4.10245252e+02
1103            	4.10245458e+02
1104            	4.10245647e+02
1105            	4.10245862e+02
1106            	4.10246011e+02
1107            	4.10246249e+02
1108            	4.10246455e+02
1109            	4.10246659e+02
1110            	4.10246884e+02
1111            	4.10246923e+02
1112            	4.10247188e+02
1113            	4.10247339e+02
1114            	4.10247592e+02
1115            	4.10247842e+02
1116            	4.10248061e+02
1117            	4.10248248e+02
1118            	4.10248403e+02
1119            	4.10248538e+02
1120            	4.10248725e+02
1121            	4.10248860e+02
1122            	4.10249112e+02
1123            	4.10249268e+02
1124            	4.10249469e+02
1125            	4.10249636e+02
1126            	4.10249777e+02
1127            	4.10249941e+02
1128            	4.10250111e+02
1129            	4.10250269e+02
1130            	4.10250395e+02
1131            	4.10250492e+02
1132            	4.10250509e+02
1133            	4.10250621e+02
1134            	4.10250758e+02
1135            	4.10250720e+02
1136            	4.10250850e+02
1137            	4.10251049e+02
1138            	4.10251230e+02
1139            	4.10251390e+02
1140            	4.10251674e+02
1141            	4.10251892e+02
1142            	4.10252116e+02
1143            	4.10252462e+02
1144            	4.10252776e+02
1145            	4.10253025e+02
1146            	4.10253311e+02
1147            	4.10253499e+02
1148            	4.10253646e+02
1149            	4.10253800e+02
1150            	4.10253903e+02
1151            	4.10253925e+02
1152            	4.10253964e+02
1153            	4.10253941e+02
1154            	4.10253931e+02
1155            	4.10254103e+02
1156            	4.10254308e+02
1157            	4.10254200e+02
1158            	4.10254100e+02
1159            	4.10254060e+02
1160            	4.10253904e+02
1161            	4.10253843e+02
1162            	4.10253790e+02
1163            	4.10253816e+02
1164            	4.10253819e+02
1165            	4.10253803e+02
1166            	4.10253808e+02
1167            	4.10253806e+02
1168            	4.10253844e+02
1169            	4.10253904e+02
1170            	4.10253953e+02
1171            	4.10254021e+02
1172            	4.10254085e+02
1173            	4.10254162e+02
1174            	4.10254318e+02
1175            	4.10254533e+02
1176            	4.10254756e+02
1177            	4.10254973e+02
1178            	4.10255163e+02
1179            	4.10255344e+02
1180            	4.10255513e+02
1181            	4.10255637e+02
1182            	4.10255750e+02
1183            	4.10255822e+02
1184            	4.10255911e+02
1185            	4.10255977e+02
1186            	4.10256031e+02
1187            	4.10256064e+02
1188            	4.10256080e+02
1189            	4.10256076e+02
1190            	4.10256006e+02
1191            	4.10255973e+02
1192            	4.10255943e+02
1193            	4.10255898e+02
1194            	4.10255840e+02
1195            	4.10255811e+02
1196            	4.10255737e+02
1197            	4.10255672e+02
1198            	4.10255640e+02
1199            	4.10255622e+02
1200            	4.10255565e+02
1201            	4.10255514e+02
1202            	4.10255481e+02
1203            	4.10255461e+02
1204            	4.10255441e+02
1205            	4.10255431e+02
1206            	4.10255429e+02
1207            	4.10255419e+02
1208            	4.10255482e+02
1209            	4.10255533e+02
1210            	4.10255582e+02
1211            	4.10255632e+02
1212            	4.10255762e+02
1213            	4.10255859e+02
1214            	4.10255941e+02
1215            	4.10256037e+02
1216            	4.10256106e+02
1217            	4.10256215e+02
1218            	4.10256338e+02
1219            	4.10256451e+02
1220            	4.10256535e+02
1221            	4.10256570e+02
1222            	4.10256600e+02
1223            	4.10256659e+02
1224            	4.10256684e+02
1225            	4.10256703e+02
1226            	4.10256706e+02
1227            	4.10256747e+02
1228            	4.10256820e+02
1229            	4.10256879e+02
1230            	4.10256978e+02
1231            	4.10257069e+02
1232            	4.10257109e+02
1233            	4.10257195e+02
1234            	4.10257301e+02
1235            	4.10257408e+02
1236            	4.10257518e+02
1237            	4.10257634e+02
1238            	4.10257751e+02
1239            	4.10257862e+02
1240            	4.10257926e+02
1241            	4.10257980e+02
1242            	4.10258029e+02
1243            	4.10258081e+02
1244            	4.10258117e+02
1245            	4.10258146e+02
1246            	4.10258192e+02
1247            	4.10258253e+02
1248            	4.10258318e+02
1249            	4.10258373e+02
1250            	4.10258421e+02
1251            	4.10258462e+02
1252            	4.10258511e+02
1253            	4.10258564e+02
1254            	4.10258617e+02
1255            	4.10258668e+02
1256            	4.10258718e+02
1257            	4.10258772e+02
1258            	4.10258828e+02
1259            	4.10258872e+02
1260            	4.10258914e+02
1261            	4.10258955e+02
1262            	4.10258986e+02
1263            	4.10259016e+02
1264            	4.10259046e+02
1265            	4.10259060e+02
1266            	4.10259067e+02
1267            	4.10259080e+02
1268            	4.10259086e+02
1269            	4.10259085e+02
1270            	4.10259084e+02
1271            	4.10259084e+02
1272            	4.10259080e+02
1273            	4.10259069e+02
1274            	4.10259055e+02
1275            	4.10259036e+02
1276            	4.10259002e+02
1277            	4.10258974e+02
1278            	4.10258964e+02
1279            	4.10258956e+02
1280            	4.10258950e+02
1281            	4.10258952e+02
1282            	4.10258967e+02
1283            	4.10259000e+02
1284            	4.10259027e+02
1285            	4.10259066e+02
1286            	4.10259127e+02
1287            	4.10259207e+02
1288            	4.10259301e+02
1289            	4.10259400e+02
1290            	4.10259509e+02
1291            	4.10259625e+02
1292            	4.10259792e+02
1293            	4.10259924e+02
1294            	4.10260058e+02
1295            	4.10260206e+02
1296            	4.10260369e+02
1297            	4.10260537e+02
1298            	4.10260702e+02
1299            	4.10260860e+02
1300            	4.10261001e+02
1301            	4.10261121e+02
1302            	4.10261220e+02
1303            	4.10261301e+02
1304            	4.10261367e+02
1305            	4.10261412e+02
1306            	4.10261474e+02
1307            	4.10261503e+02
1308            	4.10261500e+02
1309            	4.10261494e+02
1310            	4.10261523e+02
1311            	4.10261560e+02
1312            	4.10261590e+02
1313            	4.10261621e+02
1314            	4.10261622e+02
1315            	4.10261604e+02
1316            	4.10261628e+02
1317            	4.10261662e+02
1318            	4.10261691e+02
1319            	4.10261715e+02
1320            	4.10261728e+02
1321            	4.10261754e+02
1322            	4.10261754e+02
1323            	4.10261759e+02
1324            	4.10261774e+02
1325            	4.10261805e+02
1326            	4.10261856e+02
1327            	4.10261931e+02
1328            	4.10262017e+02
1329            	4.10262122e+02
1330            	4.10262225e+02
1331            	4.10262329e+02
1332            	4.10262437e+02
1333            	4.10262552e+02
1334            	4.10262679e+02
1335            	4.10262796e+02
1336            	4.10262921e+02
1337            	4.10263046e+02
1338            	4.10263166e+02
1339            	4.10263279e+02
1340            	4.10263395e+02
1341            	4.10263493e+02
1342            	4.10263592e+02
1343            	4.10263694e+02
1344            	4.10263791e+02
1345            	4.10263876e+02
1346            	4.10263949e+02
1347            	4.10264013e+02
1348            	4.10264073e+02
1349            	4.10264119e+02
1350            	4.10264152e+02
1351            	4.10264170e+02
1352            	4.10264178e+02
1353            	4.10264172e+02
1354            	4.10264152e+02
1355            	4.10264121e+02
1356            	4.10264076e+02
1357            	4.10264023e+02
1358            	4.10263962e+02
1359            	4.10263892e+02
1360            	4.10263810e+02
1361            	4.10263713e+02
1362            	4.10263661e+02
1363            	4.10263607e+02
1364            	4.10263562e+02
1365            	4.10263538e+02
1366            	4.10263540e+02
1367            	4.10263564e+02
1368            	4.10263555e+02
1369            	4.10263560e+02
1370            	4.10263584e+02
1371            	4.10263612e+02
1372            	4.10263633e+02
1373            	4.10263661e+02
1374            	4.10263689e+02
1375            	4.10263719e+02
1376            	4.10263759e+02
1377            	4.10263789e+02
1378            	4.10263826e+02
1379            	4.10263886e+02
1380            	4.10263953e+02
1381            	4.10264032e+02
1382            	4.10264098e+02
1383            	4.10264165e+02
1384            	4.10264230e+02
1385            	4.10264282e+02
1386            	4.10264324e+02
1387            	4.10264364e+02
1388            	4.10264390e+02
1389            	4.10264410e+02
1390            	4.10264423e+02
1391            	4.10264430e+02
1392            	4.10264432e+02
1393            	4.10264425e+02
1394            	4.10264405e+02
1395            	4.10264375e+02
1396            	4.10264337e+02
1397            	4.10264291e+02
1398            	4.10264239e+02
1399            	4.10264183e+02
1400            	4.10264119e+02
1401            	4.10264057e+02
1402            	4.10264000e+02
1403            	4.10263944e+02
1404            	4.10263888e+02
1405            	4.10263819e+02
1406            	4.10263750e+02
1407            	4.10263677e+02
1408            	4.10263600e+02
1409            	4.10263519e+02
1410            	4.10263435e+02
1411            	4.10263343e+02
1412            	4.10263249e+02
1413            	4.10263146e+02
1414            	4.10263033e+02
1415            	4.10262904e+02
1416            	4.10262775e+02
1417            	4.10262639e+02
1418            	4.10262495e+02
1419            	4.10262349e+02
1420            	4.10262204e+02
1421            	4.10262067e+02
1422            	4.10261941e+02
1423            	4.10261826e+02
1424            	4.10261727e+02
1425            	4.10261642e+02
1426            	4.10261570e+02
1427            	4.10261514e+02
1428            	4.10261470e+02
1429            	4.10261442e+02
1430            	4.10261428e+02
1431            	4.10261423e+02
1432            	4.10261426e+02
1433            	4.10261434e+02
1434            	4.10261444e+02
1435            	4.10261454e+02
1436            	4.10261465e+02
1437            	4.10261474e+02
1438            	4.10261482e+02
1439            	4.10261485e+02
1440            	4.10261482e+02
1441            	4.10261473e+02
1442            	4.10261459e+02
1443            	4.10261438e+02
1444            	4.10261411e+02
1445            	4.10261379e+02
1446            	4.10261343e+02
1447            	4.10261307e+02
1448            	4.10261273e+02
1449            	4.10261242e+02
1450            	4.10261215e+02
1451            	4.10261193e+02
1452            	4.10261177e+02
1453            	4.10261167e+02
1454            	4.10261166e+02
1455            	4.10261171e+02
1456            	4.10261180e+02
1457            	4.10261195e+02
1458            	4.10261215e+02
1459            	4.10261239e+02
1460            	4.10261267e+02
1461            	4.10261298e+02
1462            	4.10261331e+02
1463            	4.10261366e+02
1464            	4.10261401e+02
1465            	4.10261439e+02
1466            	4.10261477e+02
1467            	4.10261515e+02
1468            	4.10261552e+02
1469            	4.10261588e+02
1470            	4.10261623e+02
1471            	4.10261656e+02
1472            	4.10261688e+02
1473            	4.10261719e+02
1474            	4.10261749e+02
1475            	4.10261779e+02
1476            	4.10261808e+02
1477            	4.10261837e+02
1478            	4.10261866e+02
1479            	4.10261895e+02
1480            	4.10261926e+02
1481            	4.10261957e+02
1482            	4.10261990e+02
1483            	4.10262024e+02
1484            	4.10262060e+02
1485            	4.10262096e+02
1486            	4.10262134e+02
1487            	4.10262173e+02
1488            	4.10262213e+02
1489            	4.10262254e+02
1490            	4.10262297e+02
1491            	4.10262340e+02
1492            	4.10262384e+02
1493            	4.10262430e+02
1494            	4.10262478e+02
1495            	4.10262526e+02
1496            	4.10262575e+02
1497            	4.10262624e+02
1498            	4.10262673e+02
1499            	4.10262722e+02
1500            	4.10262770e+02
1501            	4.10262817e+02
1502            	4.10262863e+02
1503            	4.10262906e+02
1504            	4.10262947e+02
1505            	4.10262986e+02
1506            	4.10263022e+02
1507            	4.10263055e+02
1508            	4.10263086e+02
1509            	4.10263114e+02
1510            	4.10263141e+02
1511            	4.10263166e+02
1512            	4.10263189e+02
1513            	4.10263211e+02
1514            	4.10263233e+02
1515            	4.10263257e+02
1516            	4.10263281e+02
1517            	4.10263309e+02
1518            	4.10263338e+02
1519            	4.10263369e+02
1520            	4.10263404e+02
1521            	4.10263441e+02
1522            	4.10263483e+02
1523            	4.10263530e+02
1524            	4.10263581e+02
1525            	4.10263638e+02
1526            	4.10263700e+02
1527            	4.10263768e+02
1528            	4.10263841e+02
1529            	4.10263919e+02
1530            	4.10264000e+02
1531            	4.10264084e+02
1532            	4.10264169e+02
1533            	4.10264255e+02
1534            	4.10264339e+02
1535            	4.10264423e+02
1536            	4.10264504e+02
1537            	4.10264583e+02
1538            	4.10264658e+02
1539            	4.10264729e+02
1540            	4.10264795e+02
1541            	4.10264856e+02
1542            	4.10264911e+02
1543            	4.10264961e+02
1544            	4.10265005e+02
1545            	4.10265044e+02
1546            	4.10265077e+02
1547            	4.10265106e+02
1548            	4.10265131e+02
1549            	4.10265152e+02
1550            	4.10265170e+02
1551            	4.10265186e+02
1552            	4.10265200e+02
1553            	4.10265213e+02
1554            	4.10265226e+02
1555            	4.10265240e+02
1556            	4.10265256e+02
1557            	4.10265273e+02
1558            	4.10265292e+02
1559            	4.10265315e+02
1560            	4.10265341e+02
1561            	4.10265369e+02
1562            	4.10265399e+02
1563            	4.10265431e+02
1564            	4.10265465e+02
1565            	4.10265501e+02
1566            	4.10265536e+02
1567            	4.10265571e+02
1568            	4.10265607e+02
1569            	4.10265641e+02
1570            	4.10265675e+02
1571            	4.10265708e+02
1572            	4.10265739e+02
1573            	4.10265769e+02
1574            	4.10265797e+02
1575            	4.10265823e+02
1576            	4.10265847e+02
1577            	4.10265870e+02
1578            	4.10265889e+02
1579            	4.10265906e+02
1580            	4.10265921e+02
1581            	4.10265933e+02
1582            	4.10265942e+02
1583            	4.10265950e+02
1584            	4.10265956e+02
1585            	4.10265962e+02
1586            	4.10265968e+02
1587            	4.10265974e+02
1588            	4.10265980e+02
1589            	4.10265987e+02
1590            	4.10265996e+02
1591            	4.10266005e+02
1592            	4.10266016e+02
1593            	4.10266028e+02
1594            	4.10266040e+02
1595            	4.10266053e+02
1596            	4.10266066e+02
1597            	4.10266078e+02
1598            	4.10266089e+02
1599            	4.10266100e+02
1600            	4.10266110e+02
1601            	4.10266118e+02
1602            	4.10266127e+02
1603            	4.10266132e+02
1604            	4.10266137e+02
1605            	4.10266140e+02
1606            	4.10266142e+02
1607            	4.10266147e+02
1608            	4.10266152e+02
1609            	4.10266157e+02
1610            	4.10266165e+02
1611            	4.10266175e+02
1612            	4.10266186e+02
1613            	4.10266199e+02
1614            	4.10266218e+02
1615            	4.10266238e+02
1616            	4.10266256e+02
1617            	4.10266278e+02
1618            	4.10266302e+02
1619            	4.10266324e+02
1620            	4.10266347e+02
1621            	4.10266370e+02
1622            	4.10266392e+02
1623            	4.10266414e+02
1624            	4.10266437e+02
1625            	4.10266460e+02
1626            	4.10266482e+02
1627            	4.10266505e+02
1628            	4.10266530e+02
1629            	4.10266555e+02
1630            	4.10266581e+02
1631            	4.10266609e+02
1632            	4.10266638e+02
1633            	4.10266668e+02
1634            	4.10266698e+02
1635            	4.10266730e+02
1636            	4.10266762e+02
1637            	4.10266795e+02
1638            	4.10266827e+02
1639            	4.10266860e+02
1640            	4.10266892e+02
1641            	4.10266924e+02
1642            	4.10266955e+02
1643            	4.10266986e+02
1644            	4.10267017e+02
1645            	4.10267048e+02
1646            	4.10267079e+02
1647            	4.10267111e+02
1648            	4.10267142e+02
1649            	4.10267173e+02
1650            	4.10267206e+02
1651            	4.10267240e+02
1652            	4.10267276e+02
1653            	4.10267314e+02
1654            	4.10267353e+02
1655            	4.10267395e+02
1656            	4.10267439e+02
1657            	4.10267486e+02
1658            	4.10267537e+02
1659            	4.10267589e+02
1660            	4.10267643e+02
1661            	4.10267698e+02
1662            	4.10267752e+02
1663            	4.10267806e+02
1664            	4.10267862e+02
1665            	4.10267917e+02
1666            	4.10267971e+02
1667            	4.10268024e+02
1668            	4.10268077e+02
1669            	4.10268130e+02
1670            	4.10268181e+02
1671            	4.10268232e+02
1672            	4.10268282e+02
1673            	4.10268331e+02
1674            	4.10268380e+02
1675            	4.10268429e+02
1676            	4.10268478e+02
1677            	4.10268527e+02
1678            	4.10268576e+02
1679            	4.10268625e+02
1680            	4.10268674e+02
1681            	4.10268723e+02
1682            	4.10268771e+02
1683            	4.10268818e+02
1684            	4.10268864e+02
1685            	4.10268909e+02
1686            	4.10268953e+02
1687            	4.10268994e+02
1688            	4.10269032e+02
1689            	4.10269066e+02
1690            	4.10269098e+02
1691            	4.10269127e+02
1692            	4.10269152e+02
1693            	4.10269174e+02
1694            	4.10269192e+02
1695            	4.10269206e+02
1696            	4.10269217e+02
1697            	4.10269223e+02
1698            	4.10269224e+02
1699            	4.10269220e+02
1700            	4.10269212e+02
1701            	4.10269199e+02
1702            	4.10269182e+02
1703            	4.10269161e+02
1704            	4.10269137e+02
1705            	4.10269111e+02
1706            	4.10269082e+02
1707            	4.10269052e+02
1708            	4.10269021e+02
1709            	4.10268989e+02
1710            	4.10268955e+02
1711            	4.10268922e+02
1712            	4.10268888e+02
1713            	4.10268855e+02
1714            	4.10268821e+02
1715            	4.10268787e+02
1716            	4.10268752e+02
1717            	4.10268717e+02
1718            	4.10268681e+02
1719            	4.10268643e+02
1720            	4.10268604e+02
1721            	4.10268563e+02
1722            	4.10268517e+02
1723            	4.10268469e+02
1724            	4.10268416e+02
1725            	4.10268360e+02
1726            	4.10268300e+02
1727            	4.10268235e+02
1728            	4.10268166e+02
1729            	4.10268092e+02
1730            	4.10268012e+02
1731            	4.10267928e+02
1732            	4.10267839e+02
1733            	4.10267746e+02
1734            	4.10267651e+02
1735            	4.10267554e+02
1736            	4.10267453e+02
1737            	4.10267348e+02
1738            	4.10267241e+02
1739            	4.10267132e+02
1740            	4.10267023e+02
1741            	4.10266914e+02
1742            	4.10266806e+02
1743            	4.10266700e+02
1744            	4.10266597e+02
1745            	4.10266497e+02
1746            	4.10266401e+02
1747            	4.10266310e+02
1748            	4.10266223e+02
1749            	4.10266142e+02
1750            	4.10266065e+02
1751            	4.10265991e+02
1752            	4.10265922e+02
1753            	4.10265858e+02
1754            	4.10265799e+02
1755            	4.10265744e+02
1756            	4.10265693e+02
1757            	4.10265646e+02
1758            	4.10265602e+02
1759            	4.10265562e+02
1760            	4.10265524e+02
1761            	4.10265489e+02
1762            	4.10265456e+02
1763            	4.10265425e+02
1764            	4.10265394e+02
1765            	4.10265365e+02
1766            	4.10265337e+02
1767            	4.10265310e+02
1768            	4.10265283e+02
1769            	4.10265258e+02
1770            	4.10265233e+02
1771            	4.10265207e+02
1772            	4.10265182e+02
1773            	4.10265157e+02
1774            	4.10265130e+02
1775            	4.10265103e+02
1776            	4.10265075e+02
1777            	4.10265045e+02
1778            	4.10265015e+02
1779            	4.10264984e+02
1780            	4.10264953e+02
1781            	4.10264923e+02
1782            	4.10264894e+02
1783            	4.10264867e+02
1784            	4.10264841e+02
1785            	4.10264818e+02
1786            	4.10264799e+02
1787            	4.10264785e+02
1788            	4.10264775e+02
1789            	4.10264768e+02
1790            	4.10264767e+02
1791            	4.10264771e+02
1792            	4.10264780e+02
1793            	4.10264793e+02
1794            	4.10264813e+02
1795            	4.10264836e+02
1796            	4.10264863e+02
1797            	4.10264893e+02
1798            	4.10264923e+02
1799            	4.10264953e+02
1800            	4.10264981e+02
1801            	4.10265009e+02
1802            	4.10265035e+02
1803            	4.10265059e+02
1804            	4.10265079e+02
1805            	4.10265096e+02
1806            	4.10265109e+02
1807            	4.10265116e+02
1808            	4.10265118e+02
1809            	4.10265113e+02
1810            	4.10265102e+02
1811            	4.10265083e+02
1812            	4.10265058e+02
1813            	4.10265027e+02
1814            	4.10264991e+02
1815            	4.10264949e+02
1816            	4.10264902e+02
1817            	4.10264850e+02
1818            	4.10264794e+02
1819            	4.10264735e+02
1820            	4.10264673e+02
1821            	4.10264611e+02
1822            	4.10264550e+02
1823            	4.10264490e+02
1824            	4.10264431e+02
1825            	4.10264374e+02
1826            	4.10264320e+02
1827            	4.10264269e+02
1828            	4.10264222e+02
1829            	4.10264179e+02
1830            	4.10264142e+02
1831            	4.10264108e+02
1832            	4.10264081e+02
1833            	4.10264058e+02
1834            	4.10264040e+02
1835            	4.10264026e+02
1836            	4.10264018e+02
1837            	4.10264014e+02
1838            	4.10264014e+02
1839            	4.10264019e+02
1840            	4.10264027e+02
1841            	4.10264040e+02
1842            	4.10264056e+02
1843            	4.10264074e+02
1844            	4.10264094e+02
1845            	4.10264116e+02
1846            	4.10264139e+02
1847            	4.10264165e+02
1848            	4.10264190e+02
1849            	4.10264217e+02
1850            	4.10264245e+02
1851            	4.10264274e+02
1852            	4.10264304e+02
1853            	4.10264336e+02
1854            	4.10264368e+02
1855            	4.10264402e+02
1856            	4.10264436e+02
1857            	4.10264471e+02
1858            	4.10264506e+02
1859            	4.10264541e+02
1860            	4.10264576e+02
1861            	4.10264610e+02
1862            	4.10264644e+02
1863            	4.10264676e+02
1864            	4.10264707e+02
1865            	4.10264739e+02
1866            	4.10264769e+02
1867            	4.10264800e+02
1868            	4.10264830e+02
1869            	4.10264861e+02
1870            	4.10264892e+02
1871            	4.10264924e+02
1872            	4.10264956e+02
1873            	4.10264989e+02
1874            	4.10265023e+02
1875            	4.10265059e+02
1876            	4.10265096e+02
1877            	4.10265135e+02
1878            	4.10265177e+02
1879            	4.10265221e+02
1880            	4.10265267e+02
1881            	4.10265316e+02
1882            	4.10265368e+02
1883            	4.10265424e+02
1884            	4.10265485e+02
1885            	4.10265548e+02
1886            	4.10265615e+02
1887            	4.10265686e+02
1888            	4.10265759e+02
1889            	4.10265833e+02
1890            	4.10265910e+02
1891            	4.10265989e+02
1892            	4.10266071e+02
1893            	4.10266155e+02
1894            	4.10266240e+02
1895            	4.10266325e+02
1896            	4.10266410e+02
1897            	4.10266494e+02
1898            	4.10266575e+02
1899            	4.10266654e+02
1900            	4.10266729e+02
1901            	4.10266800e+02
1902            	4.10266866e+02
1903            	4.10266927e+02
1904            	4.10266982e+02
1905            	4.10267032e+02
1906            	4.10267078e+02
1907            	4.10267119e+02
1908            	4.10267154e+02
1909            	4.10267187e+02
1910            	4.10267216e+02
1911            	4.10267243e+02
1912            	4.10267266e+02
1913            	4.10267287e+02
1914            	4.10267306e+02
1915            	4.10267324e+02
1916            	4.10267341e+02
1917            	4.10267356e+02
1918            	4.10267371e+02
1919            	4.10267385e+02
1920            	4.10267398e+02
1921            	4.10267409e+02
1922            	4.10267420e+02
1923            	4.10267429e+02
1924            	4.10267435e+02
1925            	4.10267439e+02
1926            	4.10267426e+02
1927            	4.10267425e+02
1928            	4.10267424e+02
1929            	4.10267421e+02
1930            	4.10267415e+02
1931            	4.10267409e+02
1932            	4.10267403e+02
1933            	4.10267397e+02
1934            	4.10267390e+02
1935            	4.10267383e+02
1936            	4.10267376e+02
1937            	4.10267369e+02
1938            	4.10267362e+02
1939            	4.10267356e+02
1940            	4.10267352e+02
1941            	4.10267351e+02
1942            	4.10267355e+02
1943            	4.10267362e+02
1944            	4.10267374e+02
1945            	4.10267393e+02
1946            	4.10267418e+02
1947            	4.10267448e+02
1948            	4.10267483e+02
1949            	4.10267521e+02
1950            	4.10267559e+02
1951            	4.10267598e+02
1952            	4.10267635e+02
1953            	4.10267673e+02
1954            	4.10267710e+02
1955            	4.10267745e+02
1956            	4.10267778e+02
1957            	4.10267814e+02
1958            	4.10267845e+02
1959            	4.10267871e+02
1960            	4.10267894e+02
1961            	4.10267913e+02
1962            	4.10267928e+02
1963            	4.10267938e+02
1964            	4.10267942e+02
1965            	4.10267941e+02
1966            	4.10267938e+02
1967            	4.10267929e+02
1968            	4.10267916e+02
1969            	4.10267900e+02
1970            	4.10267881e+02
1971            	4.10267859e+02
1972            	4.10267837e+02
1973            	4.10267813e+02
1974            	4.10267789e+02
1975            	4.10267766e+02
1976            	4.10267745e+02
1977            	4.10267724e+02
1978            	4.10267706e+02
1979            	4.10267690e+02
1980            	4.10267677e+02
1981            	4.10267666e+02
1982            	4.10267659e+02
1983            	4.10267655e+02
1984            	4.10267654e+02
1985            	4.10267656e+02
1986            	4.10267661e+02
1987            	4.10267669e+02
1988            	4.10267680e+02
1989            	4.10267696e+02
1990            	4.10267716e+02
1991            	4.10267739e+02
1992            	4.10267765e+02
1993            	4.10267794e+02
1994            	4.10267826e+02
1995            	4.10267860e+02
1996            	4.10267901e+02
1997            	4.10267946e+02
1998            	4.10267991e+02
1999            	4.10268038e+02
2000            	4.10268085e+02
