# Region        : cellZone component_1
# Cells         : 208
# Volume        : 3.68610059e-01
# Time          	volAverage(T)
1               	3.00209575e+02
2               	3.00416573e+02
3               	3.00605551e+02
4               	3.00781868e+02
5               	3.00951100e+02
6               	3.01115175e+02
7               	3.01274606e+02
8               	3.01429413e+02
9               	3.01581053e+02
10              	3.01729494e+02
11              	3.01875069e+02
12              	3.02019051e+02
13              	3.02160690e+02
14              	3.02300580e+02
15              	3.02437427e+02
16              	3.02573053e+02
17              	3.02707763e+02
18              	3.02840987e+02
19              	3.02972485e+02
20              	3.03102798e+02
21              	3.03231765e+02
22              	3.03358552e+02
23              	3.03483698e+02
24              	3.03606438e+02
25              	3.03726174e+02
26              	3.03842053e+02
27              	3.03953189e+02
28              	3.04058990e+02
29              	3.04159605e+02
30              	3.04256197e+02
31              	3.04350065e+02
32              	3.04442175e+02
33              	3.04532798e+02
34              	3.04623914e+02
35              	3.04716621e+02
36              	3.04809313e+02
37              	3.04899300e+02
38              	3.04985859e+02
39              	3.05070879e+02
40              	3.05154447e+02
41              	3.05236437e+02
42              	3.05315483e+02
43              	3.05390989e+02
44              	3.05463001e+02
45              	3.05531851e+02
46              	3.05597501e+02
47              	3.05659727e+02
48              	3.05718348e+02
49              	3.05775663e+02
50              	3.05833074e+02
51              	3.05890780e+02
52              	3.05949455e+02
53              	3.06010521e+02
54              	3.06072387e+02
55              	3.06135679e+02
56              	3.06195124e+02
57              	3.06251589e+02
58              	3.06303540e+02
59              	3.06351105e+02
60              	3.06394285e+02
61              	3.06435261e+02
62              	3.06472502e+02
63              	3.06509467e+02
64              	3.06547448e+02
65              	3.06585427e+02
66              	3.06623936e+02
67              	3.06663266e+02
68              	3.06705726e+02
69              	3.06749466e+02
70              	3.06794841e+02
71              	3.06839853e+02
72              	3.06882629e+02
73              	3.06923421e+02
74              	3.06960533e+02
75              	3.06995428e+02
76              	3.07027758e+02
77              	3.07057866e+02
78              	3.07085633e+02
79              	3.07112595e+02
80              	3.07139614e+02
81              	3.07167596e+02
82              	3.07197560e+02
83              	3.07229530e+02
84              	3.07263449e+02
85              	3.07298421e+02
86              	3.07334032e+02
87              	3.07369816e+02
88              	3.07403820e+02
89              	3.07434118e+02
90              	3.07461712e+02
91              	3.07486805e+02
92              	3.07510549e+02
93              	3.07532142e+02
94              	3.07551144e+02
95              	3.07569043e+02
96              	3.07588224e+02
97              	3.07608099e+02
98              	3.07629408e+02
99              	3.07651920e+02
100             	3.07674722e+02
101             	3.07698640e+02
102             	3.07723680e+02
103             	3.07749087e+02
104             	3.07774321e+02
105             	3.07799011e+02
106             	3.07822458e+02
107             	3.07844375e+02
108             	3.07864283e+02
109             	3.07882201e+02
110             	3.07898694e+02
111             	3.07914359e+02
112             	3.07929445e+02
113             	3.07944047e+02
114             	3.07958689e+02
115             	3.07972990e+02
116             	3.07987800e+02
117             	3.08003452e+02
118             	3.08020249e+02
119             	3.08036642e+02
120             	3.08053206e+02
121             	3.08070004e+02
122             	3.08087093e+02
123             	3.08104334e+02
124             	3.08121793e+02
125             	3.08139768e+02
126             	3.08157398e+02
127             	3.08173603e+02
128             	3.08189299e+02
129             	3.08203496e+02
130             	3.08216841e+02
131             	3.08229240e+02
132             	3.08240802e+02
133             	3.08252121e+02
134             	3.08262596e+02
135             	3.08273018e+02
136             	3.08282130e+02
137             	3.08292236e+02
138             	3.08302806e+02
139             	3.08313056e+02
140             	3.08323706e+02
141             	3.08334862e+02
142             	3.08346324e+02
143             	3.08358101e+02
144             	3.08370362e+02
145             	3.08382645e+02
146             	3.08394851e+02
147             	3.08406999e+02
148             	3.08418064e+02
149             	3.08428609e+02
150             	3.08438715e+02
151             	3.08447895e+02
152             	3.08456347e+02
153             	3.08464182e+02
154             	3.08471645e+02
155             	3.08478019e+02
156             	3.08485104e+02
157             	3.08492018e+02
158             	3.08499195e+02
159             	3.08506813e+02
160             	3.08514973e+02
161             	3.08523560e+02
162             	3.08532321e+02
163             	3.08541616e+02
164             	3.08551277e+02
165             	3.08560244e+02
166             	3.08568558e+02
167             	3.08576481e+02
168             	3.08583852e+02
169             	3.08590590e+02
170             	3.08596721e+02
171             	3.08602448e+02
172             	3.08607808e+02
173             	3.08613038e+02
174             	3.08618482e+02
175             	3.08624367e+02
176             	3.08630438e+02
177             	3.08636380e+02
178             	3.08642680e+02
179             	3.08649008e+02
180             	3.08655347e+02
181             	3.08662074e+02
182             	3.08668792e+02
183             	3.08675364e+02
184             	3.08681615e+02
185             	3.08687473e+02
186             	3.08693038e+02
187             	3.08698117e+02
188             	3.08702829e+02
189             	3.08707026e+02
190             	3.08711299e+02
191             	3.08715737e+02
192             	3.08720302e+02
193             	3.08725034e+02
194             	3.08729939e+02
195             	3.08734635e+02
196             	3.08738462e+02
197             	3.08742838e+02
198             	3.08747302e+02
199             	3.08752081e+02
200             	3.08756710e+02
201             	3.08761480e+02
202             	3.08766200e+02
203             	3.08770821e+02
204             	3.08775068e+02
205             	3.08778689e+02
206             	3.08782065e+02
207             	3.08785266e+02
208             	3.08788613e+02
209             	3.08791706e+02
210             	3.08794775e+02
211             	3.08797473e+02
212             	3.08799923e+02
213             	3.08802795e+02
214             	3.08805699e+02
215             	3.08808848e+02
216             	3.08812290e+02
217             	3.08816000e+02
218             	3.08819668e+02
219             	3.08823263e+02
220             	3.08826757e+02
221             	3.08830003e+02
222             	3.08833036e+02
223             	3.08835857e+02
224             	3.08838495e+02
225             	3.08840908e+02
226             	3.08843196e+02
227             	3.08845662e+02
228             	3.08847527e+02
229             	3.08849299e+02
230             	3.08851369e+02
231             	3.08853795e+02
232             	3.08856568e+02
233             	3.08859453e+02
234             	3.08862296e+02
235             	3.08865107e+02
236             	3.08867901e+02
237             	3.08870609e+02
238             	3.08873171e+02
239             	3.08875516e+02
240             	3.08877725e+02
241             	3.08879750e+02
242             	3.08881592e+02
243             	3.08883306e+02
244             	3.08884951e+02
245             	3.08886548e+02
246             	3.08888110e+02
247             	3.08889674e+02
248             	3.08891333e+02
249             	3.08893098e+02
250             	3.08894750e+02
251             	3.08896475e+02
252             	3.08898237e+02
253             	3.08900121e+02
254             	3.08902114e+02
255             	3.08904173e+02
256             	3.08906104e+02
257             	3.08907978e+02
258             	3.08909672e+02
259             	3.08911228e+02
260             	3.08912678e+02
261             	3.08914053e+02
262             	3.08915334e+02
263             	3.08916589e+02
264             	3.08917840e+02
265             	3.08919003e+02
266             	3.08920123e+02
267             	3.08921449e+02
268             	3.08922971e+02
269             	3.08924616e+02
270             	3.08926282e+02
271             	3.08927973e+02
272             	3.08929655e+02
273             	3.08930980e+02
274             	3.08932225e+02
275             	3.08933399e+02
276             	3.08934595e+02
277             	3.08935772e+02
278             	3.08936917e+02
279             	3.08937981e+02
280             	3.08938955e+02
281             	3.08939861e+02
282             	3.08940777e+02
283             	3.08941733e+02
284             	3.08942584e+02
285             	3.08943544e+02
286             	3.08944598e+02
287             	3.08945672e+02
288             	3.08946877e+02
289             	3.08948179e+02
290             	3.08949481e+02
291             	3.08950793e+02
292             	3.08951945e+02
293             	3.08953115e+02
294             	3.08954226e+02
295             	3.08955276e+02
296             	3.08956172e+02
297             	3.08956935e+02
298             	3.08957622e+02
299             	3.08958229e+02
300             	3.08958767e+02
301             	3.08959266e+02
302             	3.08959784e+02
303             	3.08960286e+02
304             	3.08960809e+02
305             	3.08961437e+02
306             	3.08962167e+02
307             	3.08962968e+02
308             	3.08963849e+02
309             	3.08964519e+02
310             	3.08965277e+02
311             	3.08965892e+02
312             	3.08966446e+02
313             	3.08966977e+02
314             	3.08967569e+02
315             	3.08968196e+02
316             	3.08968790e+02
317             	3.08969349e+02
318             	3.08969795e+02
319             	3.08970193e+02
320             	3.08970549e+02
321             	3.08970917e+02
322             	3.08971283e+02
323             	3.08971686e+02
324             	3.08972208e+02
325             	3.08972602e+02
326             	3.08973009e+02
327             	3.08973465e+02
328             	3.08973955e+02
329             	3.08974490e+02
330             	3.08975025e+02
331             	3.08975641e+02
332             	3.08976294e+02
333             	3.08976848e+02
334             	3.08977412e+02
335             	3.08977945e+02
336             	3.08978442e+02
337             	3.08978854e+02
338             	3.08979130e+02
339             	3.08979305e+02
340             	3.08979241e+02
341             	3.08979225e+02
342             	3.08979232e+02
343             	3.08979298e+02
344             	3.08979510e+02
345             	3.08979791e+02
346             	3.08980225e+02
347             	3.08980770e+02
348             	3.08981362e+02
349             	3.08981998e+02
350             	3.08982469e+02
351             	3.08982830e+02
352             	3.08983166e+02
353             	3.08983488e+02
354             	3.08983836e+02
355             	3.08984188e+02
356             	3.08984493e+02
357             	3.08984746e+02
358             	3.08984943e+02
359             	3.08985111e+02
360             	3.08985259e+02
361             	3.08985328e+02
362             	3.08985417e+02
363             	3.08985564e+02
364             	3.08985800e+02
365             	3.08986017e+02
366             	3.08986288e+02
367             	3.08986637e+02
368             	3.08987021e+02
369             	3.08987401e+02
370             	3.08987756e+02
371             	3.08988128e+02
372             	3.08988467e+02
373             	3.08988804e+02
374             	3.08989161e+02
375             	3.08989537e+02
376             	3.08989929e+02
377             	3.08990319e+02
378             	3.08990687e+02
379             	3.08990954e+02
380             	3.08991191e+02
381             	3.08991359e+02
382             	3.08991467e+02
383             	3.08991525e+02
384             	3.08991554e+02
385             	3.08991573e+02
386             	3.08991595e+02
387             	3.08991623e+02
388             	3.08991658e+02
389             	3.08991691e+02
390             	3.08991732e+02
391             	3.08991781e+02
392             	3.08991837e+02
393             	3.08991906e+02
394             	3.08991992e+02
395             	3.08992083e+02
396             	3.08992200e+02
397             	3.08992319e+02
398             	3.08992463e+02
399             	3.08992629e+02
400             	3.08992794e+02
401             	3.08992962e+02
402             	3.08993156e+02
403             	3.08993363e+02
404             	3.08993587e+02
405             	3.08993802e+02
406             	3.08993998e+02
407             	3.08994127e+02
408             	3.08994275e+02
409             	3.08994401e+02
410             	3.08994501e+02
411             	3.08994572e+02
412             	3.08994616e+02
413             	3.08994639e+02
414             	3.08994638e+02
415             	3.08994615e+02
416             	3.08994648e+02
417             	3.08994622e+02
418             	3.08994634e+02
419             	3.08994710e+02
420             	3.08994845e+02
421             	3.08995024e+02
422             	3.08995238e+02
423             	3.08995485e+02
424             	3.08995777e+02
425             	3.08996105e+02
426             	3.08996419e+02
427             	3.08996646e+02
428             	3.08996879e+02
429             	3.08997052e+02
430             	3.08997187e+02
431             	3.08997295e+02
432             	3.08997393e+02
433             	3.08997454e+02
434             	3.08997488e+02
435             	3.08997519e+02
436             	3.08997581e+02
437             	3.08997627e+02
438             	3.08997643e+02
439             	3.08997646e+02
440             	3.08997686e+02
441             	3.08997643e+02
442             	3.08997627e+02
443             	3.08997673e+02
444             	3.08997749e+02
445             	3.08997944e+02
446             	3.08998226e+02
447             	3.08998587e+02
448             	3.08998779e+02
449             	3.08998914e+02
450             	3.08998954e+02
451             	3.08998962e+02
452             	3.08998924e+02
453             	3.08998823e+02
454             	3.08998621e+02
455             	3.08998344e+02
456             	3.08998057e+02
457             	3.08997799e+02
458             	3.08997663e+02
459             	3.08997578e+02
460             	3.08997566e+02
461             	3.08997599e+02
462             	3.08997718e+02
463             	3.08997922e+02
464             	3.08998211e+02
465             	3.08998562e+02
466             	3.08998733e+02
467             	3.08999000e+02
468             	3.08999105e+02
469             	3.08999128e+02
470             	3.08999124e+02
471             	3.08999133e+02
472             	3.08999157e+02
473             	3.08999143e+02
474             	3.08999059e+02
475             	3.08998899e+02
476             	3.08998688e+02
477             	3.08998487e+02
478             	3.08998314e+02
479             	3.08997961e+02
480             	3.08997827e+02
481             	3.08997902e+02
482             	3.08998138e+02
483             	3.08998467e+02
484             	3.08998829e+02
485             	3.08999128e+02
486             	3.08999211e+02
487             	3.08999278e+02
488             	3.08999361e+02
489             	3.08999460e+02
490             	3.08999552e+02
491             	3.08999625e+02
492             	3.08999653e+02
493             	3.08999616e+02
494             	3.08999556e+02
495             	3.08999465e+02
496             	3.08999307e+02
497             	3.08999114e+02
498             	3.08998983e+02
499             	3.08998933e+02
500             	3.08998950e+02
501             	3.08999083e+02
502             	3.08999311e+02
503             	3.08999585e+02
504             	3.08999939e+02
505             	3.09000257e+02
506             	3.09000570e+02
507             	3.09000881e+02
508             	3.09001094e+02
509             	3.09001179e+02
510             	3.09001270e+02
511             	3.09001370e+02
512             	3.09001465e+02
513             	3.09001535e+02
514             	3.09001547e+02
515             	3.09001475e+02
516             	3.09001351e+02
517             	3.09001183e+02
518             	3.09001088e+02
519             	3.09000843e+02
520             	3.09000681e+02
521             	3.09000630e+02
522             	3.09000638e+02
523             	3.09000691e+02
524             	3.09000810e+02
525             	3.09000925e+02
526             	3.09001020e+02
527             	3.09001106e+02
528             	3.09001180e+02
529             	3.09001212e+02
530             	3.09001203e+02
531             	3.09001177e+02
532             	3.09001126e+02
533             	3.09001064e+02
534             	3.09001011e+02
535             	3.09000986e+02
536             	3.09000955e+02
537             	3.09000892e+02
538             	3.09000760e+02
539             	3.09000599e+02
540             	3.09000488e+02
541             	3.09000225e+02
542             	3.08999997e+02
543             	3.08999893e+02
544             	3.08999876e+02
545             	3.08999967e+02
546             	3.09000049e+02
547             	3.09000133e+02
548             	3.09000205e+02
549             	3.09000254e+02
550             	3.09000244e+02
551             	3.09000187e+02
552             	3.09000101e+02
553             	3.09000008e+02
554             	3.08999791e+02
555             	3.08999477e+02
556             	3.08999165e+02
557             	3.08998952e+02
558             	3.08998821e+02
559             	3.08998835e+02
560             	3.08999025e+02
561             	3.08999356e+02
562             	3.08999766e+02
563             	3.09000117e+02
564             	3.09000290e+02
565             	3.09000404e+02
566             	3.09000437e+02
567             	3.09000400e+02
568             	3.09000269e+02
569             	3.09000060e+02
570             	3.08999859e+02
571             	3.08999718e+02
572             	3.08999529e+02
573             	3.08999217e+02
574             	3.08999145e+02
575             	3.08999289e+02
576             	3.08999551e+02
577             	3.08999722e+02
578             	3.08999934e+02
579             	3.09000104e+02
580             	3.09000288e+02
581             	3.09000453e+02
582             	3.09000651e+02
583             	3.09000725e+02
584             	3.09000678e+02
585             	3.09000536e+02
586             	3.09000330e+02
587             	3.09000132e+02
588             	3.08999727e+02
589             	3.08999312e+02
590             	3.08999017e+02
591             	3.08998782e+02
592             	3.08998587e+02
593             	3.08998552e+02
594             	3.08998644e+02
595             	3.08998843e+02
596             	3.08999030e+02
597             	3.08999207e+02
598             	3.08999278e+02
599             	3.08999255e+02
600             	3.08999214e+02
601             	3.08999187e+02
602             	3.08999110e+02
603             	3.08998921e+02
604             	3.08998696e+02
605             	3.08998474e+02
606             	3.08998212e+02
607             	3.08998052e+02
608             	3.08998055e+02
609             	3.08998116e+02
610             	3.08998301e+02
611             	3.08998617e+02
612             	3.08999008e+02
613             	3.08999399e+02
614             	3.08999706e+02
615             	3.08999677e+02
616             	3.08999542e+02
617             	3.08999322e+02
618             	3.08999091e+02
619             	3.08998900e+02
620             	3.08998785e+02
621             	3.08998805e+02
622             	3.08998863e+02
623             	3.08999019e+02
624             	3.08999208e+02
625             	3.08999375e+02
626             	3.08999499e+02
627             	3.08999535e+02
628             	3.08999473e+02
629             	3.08999365e+02
630             	3.08999267e+02
631             	3.08999189e+02
632             	3.08999198e+02
633             	3.08999077e+02
634             	3.08999124e+02
635             	3.08999283e+02
636             	3.08999510e+02
637             	3.08999767e+02
638             	3.09000063e+02
639             	3.09000301e+02
640             	3.09000489e+02
641             	3.09000569e+02
642             	3.09000637e+02
643             	3.09000701e+02
644             	3.09000740e+02
645             	3.09000748e+02
646             	3.09000752e+02
647             	3.09000771e+02
648             	3.09000737e+02
649             	3.09000749e+02
650             	3.09000762e+02
651             	3.09000767e+02
652             	3.09000757e+02
653             	3.09000728e+02
654             	3.09000680e+02
655             	3.09000640e+02
656             	3.09000606e+02
657             	3.09000575e+02
658             	3.09000547e+02
659             	3.09000501e+02
660             	3.09000465e+02
661             	3.09000460e+02
662             	3.09000487e+02
663             	3.09000541e+02
664             	3.09000608e+02
665             	3.09000713e+02
666             	3.09000836e+02
667             	3.09000969e+02
668             	3.09001097e+02
669             	3.09001199e+02
670             	3.09001274e+02
671             	3.09001323e+02
672             	3.09001351e+02
673             	3.09001374e+02
674             	3.09001413e+02
675             	3.09001444e+02
676             	3.09001510e+02
677             	3.09001607e+02
678             	3.09001669e+02
679             	3.09001754e+02
680             	3.09001833e+02
681             	3.09001894e+02
682             	3.09001927e+02
683             	3.09001942e+02
684             	3.09001945e+02
685             	3.09001942e+02
686             	3.09001939e+02
687             	3.09001930e+02
688             	3.09001944e+02
689             	3.09001960e+02
690             	3.09002001e+02
691             	3.09002043e+02
692             	3.09002085e+02
693             	3.09002114e+02
694             	3.09002136e+02
695             	3.09002137e+02
696             	3.09002119e+02
697             	3.09002101e+02
698             	3.09002028e+02
699             	3.09001919e+02
700             	3.09001794e+02
701             	3.09001663e+02
702             	3.09001539e+02
703             	3.09001441e+02
704             	3.09001361e+02
705             	3.09001316e+02
706             	3.09001312e+02
707             	3.09001342e+02
708             	3.09001392e+02
709             	3.09001464e+02
710             	3.09001542e+02
711             	3.09001615e+02
712             	3.09001678e+02
713             	3.09001721e+02
714             	3.09001761e+02
715             	3.09001804e+02
716             	3.09001852e+02
717             	3.09001908e+02
718             	3.09002000e+02
719             	3.09002130e+02
720             	3.09002283e+02
721             	3.09002449e+02
722             	3.09002619e+02
723             	3.09002805e+02
724             	3.09002981e+02
725             	3.09003135e+02
726             	3.09003270e+02
727             	3.09003382e+02
728             	3.09003467e+02
729             	3.09003521e+02
730             	3.09003552e+02
731             	3.09003573e+02
732             	3.09003588e+02
733             	3.09003604e+02
734             	3.09003634e+02
735             	3.09003681e+02
736             	3.09003750e+02
737             	3.09003842e+02
738             	3.09003952e+02
739             	3.09004072e+02
740             	3.09004135e+02
741             	3.09004207e+02
742             	3.09004279e+02
743             	3.09004330e+02
744             	3.09004334e+02
745             	3.09004317e+02
746             	3.09004246e+02
747             	3.09004172e+02
748             	3.09004036e+02
749             	3.09003876e+02
750             	3.09003701e+02
751             	3.09003508e+02
752             	3.09003337e+02
753             	3.09003195e+02
754             	3.09003066e+02
755             	3.09002949e+02
756             	3.09002847e+02
757             	3.09002764e+02
758             	3.09002697e+02
759             	3.09002636e+02
760             	3.09002577e+02
761             	3.09002510e+02
762             	3.09002436e+02
763             	3.09002356e+02
764             	3.09002272e+02
765             	3.09002187e+02
766             	3.09002106e+02
767             	3.09002037e+02
768             	3.09001982e+02
769             	3.09001945e+02
770             	3.09001925e+02
771             	3.09001926e+02
772             	3.09001940e+02
773             	3.09001964e+02
774             	3.09001992e+02
775             	3.09002019e+02
776             	3.09002038e+02
777             	3.09002045e+02
778             	3.09002034e+02
779             	3.09001999e+02
780             	3.09001934e+02
781             	3.09001875e+02
782             	3.09001803e+02
783             	3.09001732e+02
784             	3.09001686e+02
785             	3.09001667e+02
786             	3.09001674e+02
787             	3.09001721e+02
788             	3.09001790e+02
789             	3.09001873e+02
790             	3.09001959e+02
791             	3.09002044e+02
792             	3.09002128e+02
793             	3.09002210e+02
794             	3.09002290e+02
795             	3.09002364e+02
796             	3.09002430e+02
797             	3.09002486e+02
798             	3.09002533e+02
799             	3.09002571e+02
800             	3.09002603e+02
801             	3.09002629e+02
802             	3.09002652e+02
803             	3.09002675e+02
804             	3.09002695e+02
805             	3.09002707e+02
806             	3.09002724e+02
807             	3.09002740e+02
808             	3.09002745e+02
809             	3.09002745e+02
810             	3.09002742e+02
811             	3.09002738e+02
812             	3.09002738e+02
813             	3.09002732e+02
814             	3.09002718e+02
815             	3.09002705e+02
816             	3.09002684e+02
817             	3.09002648e+02
818             	3.09002600e+02
819             	3.09002543e+02
820             	3.09002499e+02
821             	3.09002482e+02
822             	3.09002444e+02
823             	3.09002444e+02
824             	3.09002492e+02
825             	3.09002571e+02
826             	3.09002677e+02
827             	3.09002802e+02
828             	3.09002928e+02
829             	3.09003059e+02
830             	3.09003163e+02
831             	3.09003239e+02
832             	3.09003294e+02
833             	3.09003343e+02
834             	3.09003388e+02
835             	3.09003440e+02
836             	3.09003505e+02
837             	3.09003569e+02
838             	3.09003621e+02
839             	3.09003662e+02
840             	3.09003677e+02
841             	3.09003666e+02
842             	3.09003613e+02
843             	3.09003519e+02
844             	3.09003409e+02
845             	3.09003292e+02
846             	3.09003172e+02
847             	3.09003082e+02
848             	3.09003031e+02
849             	3.09003002e+02
850             	3.09002998e+02
851             	3.09003001e+02
852             	3.09003004e+02
853             	3.09003004e+02
854             	3.09002997e+02
855             	3.09002990e+02
856             	3.09002972e+02
857             	3.09002960e+02
858             	3.09002954e+02
859             	3.09002951e+02
860             	3.09002966e+02
861             	3.09003000e+02
862             	3.09003041e+02
863             	3.09003100e+02
864             	3.09003161e+02
865             	3.09003222e+02
866             	3.09003280e+02
867             	3.09003322e+02
868             	3.09003346e+02
869             	3.09003349e+02
870             	3.09003330e+02
871             	3.09003288e+02
872             	3.09003229e+02
873             	3.09003157e+02
874             	3.09003098e+02
875             	3.09003047e+02
876             	3.09003004e+02
877             	3.09002970e+02
878             	3.09002949e+02
879             	3.09002934e+02
880             	3.09002923e+02
881             	3.09002916e+02
882             	3.09002900e+02
883             	3.09002872e+02
884             	3.09002838e+02
885             	3.09002795e+02
886             	3.09002744e+02
887             	3.09002685e+02
888             	3.09002625e+02
889             	3.09002564e+02
890             	3.09002497e+02
891             	3.09002437e+02
892             	3.09002391e+02
893             	3.09002364e+02
894             	3.09002346e+02
895             	3.09002348e+02
896             	3.09002371e+02
897             	3.09002411e+02
898             	3.09002451e+02
899             	3.09002502e+02
900             	3.09002545e+02
901             	3.09002579e+02
902             	3.09002598e+02
903             	3.09002605e+02
904             	3.09002599e+02
905             	3.09002579e+02
906             	3.09002562e+02
907             	3.09002550e+02
908             	3.09002548e+02
909             	3.09002559e+02
910             	3.09002585e+02
911             	3.09002626e+02
912             	3.09002681e+02
913             	3.09002748e+02
914             	3.09002825e+02
915             	3.09002915e+02
916             	3.09003011e+02
917             	3.09003112e+02
918             	3.09003210e+02
919             	3.09003309e+02
920             	3.09003398e+02
921             	3.09003474e+02
922             	3.09003536e+02
923             	3.09003586e+02
924             	3.09003627e+02
925             	3.09003663e+02
926             	3.09003694e+02
927             	3.09003723e+02
928             	3.09003759e+02
929             	3.09003780e+02
930             	3.09003801e+02
931             	3.09003828e+02
932             	3.09003859e+02
933             	3.09003888e+02
934             	3.09003915e+02
935             	3.09003942e+02
936             	3.09003965e+02
937             	3.09003983e+02
938             	3.09003996e+02
939             	3.09004008e+02
940             	3.09004018e+02
941             	3.09004020e+02
942             	3.09004022e+02
943             	3.09004020e+02
944             	3.09004014e+02
945             	3.09004004e+02
946             	3.09003986e+02
947             	3.09003965e+02
948             	3.09003937e+02
949             	3.09003899e+02
950             	3.09003853e+02
951             	3.09003799e+02
952             	3.09003740e+02
953             	3.09003674e+02
954             	3.09003604e+02
955             	3.09003533e+02
956             	3.09003457e+02
957             	3.09003390e+02
958             	3.09003331e+02
959             	3.09003283e+02
960             	3.09003246e+02
961             	3.09003221e+02
962             	3.09003207e+02
963             	3.09003199e+02
964             	3.09003205e+02
965             	3.09003220e+02
966             	3.09003240e+02
967             	3.09003264e+02
968             	3.09003290e+02
969             	3.09003316e+02
970             	3.09003340e+02
971             	3.09003360e+02
972             	3.09003371e+02
973             	3.09003375e+02
974             	3.09003375e+02
975             	3.09003361e+02
976             	3.09003343e+02
977             	3.09003321e+02
978             	3.09003300e+02
979             	3.09003281e+02
980             	3.09003266e+02
981             	3.09003253e+02
982             	3.09003250e+02
983             	3.09003259e+02
984             	3.09003274e+02
985             	3.09003309e+02
986             	3.09003352e+02
987             	3.09003398e+02
988             	3.09003447e+02
989             	3.09003499e+02
990             	3.09003550e+02
991             	3.09003591e+02
992             	3.09003630e+02
993             	3.09003645e+02
994             	3.09003641e+02
995             	3.09003612e+02
996             	3.09003556e+02
997             	3.09003476e+02
998             	3.09003384e+02
999             	3.09003293e+02
1000            	3.09003202e+02
1001            	3.09003124e+02
1002            	3.09003078e+02
1003            	3.09003040e+02
1004            	3.09003027e+02
1005            	3.09003061e+02
1006            	3.09003118e+02
1007            	3.09003189e+02
1008            	3.09003256e+02
1009            	3.09003316e+02
1010            	3.09003357e+02
1011            	3.09003368e+02
1012            	3.09003378e+02
1013            	3.09003373e+02
1014            	3.09003323e+02
1015            	3.09003263e+02
1016            	3.09003208e+02
1017            	3.09003157e+02
1018            	3.09003113e+02
1019            	3.09003076e+02
1020            	3.09003057e+02
1021            	3.09003052e+02
1022            	3.09003056e+02
1023            	3.09003066e+02
1024            	3.09003078e+02
1025            	3.09003090e+02
1026            	3.09003096e+02
1027            	3.09003109e+02
1028            	3.09003089e+02
1029            	3.09003038e+02
1030            	3.09002961e+02
1031            	3.09002865e+02
1032            	3.09002755e+02
1033            	3.09002651e+02
1034            	3.09002556e+02
1035            	3.09002480e+02
1036            	3.09002422e+02
1037            	3.09002370e+02
1038            	3.09002340e+02
1039            	3.09002310e+02
1040            	3.09002284e+02
1041            	3.09002247e+02
1042            	3.09002200e+02
1043            	3.09002143e+02
1044            	3.09002079e+02
1045            	3.09002032e+02
1046            	3.09001983e+02
1047            	3.09001951e+02
1048            	3.09001927e+02
1049            	3.09001920e+02
1050            	3.09001949e+02
1051            	3.09001990e+02
1052            	3.09002039e+02
1053            	3.09002088e+02
1054            	3.09002136e+02
1055            	3.09002176e+02
1056            	3.09002205e+02
1057            	3.09002226e+02
1058            	3.09002234e+02
1059            	3.09002230e+02
1060            	3.09002215e+02
1061            	3.09002194e+02
1062            	3.09002175e+02
1063            	3.09002162e+02
1064            	3.09002159e+02
1065            	3.09002170e+02
1066            	3.09002199e+02
1067            	3.09002246e+02
1068            	3.09002309e+02
1069            	3.09002383e+02
1070            	3.09002461e+02
1071            	3.09002540e+02
1072            	3.09002615e+02
1073            	3.09002675e+02
1074            	3.09002723e+02
1075            	3.09002751e+02
1076            	3.09002761e+02
1077            	3.09002767e+02
1078            	3.09002762e+02
1079            	3.09002764e+02
1080            	3.09002771e+02
1081            	3.09002794e+02
1082            	3.09002833e+02
1083            	3.09002882e+02
1084            	3.09002933e+02
1085            	3.09003003e+02
1086            	3.09003075e+02
1087            	3.09003143e+02
1088            	3.09003205e+02
1089            	3.09003256e+02
1090            	3.09003297e+02
1091            	3.09003327e+02
1092            	3.09003345e+02
1093            	3.09003349e+02
1094            	3.09003343e+02
1095            	3.09003327e+02
1096            	3.09003303e+02
1097            	3.09003272e+02
1098            	3.09003235e+02
1099            	3.09003194e+02
1100            	3.09003150e+02
1101            	3.09003108e+02
1102            	3.09003071e+02
1103            	3.09003035e+02
1104            	3.09003003e+02
1105            	3.09002978e+02
1106            	3.09002955e+02
1107            	3.09002937e+02
1108            	3.09002925e+02
1109            	3.09002906e+02
1110            	3.09002884e+02
1111            	3.09002840e+02
1112            	3.09002771e+02
1113            	3.09002699e+02
1114            	3.09002605e+02
1115            	3.09002510e+02
1116            	3.09002433e+02
1117            	3.09002378e+02
1118            	3.09002333e+02
1119            	3.09002358e+02
1120            	3.09002406e+02
1121            	3.09002502e+02
1122            	3.09002618e+02
1123            	3.09002740e+02
1124            	3.09002858e+02
1125            	3.09002965e+02
1126            	3.09003053e+02
1127            	3.09003118e+02
1128            	3.09003162e+02
1129            	3.09003183e+02
1130            	3.09003180e+02
1131            	3.09003158e+02
1132            	3.09003123e+02
1133            	3.09003077e+02
1134            	3.09003028e+02
1135            	3.09002982e+02
1136            	3.09002947e+02
1137            	3.09002926e+02
1138            	3.09002927e+02
1139            	3.09002953e+02
1140            	3.09003008e+02
1141            	3.09003087e+02
1142            	3.09003186e+02
1143            	3.09003303e+02
1144            	3.09003437e+02
1145            	3.09003560e+02
1146            	3.09003662e+02
1147            	3.09003705e+02
1148            	3.09003705e+02
1149            	3.09003676e+02
1150            	3.09003628e+02
1151            	3.09003583e+02
1152            	3.09003538e+02
1153            	3.09003519e+02
1154            	3.09003531e+02
1155            	3.09003547e+02
1156            	3.09003541e+02
1157            	3.09003576e+02
1158            	3.09003605e+02
1159            	3.09003631e+02
1160            	3.09003640e+02
1161            	3.09003637e+02
1162            	3.09003623e+02
1163            	3.09003602e+02
1164            	3.09003586e+02
1165            	3.09003575e+02
1166            	3.09003561e+02
1167            	3.09003564e+02
1168            	3.09003588e+02
1169            	3.09003639e+02
1170            	3.09003729e+02
1171            	3.09003857e+02
1172            	3.09004016e+02
1173            	3.09004198e+02
1174            	3.09004338e+02
1175            	3.09004502e+02
1176            	3.09004662e+02
1177            	3.09004806e+02
1178            	3.09004927e+02
1179            	3.09005019e+02
1180            	3.09005083e+02
1181            	3.09005121e+02
1182            	3.09005160e+02
1183            	3.09005157e+02
1184            	3.09005141e+02
1185            	3.09005124e+02
1186            	3.09005109e+02
1187            	3.09005099e+02
1188            	3.09005125e+02
1189            	3.09005178e+02
1190            	3.09005248e+02
1191            	3.09005322e+02
1192            	3.09005405e+02
1193            	3.09005486e+02
1194            	3.09005570e+02
1195            	3.09005629e+02
1196            	3.09005651e+02
1197            	3.09005646e+02
1198            	3.09005619e+02
1199            	3.09005572e+02
1200            	3.09005513e+02
1201            	3.09005446e+02
1202            	3.09005382e+02
1203            	3.09005326e+02
1204            	3.09005287e+02
1205            	3.09005267e+02
1206            	3.09005271e+02
1207            	3.09005296e+02
1208            	3.09005336e+02
1209            	3.09005381e+02
1210            	3.09005436e+02
1211            	3.09005483e+02
1212            	3.09005517e+02
1213            	3.09005535e+02
1214            	3.09005531e+02
1215            	3.09005505e+02
1216            	3.09005445e+02
1217            	3.09005370e+02
1218            	3.09005311e+02
1219            	3.09005204e+02
1220            	3.09005078e+02
1221            	3.09004950e+02
1222            	3.09004822e+02
1223            	3.09004692e+02
1224            	3.09004560e+02
1225            	3.09004455e+02
1226            	3.09004394e+02
1227            	3.09004344e+02
1228            	3.09004311e+02
1229            	3.09004283e+02
1230            	3.09004257e+02
1231            	3.09004231e+02
1232            	3.09004190e+02
1233            	3.09004126e+02
1234            	3.09004042e+02
1235            	3.09003948e+02
1236            	3.09003844e+02
1237            	3.09003736e+02
1238            	3.09003637e+02
1239            	3.09003545e+02
1240            	3.09003476e+02
1241            	3.09003436e+02
1242            	3.09003422e+02
1243            	3.09003435e+02
1244            	3.09003472e+02
1245            	3.09003534e+02
1246            	3.09003620e+02
1247            	3.09003734e+02
1248            	3.09003847e+02
1249            	3.09003969e+02
1250            	3.09004082e+02
1251            	3.09004183e+02
1252            	3.09004271e+02
1253            	3.09004345e+02
1254            	3.09004396e+02
1255            	3.09004426e+02
1256            	3.09004436e+02
1257            	3.09004434e+02
1258            	3.09004429e+02
1259            	3.09004432e+02
1260            	3.09004446e+02
1261            	3.09004471e+02
1262            	3.09004513e+02
1263            	3.09004570e+02
1264            	3.09004624e+02
1265            	3.09004686e+02
1266            	3.09004758e+02
1267            	3.09004832e+02
1268            	3.09004904e+02
1269            	3.09004949e+02
1270            	3.09004976e+02
1271            	3.09004984e+02
1272            	3.09004978e+02
1273            	3.09004962e+02
1274            	3.09004947e+02
1275            	3.09004943e+02
1276            	3.09004950e+02
1277            	3.09004958e+02
1278            	3.09004975e+02
1279            	3.09004995e+02
1280            	3.09005016e+02
1281            	3.09005033e+02
1282            	3.09005042e+02
1283            	3.09005037e+02
1284            	3.09005017e+02
1285            	3.09004982e+02
1286            	3.09004931e+02
1287            	3.09004866e+02
1288            	3.09004790e+02
1289            	3.09004691e+02
1290            	3.09004592e+02
1291            	3.09004490e+02
1292            	3.09004365e+02
1293            	3.09004229e+02
1294            	3.09004091e+02
1295            	3.09003956e+02
1296            	3.09003839e+02
1297            	3.09003728e+02
1298            	3.09003623e+02
1299            	3.09003541e+02
1300            	3.09003490e+02
1301            	3.09003470e+02
1302            	3.09003484e+02
1303            	3.09003437e+02
1304            	3.09003452e+02
1305            	3.09003498e+02
1306            	3.09003549e+02
1307            	3.09003592e+02
1308            	3.09003618e+02
1309            	3.09003625e+02
1310            	3.09003606e+02
1311            	3.09003553e+02
1312            	3.09003473e+02
1313            	3.09003371e+02
1314            	3.09003253e+02
1315            	3.09003126e+02
1316            	3.09002996e+02
1317            	3.09002876e+02
1318            	3.09002787e+02
1319            	3.09002720e+02
1320            	3.09002690e+02
1321            	3.09002685e+02
1322            	3.09002727e+02
1323            	3.09002799e+02
1324            	3.09002889e+02
1325            	3.09002985e+02
1326            	3.09003072e+02
1327            	3.09003150e+02
1328            	3.09003205e+02
1329            	3.09003249e+02
1330            	3.09003259e+02
1331            	3.09003235e+02
1332            	3.09003180e+02
1333            	3.09003099e+02
1334            	3.09002999e+02
1335            	3.09002886e+02
1336            	3.09002771e+02
1337            	3.09002658e+02
1338            	3.09002561e+02
1339            	3.09002473e+02
1340            	3.09002419e+02
1341            	3.09002401e+02
1342            	3.09002412e+02
1343            	3.09002447e+02
1344            	3.09002500e+02
1345            	3.09002563e+02
1346            	3.09002627e+02
1347            	3.09002675e+02
1348            	3.09002716e+02
1349            	3.09002748e+02
1350            	3.09002762e+02
1351            	3.09002732e+02
1352            	3.09002668e+02
1353            	3.09002577e+02
1354            	3.09002467e+02
1355            	3.09002343e+02
1356            	3.09002207e+02
1357            	3.09002072e+02
1358            	3.09001944e+02
1359            	3.09001830e+02
1360            	3.09001735e+02
1361            	3.09001669e+02
1362            	3.09001600e+02
1363            	3.09001570e+02
1364            	3.09001554e+02
1365            	3.09001533e+02
1366            	3.09001507e+02
1367            	3.09001480e+02
1368            	3.09001440e+02
1369            	3.09001390e+02
1370            	3.09001331e+02
1371            	3.09001264e+02
1372            	3.09001193e+02
1373            	3.09001125e+02
1374            	3.09001077e+02
1375            	3.09001025e+02
1376            	3.09001028e+02
1377            	3.09001068e+02
1378            	3.09001132e+02
1379            	3.09001204e+02
1380            	3.09001275e+02
1381            	3.09001337e+02
1382            	3.09001385e+02
1383            	3.09001412e+02
1384            	3.09001416e+02
1385            	3.09001395e+02
1386            	3.09001347e+02
1387            	3.09001275e+02
1388            	3.09001186e+02
1389            	3.09001084e+02
1390            	3.09000975e+02
1391            	3.09000866e+02
1392            	3.09000782e+02
1393            	3.09000713e+02
1394            	3.09000666e+02
1395            	3.09000652e+02
1396            	3.09000669e+02
1397            	3.09000721e+02
1398            	3.09000805e+02
1399            	3.09000911e+02
1400            	3.09001025e+02
1401            	3.09001121e+02
1402            	3.09001202e+02
1403            	3.09001243e+02
1404            	3.09001276e+02
1405            	3.09001287e+02
1406            	3.09001278e+02
1407            	3.09001279e+02
1408            	3.09001276e+02
1409            	3.09001295e+02
1410            	3.09001331e+02
1411            	3.09001364e+02
1412            	3.09001457e+02
1413            	3.09001596e+02
1414            	3.09001760e+02
1415            	3.09001948e+02
1416            	3.09002153e+02
1417            	3.09002361e+02
1418            	3.09002559e+02
1419            	3.09002737e+02
1420            	3.09002885e+02
1421            	3.09002999e+02
1422            	3.09003084e+02
1423            	3.09003151e+02
1424            	3.09003205e+02
1425            	3.09003251e+02
1426            	3.09003297e+02
1427            	3.09003349e+02
1428            	3.09003420e+02
1429            	3.09003496e+02
1430            	3.09003584e+02
1431            	3.09003686e+02
1432            	3.09003808e+02
1433            	3.09003937e+02
1434            	3.09004063e+02
1435            	3.09004191e+02
1436            	3.09004308e+02
1437            	3.09004431e+02
1438            	3.09004541e+02
1439            	3.09004626e+02
1440            	3.09004711e+02
1441            	3.09004755e+02
1442            	3.09004780e+02
1443            	3.09004797e+02
1444            	3.09004807e+02
1445            	3.09004810e+02
1446            	3.09004805e+02
1447            	3.09004793e+02
1448            	3.09004791e+02
1449            	3.09004795e+02
1450            	3.09004802e+02
1451            	3.09004804e+02
1452            	3.09004793e+02
1453            	3.09004768e+02
1454            	3.09004741e+02
1455            	3.09004716e+02
1456            	3.09004675e+02
1457            	3.09004623e+02
1458            	3.09004562e+02
1459            	3.09004495e+02
1460            	3.09004423e+02
1461            	3.09004349e+02
1462            	3.09004279e+02
1463            	3.09004215e+02
1464            	3.09004157e+02
1465            	3.09004097e+02
1466            	3.09004063e+02
1467            	3.09004002e+02
1468            	3.09003942e+02
1469            	3.09003860e+02
1470            	3.09003756e+02
1471            	3.09003642e+02
1472            	3.09003523e+02
1473            	3.09003426e+02
1474            	3.09003345e+02
1475            	3.09003293e+02
1476            	3.09003276e+02
1477            	3.09003295e+02
1478            	3.09003343e+02
1479            	3.09003415e+02
1480            	3.09003436e+02
1481            	3.09003497e+02
1482            	3.09003570e+02
1483            	3.09003639e+02
1484            	3.09003688e+02
1485            	3.09003677e+02
1486            	3.09003653e+02
1487            	3.09003591e+02
1488            	3.09003513e+02
1489            	3.09003426e+02
1490            	3.09003328e+02
1491            	3.09003224e+02
1492            	3.09003121e+02
1493            	3.09003026e+02
1494            	3.09002934e+02
1495            	3.09002840e+02
1496            	3.09002751e+02
1497            	3.09002659e+02
1498            	3.09002568e+02
1499            	3.09002484e+02
1500            	3.09002402e+02
1501            	3.09002328e+02
1502            	3.09002264e+02
1503            	3.09002213e+02
1504            	3.09002182e+02
1505            	3.09002168e+02
1506            	3.09002173e+02
1507            	3.09002196e+02
1508            	3.09002226e+02
1509            	3.09002248e+02
1510            	3.09002268e+02
1511            	3.09002271e+02
1512            	3.09002247e+02
1513            	3.09002198e+02
1514            	3.09002140e+02
1515            	3.09002100e+02
1516            	3.09002039e+02
1517            	3.09002017e+02
1518            	3.09002048e+02
1519            	3.09002009e+02
1520            	3.09002050e+02
1521            	3.09002109e+02
1522            	3.09002189e+02
1523            	3.09002323e+02
1524            	3.09002406e+02
1525            	3.09002462e+02
1526            	3.09002510e+02
1527            	3.09002551e+02
1528            	3.09002585e+02
1529            	3.09002619e+02
1530            	3.09002654e+02
1531            	3.09002696e+02
1532            	3.09002750e+02
1533            	3.09002818e+02
1534            	3.09002911e+02
1535            	3.09003030e+02
1536            	3.09003164e+02
1537            	3.09003331e+02
1538            	3.09003505e+02
1539            	3.09003686e+02
1540            	3.09003862e+02
1541            	3.09004029e+02
1542            	3.09004188e+02
1543            	3.09004335e+02
1544            	3.09004473e+02
1545            	3.09004596e+02
1546            	3.09004702e+02
1547            	3.09004791e+02
1548            	3.09004876e+02
1549            	3.09004922e+02
1550            	3.09004983e+02
1551            	3.09005039e+02
1552            	3.09005082e+02
1553            	3.09005103e+02
1554            	3.09005099e+02
1555            	3.09005070e+02
1556            	3.09005011e+02
1557            	3.09004943e+02
1558            	3.09004856e+02
1559            	3.09004749e+02
1560            	3.09004653e+02
1561            	3.09004573e+02
1562            	3.09004509e+02
1563            	3.09004465e+02
1564            	3.09004458e+02
1565            	3.09004484e+02
1566            	3.09004525e+02
1567            	3.09004570e+02
1568            	3.09004612e+02
1569            	3.09004646e+02
1570            	3.09004671e+02
1571            	3.09004676e+02
1572            	3.09004662e+02
1573            	3.09004620e+02
1574            	3.09004565e+02
1575            	3.09004488e+02
1576            	3.09004388e+02
1577            	3.09004265e+02
1578            	3.09004128e+02
1579            	3.09003984e+02
1580            	3.09003839e+02
1581            	3.09003712e+02
1582            	3.09003594e+02
1583            	3.09003476e+02
1584            	3.09003382e+02
1585            	3.09003333e+02
1586            	3.09003309e+02
1587            	3.09003306e+02
1588            	3.09003323e+02
1589            	3.09003339e+02
1590            	3.09003365e+02
1591            	3.09003392e+02
1592            	3.09003405e+02
1593            	3.09003438e+02
1594            	3.09003433e+02
1595            	3.09003414e+02
1596            	3.09003412e+02
1597            	3.09003426e+02
1598            	3.09003446e+02
1599            	3.09003461e+02
1600            	3.09003480e+02
1601            	3.09003496e+02
1602            	3.09003502e+02
1603            	3.09003493e+02
1604            	3.09003466e+02
1605            	3.09003422e+02
1606            	3.09003360e+02
1607            	3.09003281e+02
1608            	3.09003191e+02
1609            	3.09003093e+02
1610            	3.09002989e+02
1611            	3.09002901e+02
1612            	3.09002818e+02
1613            	3.09002755e+02
1614            	3.09002713e+02
1615            	3.09002684e+02
1616            	3.09002672e+02
1617            	3.09002684e+02
1618            	3.09002714e+02
1619            	3.09002758e+02
1620            	3.09002759e+02
1621            	3.09002745e+02
1622            	3.09002693e+02
1623            	3.09002609e+02
1624            	3.09002509e+02
1625            	3.09002400e+02
1626            	3.09002303e+02
1627            	3.09002210e+02
1628            	3.09002148e+02
1629            	3.09002124e+02
1630            	3.09002108e+02
1631            	3.09002129e+02
1632            	3.09002166e+02
1633            	3.09002205e+02
1634            	3.09002234e+02
1635            	3.09002249e+02
1636            	3.09002250e+02
1637            	3.09002240e+02
1638            	3.09002226e+02
1639            	3.09002205e+02
1640            	3.09002184e+02
1641            	3.09002167e+02
1642            	3.09002161e+02
1643            	3.09002167e+02
1644            	3.09002186e+02
1645            	3.09002219e+02
1646            	3.09002269e+02
1647            	3.09002339e+02
1648            	3.09002412e+02
1649            	3.09002507e+02
1650            	3.09002607e+02
1651            	3.09002704e+02
1652            	3.09002798e+02
1653            	3.09002885e+02
1654            	3.09002973e+02
1655            	3.09003042e+02
1656            	3.09003107e+02
1657            	3.09003180e+02
1658            	3.09003253e+02
1659            	3.09003321e+02
1660            	3.09003389e+02
1661            	3.09003460e+02
1662            	3.09003533e+02
1663            	3.09003608e+02
1664            	3.09003688e+02
1665            	3.09003774e+02
1666            	3.09003865e+02
1667            	3.09003955e+02
1668            	3.09004038e+02
1669            	3.09004105e+02
1670            	3.09004149e+02
1671            	3.09004173e+02
1672            	3.09004172e+02
1673            	3.09004148e+02
1674            	3.09004104e+02
1675            	3.09004039e+02
1676            	3.09003960e+02
1677            	3.09003867e+02
1678            	3.09003763e+02
1679            	3.09003654e+02
1680            	3.09003543e+02
1681            	3.09003436e+02
1682            	3.09003336e+02
1683            	3.09003254e+02
1684            	3.09003188e+02
1685            	3.09003147e+02
1686            	3.09003125e+02
1687            	3.09003115e+02
1688            	3.09003109e+02
1689            	3.09003107e+02
1690            	3.09003090e+02
1691            	3.09003023e+02
1692            	3.09002937e+02
1693            	3.09002775e+02
1694            	3.09002576e+02
1695            	3.09002376e+02
1696            	3.09002150e+02
1697            	3.09001916e+02
1698            	3.09001699e+02
1699            	3.09001491e+02
1700            	3.09001336e+02
1701            	3.09001250e+02
1702            	3.09001209e+02
1703            	3.09001124e+02
1704            	3.09001054e+02
1705            	3.09001015e+02
1706            	3.09000961e+02
1707            	3.09000873e+02
1708            	3.09000762e+02
1709            	3.09000630e+02
1710            	3.09000476e+02
1711            	3.09000349e+02
1712            	3.09000210e+02
1713            	3.09000108e+02
1714            	3.09000048e+02
1715            	3.09000026e+02
1716            	3.08999997e+02
1717            	3.09000077e+02
1718            	3.09000232e+02
1719            	3.09000427e+02
1720            	3.09000658e+02
1721            	3.09000843e+02
1722            	3.09000986e+02
1723            	3.09001099e+02
1724            	3.09001179e+02
1725            	3.09001231e+02
1726            	3.09001276e+02
1727            	3.09001328e+02
1728            	3.09001391e+02
1729            	3.09001475e+02
1730            	3.09001609e+02
1731            	3.09001786e+02
1732            	3.09001883e+02
1733            	3.09002053e+02
1734            	3.09002255e+02
1735            	3.09002463e+02
1736            	3.09002651e+02
1737            	3.09002819e+02
1738            	3.09002966e+02
1739            	3.09003092e+02
1740            	3.09003175e+02
1741            	3.09003220e+02
1742            	3.09003248e+02
1743            	3.09003328e+02
1744            	3.09003445e+02
1745            	3.09003583e+02
1746            	3.09003739e+02
1747            	3.09003902e+02
1748            	3.09004064e+02
1749            	3.09004182e+02
1750            	3.09004284e+02
1751            	3.09004340e+02
1752            	3.09004347e+02
1753            	3.09004311e+02
1754            	3.09004244e+02
1755            	3.09004139e+02
1756            	3.09004049e+02
1757            	3.09003941e+02
1758            	3.09003835e+02
1759            	3.09003711e+02
1760            	3.09003656e+02
1761            	3.09003643e+02
1762            	3.09003654e+02
1763            	3.09003677e+02
1764            	3.09003707e+02
1765            	3.09003732e+02
1766            	3.09003735e+02
1767            	3.09003712e+02
1768            	3.09003681e+02
1769            	3.09003653e+02
1770            	3.09003627e+02
1771            	3.09003588e+02
1772            	3.09003563e+02
1773            	3.09003563e+02
1774            	3.09003565e+02
1775            	3.09003604e+02
1776            	3.09003670e+02
1777            	3.09003728e+02
1778            	3.09003811e+02
1779            	3.09003893e+02
1780            	3.09003958e+02
1781            	3.09004005e+02
1782            	3.09004032e+02
1783            	3.09004041e+02
1784            	3.09004026e+02
1785            	3.09003994e+02
1786            	3.09003945e+02
1787            	3.09003886e+02
1788            	3.09003821e+02
1789            	3.09003754e+02
1790            	3.09003690e+02
1791            	3.09003634e+02
1792            	3.09003594e+02
1793            	3.09003578e+02
1794            	3.09003591e+02
1795            	3.09003633e+02
1796            	3.09003703e+02
1797            	3.09003783e+02
1798            	3.09003858e+02
1799            	3.09003926e+02
1800            	3.09003957e+02
1801            	3.09003979e+02
1802            	3.09003907e+02
1803            	3.09003819e+02
1804            	3.09003723e+02
1805            	3.09003615e+02
1806            	3.09003526e+02
1807            	3.09003467e+02
1808            	3.09003417e+02
1809            	3.09003432e+02
1810            	3.09003503e+02
1811            	3.09003602e+02
1812            	3.09003711e+02
1813            	3.09003834e+02
1814            	3.09003955e+02
1815            	3.09004062e+02
1816            	3.09004148e+02
1817            	3.09004217e+02
1818            	3.09004274e+02
1819            	3.09004327e+02
1820            	3.09004374e+02
1821            	3.09004423e+02
1822            	3.09004481e+02
1823            	3.09004552e+02
1824            	3.09004639e+02
1825            	3.09004745e+02
1826            	3.09004839e+02
1827            	3.09004936e+02
1828            	3.09005057e+02
1829            	3.09005166e+02
1830            	3.09005256e+02
1831            	3.09005332e+02
1832            	3.09005390e+02
1833            	3.09005414e+02
1834            	3.09005394e+02
1835            	3.09005377e+02
1836            	3.09005329e+02
1837            	3.09005292e+02
1838            	3.09005237e+02
1839            	3.09005228e+02
1840            	3.09005242e+02
1841            	3.09005266e+02
1842            	3.09005241e+02
1843            	3.09005216e+02
1844            	3.09005160e+02
1845            	3.09005061e+02
1846            	3.09004970e+02
1847            	3.09004824e+02
1848            	3.09004651e+02
1849            	3.09004481e+02
1850            	3.09004324e+02
1851            	3.09004178e+02
1852            	3.09004036e+02
1853            	3.09003897e+02
1854            	3.09003770e+02
1855            	3.09003661e+02
1856            	3.09003567e+02
1857            	3.09003487e+02
1858            	3.09003422e+02
1859            	3.09003377e+02
1860            	3.09003396e+02
1861            	3.09003373e+02
1862            	3.09003343e+02
1863            	3.09003307e+02
1864            	3.09003263e+02
1865            	3.09003213e+02
1866            	3.09003164e+02
1867            	3.09003118e+02
1868            	3.09003080e+02
1869            	3.09003054e+02
1870            	3.09003044e+02
1871            	3.09003055e+02
1872            	3.09003101e+02
1873            	3.09003145e+02
1874            	3.09003202e+02
1875            	3.09003274e+02
1876            	3.09003347e+02
1877            	3.09003434e+02
1878            	3.09003522e+02
1879            	3.09003606e+02
1880            	3.09003677e+02
1881            	3.09003731e+02
1882            	3.09003755e+02
1883            	3.09003742e+02
1884            	3.09003718e+02
1885            	3.09003651e+02
1886            	3.09003552e+02
1887            	3.09003445e+02
1888            	3.09003329e+02
1889            	3.09003208e+02
1890            	3.09003096e+02
1891            	3.09002997e+02
1892            	3.09002953e+02
1893            	3.09002964e+02
1894            	3.09003006e+02
1895            	3.09003078e+02
1896            	3.09003171e+02
1897            	3.09003189e+02
1898            	3.09003222e+02
1899            	3.09003240e+02
1900            	3.09003226e+02
1901            	3.09003176e+02
1902            	3.09003096e+02
1903            	3.09002995e+02
1904            	3.09002838e+02
1905            	3.09002660e+02
1906            	3.09002462e+02
1907            	3.09002252e+02
1908            	3.09002019e+02
1909            	3.09001783e+02
1910            	3.09001562e+02
1911            	3.09001362e+02
1912            	3.09001185e+02
1913            	3.09001030e+02
1914            	3.09000897e+02
1915            	3.09000787e+02
1916            	3.09000729e+02
1917            	3.09000655e+02
1918            	3.09000593e+02
1919            	3.09000575e+02
1920            	3.09000567e+02
1921            	3.09000568e+02
1922            	3.09000617e+02
1923            	3.09000692e+02
1924            	3.09000775e+02
1925            	3.09000856e+02
1926            	3.09000926e+02
1927            	3.09000982e+02
1928            	3.09001015e+02
1929            	3.09001022e+02
1930            	3.09000999e+02
1931            	3.09000946e+02
1932            	3.09000882e+02
1933            	3.09000784e+02
1934            	3.09000660e+02
1935            	3.09000521e+02
1936            	3.09000379e+02
1937            	3.09000244e+02
1938            	3.09000126e+02
1939            	3.09000033e+02
1940            	3.08999964e+02
1941            	3.08999925e+02
1942            	3.08999887e+02
1943            	3.08999852e+02
1944            	3.08999808e+02
1945            	3.08999814e+02
1946            	3.08999765e+02
1947            	3.08999717e+02
1948            	3.08999683e+02
1949            	3.08999634e+02
1950            	3.08999593e+02
1951            	3.08999587e+02
1952            	3.08999658e+02
1953            	3.08999762e+02
1954            	3.08999912e+02
1955            	3.09000076e+02
1956            	3.09000265e+02
1957            	3.09000450e+02
1958            	3.09000623e+02
1959            	3.09000774e+02
1960            	3.09000898e+02
1961            	3.09001005e+02
1962            	3.09001099e+02
1963            	3.09001182e+02
1964            	3.09001262e+02
1965            	3.09001348e+02
1966            	3.09001440e+02
1967            	3.09001550e+02
1968            	3.09001516e+02
1969            	3.09001498e+02
1970            	3.09001465e+02
1971            	3.09001396e+02
1972            	3.09001283e+02
1973            	3.09001132e+02
1974            	3.09000954e+02
1975            	3.09000791e+02
1976            	3.09000636e+02
1977            	3.09000541e+02
1978            	3.09000505e+02
1979            	3.09000496e+02
1980            	3.09000498e+02
1981            	3.09000504e+02
1982            	3.09000489e+02
1983            	3.09000320e+02
1984            	3.09000155e+02
1985            	3.08999989e+02
1986            	3.08999787e+02
1987            	3.08999517e+02
1988            	3.08999289e+02
1989            	3.08999057e+02
1990            	3.08998829e+02
1991            	3.08998654e+02
1992            	3.08998584e+02
1993            	3.08998643e+02
1994            	3.08998775e+02
1995            	3.08998957e+02
1996            	3.08999183e+02
1997            	3.08999423e+02
1998            	3.08999641e+02
1999            	3.08999703e+02
2000            	3.08999753e+02
