# Region        : cellZone component_2
# Cells         : 17
# Volume        : 1.79780637e-02
# Time          	volAverage(T)
1               	3.21704829e+02
2               	3.42311574e+02
3               	3.58857184e+02
4               	3.73745000e+02
5               	3.88197117e+02
6               	4.02453773e+02
7               	4.16474867e+02
8               	4.30209603e+02
9               	4.43714146e+02
10              	4.57070104e+02
11              	4.70237767e+02
12              	4.83200297e+02
13              	4.95889003e+02
14              	5.07980830e+02
15              	5.20283414e+02
16              	5.32434613e+02
17              	5.43063682e+02
18              	5.52994220e+02
19              	5.62516266e+02
20              	5.72104230e+02
21              	5.81433005e+02
22              	5.89946996e+02
23              	5.94138233e+02
24              	5.96502413e+02
25              	5.98050057e+02
26              	5.98841691e+02
27              	5.99293646e+02
28              	5.99495654e+02
29              	5.99586837e+02
30              	5.99649339e+02
31              	5.99627498e+02
32              	5.99333267e+02
33              	5.99315051e+02
34              	5.99203208e+02
35              	5.99294886e+02
36              	5.99601438e+02
37              	5.99743221e+02
38              	5.99845885e+02
39              	5.99645006e+02
40              	5.99467520e+02
41              	5.99528490e+02
42              	5.99558338e+02
43              	5.99521189e+02
44              	5.99395325e+02
45              	5.99197881e+02
46              	5.99106601e+02
47              	5.98953314e+02
48              	5.98940554e+02
49              	5.99078379e+02
50              	5.98950920e+02
51              	5.98887667e+02
52              	5.98869106e+02
53              	5.98831120e+02
54              	5.98710093e+02
55              	5.98596401e+02
56              	5.98582499e+02
57              	5.98676318e+02
58              	5.98856141e+02
59              	5.99017357e+02
60              	5.98965880e+02
61              	5.98844538e+02
62              	5.98880446e+02
63              	5.98996008e+02
64              	5.99306007e+02
65              	5.99348040e+02
66              	5.99311536e+02
67              	5.99260683e+02
68              	5.99406269e+02
69              	5.99440049e+02
70              	5.99495759e+02
71              	5.99496327e+02
72              	5.99425608e+02
73              	5.99254462e+02
74              	5.99157464e+02
75              	5.99118778e+02
76              	5.99094757e+02
77              	5.99112267e+02
78              	5.99120313e+02
79              	5.99211459e+02
80              	5.99143096e+02
81              	5.99126006e+02
82              	5.99089644e+02
83              	5.99058618e+02
84              	5.98976793e+02
85              	5.98901691e+02
86              	5.98797703e+02
87              	5.98666278e+02
88              	5.98607397e+02
89              	5.98558280e+02
90              	5.98571802e+02
91              	5.98552711e+02
92              	5.98619561e+02
93              	5.98693187e+02
94              	5.98724065e+02
95              	5.98727327e+02
96              	5.98714505e+02
97              	5.98722570e+02
98              	5.98737700e+02
99              	5.98646707e+02
100             	5.98463355e+02
101             	5.98350642e+02
102             	5.98284586e+02
103             	5.98237153e+02
104             	5.98298719e+02
105             	5.98258507e+02
106             	5.98241041e+02
107             	5.98263095e+02
108             	5.98271574e+02
109             	5.98259124e+02
110             	5.98206926e+02
111             	5.98124399e+02
112             	5.97978750e+02
113             	5.97886686e+02
114             	5.97790991e+02
115             	5.97711212e+02
116             	5.97639753e+02
117             	5.97602750e+02
118             	5.97580039e+02
119             	5.97570885e+02
120             	5.97594518e+02
121             	5.97602150e+02
122             	5.97635079e+02
123             	5.97685326e+02
124             	5.97731628e+02
125             	5.97762589e+02
126             	5.97713185e+02
127             	5.97657776e+02
128             	5.97637836e+02
129             	5.97630979e+02
130             	5.97594164e+02
131             	5.97568111e+02
132             	5.97569924e+02
133             	5.97609084e+02
134             	5.97670514e+02
135             	5.97723761e+02
136             	5.97769455e+02
137             	5.97818338e+02
138             	5.97875453e+02
139             	5.97923277e+02
140             	5.97961345e+02
141             	5.97996827e+02
142             	5.98040516e+02
143             	5.98090586e+02
144             	5.98123146e+02
145             	5.98001787e+02
146             	5.97912339e+02
147             	5.97860029e+02
148             	5.97816868e+02
149             	5.97770103e+02
150             	5.97728585e+02
151             	5.97737704e+02
152             	5.97784571e+02
153             	5.97824942e+02
154             	5.97854700e+02
155             	5.97891012e+02
156             	5.97905344e+02
157             	5.97850390e+02
158             	5.97716355e+02
159             	5.97576333e+02
160             	5.97530877e+02
161             	5.97503280e+02
162             	5.97432613e+02
163             	5.97402412e+02
164             	5.97409140e+02
165             	5.97407783e+02
166             	5.97381155e+02
167             	5.97337464e+02
168             	5.97273319e+02
169             	5.97171910e+02
170             	5.97084175e+02
171             	5.97032693e+02
172             	5.96995412e+02
173             	5.96970634e+02
174             	5.96963058e+02
175             	5.96960702e+02
176             	5.96959152e+02
177             	5.97017997e+02
178             	5.97076414e+02
179             	5.97129442e+02
180             	5.97161861e+02
181             	5.97113644e+02
182             	5.97037875e+02
183             	5.97019716e+02
184             	5.97097737e+02
185             	5.97269263e+02
186             	5.97543650e+02
187             	5.97488665e+02
188             	5.97358800e+02
189             	5.97233997e+02
190             	5.97153571e+02
191             	5.97062802e+02
192             	5.96999074e+02
193             	5.96868055e+02
194             	5.96772621e+02
195             	5.96658270e+02
196             	5.96620647e+02
197             	5.96579434e+02
198             	5.96578119e+02
199             	5.96624317e+02
200             	5.96755733e+02
201             	5.96842557e+02
202             	5.96932575e+02
203             	5.97079943e+02
204             	5.97195174e+02
205             	5.97270123e+02
206             	5.97289333e+02
207             	5.97304684e+02
208             	5.97237460e+02
209             	5.97184940e+02
210             	5.97150438e+02
211             	5.97126020e+02
212             	5.97097853e+02
213             	5.97090899e+02
214             	5.97107015e+02
215             	5.97126312e+02
216             	5.97142173e+02
217             	5.97169183e+02
218             	5.97214233e+02
219             	5.97313533e+02
220             	5.97431403e+02
221             	5.97516523e+02
222             	5.97568710e+02
223             	5.97628719e+02
224             	5.97681048e+02
225             	5.97712908e+02
226             	5.97597471e+02
227             	5.97465680e+02
228             	5.97393356e+02
229             	5.97369223e+02
230             	5.97347287e+02
231             	5.97313458e+02
232             	5.97291615e+02
233             	5.97290855e+02
234             	5.97342918e+02
235             	5.97398328e+02
236             	5.97441148e+02
237             	5.97501243e+02
238             	5.97577977e+02
239             	5.97669042e+02
240             	5.97738831e+02
241             	5.97742675e+02
242             	5.97720464e+02
243             	5.97549874e+02
244             	5.97444137e+02
245             	5.97391455e+02
246             	5.97359561e+02
247             	5.97325522e+02
248             	5.97305860e+02
249             	5.97314746e+02
250             	5.97315366e+02
251             	5.97339955e+02
252             	5.97390987e+02
253             	5.97416420e+02
254             	5.97448671e+02
255             	5.97461687e+02
256             	5.97473693e+02
257             	5.97504326e+02
258             	5.97542166e+02
259             	5.97540809e+02
260             	5.97550086e+02
261             	5.97573390e+02
262             	5.97536600e+02
263             	5.97507399e+02
264             	5.97492524e+02
265             	5.97486553e+02
266             	5.97458338e+02
267             	5.97482649e+02
268             	5.97543367e+02
269             	5.97593110e+02
270             	5.97618278e+02
271             	5.97642327e+02
272             	5.97649516e+02
273             	5.97561570e+02
274             	5.97506730e+02
275             	5.97503746e+02
276             	5.97438010e+02
277             	5.97404103e+02
278             	5.97404806e+02
279             	5.97428471e+02
280             	5.97472934e+02
281             	5.97537694e+02
282             	5.97577860e+02
283             	5.97609876e+02
284             	5.97638395e+02
285             	5.97662875e+02
286             	5.97687759e+02
287             	5.97733782e+02
288             	5.97707087e+02
289             	5.97716006e+02
290             	5.97680342e+02
291             	5.97662367e+02
292             	5.97664091e+02
293             	5.97677463e+02
294             	5.97684496e+02
295             	5.97688137e+02
296             	5.97679057e+02
297             	5.97649532e+02
298             	5.97661489e+02
299             	5.97687081e+02
300             	5.97697480e+02
301             	5.97720162e+02
302             	5.97738002e+02
303             	5.97762673e+02
304             	5.97712892e+02
305             	5.97692216e+02
306             	5.97637098e+02
307             	5.97627591e+02
308             	5.97590925e+02
309             	5.97575988e+02
310             	5.97576718e+02
311             	5.97561608e+02
312             	5.97562333e+02
313             	5.97580327e+02
314             	5.97624517e+02
315             	5.97667952e+02
316             	5.97712677e+02
317             	5.97760202e+02
318             	5.97808407e+02
319             	5.97860954e+02
320             	5.97832748e+02
321             	5.97825572e+02
322             	5.97731855e+02
323             	5.97689994e+02
324             	5.97689648e+02
325             	5.97646325e+02
326             	5.97633689e+02
327             	5.97633609e+02
328             	5.97629142e+02
329             	5.97655369e+02
330             	5.97697100e+02
331             	5.97730431e+02
332             	5.97766335e+02
333             	5.97797719e+02
334             	5.97743067e+02
335             	5.97700424e+02
336             	5.97687232e+02
337             	5.97614970e+02
338             	5.97591941e+02
339             	5.97608688e+02
340             	5.97608488e+02
341             	5.97626489e+02
342             	5.97642510e+02
343             	5.97661581e+02
344             	5.97682517e+02
345             	5.97706177e+02
346             	5.97731253e+02
347             	5.97761168e+02
348             	5.97799260e+02
349             	5.97833563e+02
350             	5.97881177e+02
351             	5.97830376e+02
352             	5.97805239e+02
353             	5.97744662e+02
354             	5.97732460e+02
355             	5.97750454e+02
356             	5.97698551e+02
357             	5.97665725e+02
358             	5.97644692e+02
359             	5.97637246e+02
360             	5.97635461e+02
361             	5.97672887e+02
362             	5.97707780e+02
363             	5.97739453e+02
364             	5.97773221e+02
365             	5.97808020e+02
366             	5.97766816e+02
367             	5.97767246e+02
368             	5.97717350e+02
369             	5.97705568e+02
370             	5.97652759e+02
371             	5.97631566e+02
372             	5.97628138e+02
373             	5.97634372e+02
374             	5.97631900e+02
375             	5.97620451e+02
376             	5.97641707e+02
377             	5.97671703e+02
378             	5.97692474e+02
379             	5.97706501e+02
380             	5.97721594e+02
381             	5.97668981e+02
382             	5.97643273e+02
383             	5.97547215e+02
384             	5.97509015e+02
385             	5.97513122e+02
386             	5.97539899e+02
387             	5.97564549e+02
388             	5.97587669e+02
389             	5.97634885e+02
390             	5.97673247e+02
391             	5.97686473e+02
392             	5.97691595e+02
393             	5.97628349e+02
394             	5.97598426e+02
395             	5.97597818e+02
396             	5.97558372e+02
397             	5.97563959e+02
398             	5.97542205e+02
399             	5.97559245e+02
400             	5.97590205e+02
401             	5.97615755e+02
402             	5.97647307e+02
403             	5.97678245e+02
404             	5.97705042e+02
405             	5.97728487e+02
406             	5.97741576e+02
407             	5.97746495e+02
408             	5.97767758e+02
409             	5.97811456e+02
410             	5.97777514e+02
411             	5.97780524e+02
412             	5.97804331e+02
413             	5.97840134e+02
414             	5.97789005e+02
415             	5.97761489e+02
416             	5.97735666e+02
417             	5.97724671e+02
418             	5.97726929e+02
419             	5.97740215e+02
420             	5.97735052e+02
421             	5.97724956e+02
422             	5.97730574e+02
423             	5.97745941e+02
424             	5.97763490e+02
425             	5.97780671e+02
426             	5.97794469e+02
427             	5.97811912e+02
428             	5.97832633e+02
429             	5.97855260e+02
430             	5.97802032e+02
431             	5.97783471e+02
432             	5.97719705e+02
433             	5.97700834e+02
434             	5.97715907e+02
435             	5.97687182e+02
436             	5.97688102e+02
437             	5.97698803e+02
438             	5.97702095e+02
439             	5.97717304e+02
440             	5.97735888e+02
441             	5.97755873e+02
442             	5.97778244e+02
443             	5.97805919e+02
444             	5.97769786e+02
445             	5.97768550e+02
446             	5.97800594e+02
447             	5.97758139e+02
448             	5.97745673e+02
449             	5.97749684e+02
450             	5.97763118e+02
451             	5.97771556e+02
452             	5.97779203e+02
453             	5.97727998e+02
454             	5.97706867e+02
455             	5.97699394e+02
456             	5.97703486e+02
457             	5.97718892e+02
458             	5.97738155e+02
459             	5.97750546e+02
460             	5.97769479e+02
461             	5.97788678e+02
462             	5.97803500e+02
463             	5.97819781e+02
464             	5.97842487e+02
465             	5.97873783e+02
466             	5.97810663e+02
467             	5.97786193e+02
468             	5.97797738e+02
469             	5.97750955e+02
470             	5.97740692e+02
471             	5.97756353e+02
472             	5.97716284e+02
473             	5.97708785e+02
474             	5.97718050e+02
475             	5.97733479e+02
476             	5.97747210e+02
477             	5.97757356e+02
478             	5.97765010e+02
479             	5.97771291e+02
480             	5.97777670e+02
481             	5.97776772e+02
482             	5.97787644e+02
483             	5.97805075e+02
484             	5.97822952e+02
485             	5.97769417e+02
486             	5.97750523e+02
487             	5.97754948e+02
488             	5.97777103e+02
489             	5.97734469e+02
490             	5.97726774e+02
491             	5.97740740e+02
492             	5.97768089e+02
493             	5.97790624e+02
494             	5.97747453e+02
495             	5.97738494e+02
496             	5.97750015e+02
497             	5.97774403e+02
498             	5.97732288e+02
499             	5.97723529e+02
500             	5.97737599e+02
501             	5.97762336e+02
502             	5.97789028e+02
503             	5.97744578e+02
504             	5.97733634e+02
505             	5.97742172e+02
506             	5.97759844e+02
507             	5.97780580e+02
508             	5.97787219e+02
509             	5.97801096e+02
510             	5.97818005e+02
511             	5.97834647e+02
512             	5.97847519e+02
513             	5.97792653e+02
514             	5.97775551e+02
515             	5.97782719e+02
516             	5.97741970e+02
517             	5.97735952e+02
518             	5.97750958e+02
519             	5.97780431e+02
520             	5.97742440e+02
521             	5.97736574e+02
522             	5.97748502e+02
523             	5.97771835e+02
524             	5.97797717e+02
525             	5.97818880e+02
526             	5.97832969e+02
527             	5.97776900e+02
528             	5.97756947e+02
529             	5.97759319e+02
530             	5.97776127e+02
531             	5.97796209e+02
532             	5.97812861e+02
533             	5.97823482e+02
534             	5.97835388e+02
535             	5.97848008e+02
536             	5.97791893e+02
537             	5.97772463e+02
538             	5.97777716e+02
539             	5.97801696e+02
540             	5.97755535e+02
541             	5.97744087e+02
542             	5.97754332e+02
543             	5.97775580e+02
544             	5.97796240e+02
545             	5.97818848e+02
546             	5.97833970e+02
547             	5.97843832e+02
548             	5.97785972e+02
549             	5.97764660e+02
550             	5.97767143e+02
551             	5.97784691e+02
552             	5.97804528e+02
553             	5.97819314e+02
554             	5.97829792e+02
555             	5.97838174e+02
556             	5.97845084e+02
557             	5.97850133e+02
558             	5.97853323e+02
559             	5.97791991e+02
560             	5.97768928e+02
561             	5.97770185e+02
562             	5.97786608e+02
563             	5.97807424e+02
564             	5.97758754e+02
565             	5.97745344e+02
566             	5.97753804e+02
567             	5.97775939e+02
568             	5.97800633e+02
569             	5.97754376e+02
570             	5.97742240e+02
571             	5.97751208e+02
572             	5.97772521e+02
573             	5.97798819e+02
574             	5.97753429e+02
575             	5.97742107e+02
576             	5.97752033e+02
577             	5.97775748e+02
578             	5.97799821e+02
579             	5.97753171e+02
580             	5.97740823e+02
581             	5.97749879e+02
582             	5.97771129e+02
583             	5.97797120e+02
584             	5.97815891e+02
585             	5.97765053e+02
586             	5.97749693e+02
587             	5.97756612e+02
588             	5.97777136e+02
589             	5.97801384e+02
590             	5.97755129e+02
591             	5.97743267e+02
592             	5.97752608e+02
593             	5.97774490e+02
594             	5.97800366e+02
595             	5.97755032e+02
596             	5.97743670e+02
597             	5.97753546e+02
598             	5.97777678e+02
599             	5.97801406e+02
600             	5.97753760e+02
601             	5.97740805e+02
602             	5.97749645e+02
603             	5.97771464e+02
604             	5.97796797e+02
605             	5.97814934e+02
606             	5.97763795e+02
607             	5.97748548e+02
608             	5.97755741e+02
609             	5.97776356e+02
610             	5.97801012e+02
611             	5.97754691e+02
612             	5.97742530e+02
613             	5.97751784e+02
614             	5.97774667e+02
615             	5.97799222e+02
616             	5.97753216e+02
617             	5.97741548e+02
618             	5.97751259e+02
619             	5.97774675e+02
620             	5.97798929e+02
621             	5.97752480e+02
622             	5.97740176e+02
623             	5.97749130e+02
624             	5.97770851e+02
625             	5.97795782e+02
626             	5.97813655e+02
627             	5.97762215e+02
628             	5.97746544e+02
629             	5.97753358e+02
630             	5.97773370e+02
631             	5.97798096e+02
632             	5.97752050e+02
633             	5.97740313e+02
634             	5.97749983e+02
635             	5.97773360e+02
636             	5.97797728e+02
637             	5.97751170e+02
638             	5.97739035e+02
639             	5.97748574e+02
640             	5.97771100e+02
641             	5.97795689e+02
642             	5.97749420e+02
643             	5.97737367e+02
644             	5.97746568e+02
645             	5.97768140e+02
646             	5.97793699e+02
647             	5.97748385e+02
648             	5.97737086e+02
649             	5.97746720e+02
650             	5.97769300e+02
651             	5.97794902e+02
652             	5.97749428e+02
653             	5.97738018e+02
654             	5.97747959e+02
655             	5.97771620e+02
656             	5.97795922e+02
657             	5.97749515e+02
658             	5.97737524e+02
659             	5.97747067e+02
660             	5.97769596e+02
661             	5.97794457e+02
662             	5.97748569e+02
663             	5.97736811e+02
664             	5.97746054e+02
665             	5.97768107e+02
666             	5.97793824e+02
667             	5.97748506e+02
668             	5.97737231e+02
669             	5.97747159e+02
670             	5.97770851e+02
671             	5.97795577e+02
672             	5.97749232e+02
673             	5.97737113e+02
674             	5.97746394e+02
675             	5.97768694e+02
676             	5.97793556e+02
677             	5.97747612e+02
678             	5.97735795e+02
679             	5.97745024e+02
680             	5.97766485e+02
681             	5.97792532e+02
682             	5.97747544e+02
683             	5.97736433e+02
684             	5.97746339e+02
685             	5.97769119e+02
686             	5.97794242e+02
687             	5.97748026e+02
688             	5.97736071e+02
689             	5.97745628e+02
690             	5.97768507e+02
691             	5.97793410e+02
692             	5.97747420e+02
693             	5.97735569e+02
694             	5.97744942e+02
695             	5.97766975e+02
696             	5.97792280e+02
697             	5.97746687e+02
698             	5.97735281e+02
699             	5.97745179e+02
700             	5.97767833e+02
701             	5.97793303e+02
702             	5.97747675e+02
703             	5.97736156e+02
704             	5.97746120e+02
705             	5.97769631e+02
706             	5.97793751e+02
707             	5.97747177e+02
708             	5.97735012e+02
709             	5.97744356e+02
710             	5.97766348e+02
711             	5.97791539e+02
712             	5.97745959e+02
713             	5.97734488e+02
714             	5.97744139e+02
715             	5.97766249e+02
716             	5.97791914e+02
717             	5.97746401e+02
718             	5.97734943e+02
719             	5.97744743e+02
720             	5.97767706e+02
721             	5.97792656e+02
722             	5.97746699e+02
723             	5.97734914e+02
724             	5.97744477e+02
725             	5.97767446e+02
726             	5.97792092e+02
727             	5.97745986e+02
728             	5.97734062e+02
729             	5.97743302e+02
730             	5.97765289e+02
731             	5.97790782e+02
732             	5.97745285e+02
733             	5.97733800e+02
734             	5.97743295e+02
735             	5.97765778e+02
736             	5.97791429e+02
737             	5.97745966e+02
738             	5.97734565e+02
739             	5.97744434e+02
740             	5.97768049e+02
741             	5.97792383e+02
742             	5.97745994e+02
743             	5.97733857e+02
744             	5.97743117e+02
745             	5.97765337e+02
746             	5.97790379e+02
747             	5.97808219e+02
748             	5.97820764e+02
749             	5.97765754e+02
750             	5.97747802e+02
751             	5.97753156e+02
752             	5.97772442e+02
753             	5.97796021e+02
754             	5.97748717e+02
755             	5.97735960e+02
756             	5.97744994e+02
757             	5.97767445e+02
758             	5.97791774e+02
759             	5.97745221e+02
760             	5.97732957e+02
761             	5.97741998e+02
762             	5.97762572e+02
763             	5.97788680e+02
764             	5.97807111e+02
765             	5.97756160e+02
766             	5.97740823e+02
767             	5.97747928e+02
768             	5.97768570e+02
769             	5.97792975e+02
770             	5.97746706e+02
771             	5.97734819e+02
772             	5.97744382e+02
773             	5.97767576e+02
774             	5.97792020e+02
775             	5.97745528e+02
776             	5.97733360e+02
777             	5.97742684e+02
778             	5.97764878e+02
779             	5.97790227e+02
780             	5.97744587e+02
781             	5.97732951e+02
782             	5.97742205e+02
783             	5.97764312e+02
784             	5.97790085e+02
785             	5.97744717e+02
786             	5.97733328e+02
787             	5.97743103e+02
788             	5.97765727e+02
789             	5.97791051e+02
790             	5.97745320e+02
791             	5.97733707e+02
792             	5.97743454e+02
793             	5.97766004e+02
794             	5.97790948e+02
795             	5.97744733e+02
796             	5.97732697e+02
797             	5.97741972e+02
798             	5.97763768e+02
799             	5.97789382e+02
800             	5.97743988e+02
801             	5.97732624e+02
802             	5.97742363e+02
803             	5.97764704e+02
804             	5.97790256e+02
805             	5.97744828e+02
806             	5.97733432e+02
807             	5.97743299e+02
808             	5.97766677e+02
809             	5.97791319e+02
810             	5.97745121e+02
811             	5.97733150e+02
812             	5.97742540e+02
813             	5.97764980e+02
814             	5.97789963e+02
815             	5.97744073e+02
816             	5.97732268e+02
817             	5.97741512e+02
818             	5.97763622e+02
819             	5.97789354e+02
820             	5.97743966e+02
821             	5.97732536e+02
822             	5.97742240e+02
823             	5.97764721e+02
824             	5.97790079e+02
825             	5.97744426e+02
826             	5.97732905e+02
827             	5.97742699e+02
828             	5.97765364e+02
829             	5.97790661e+02
830             	5.97744822e+02
831             	5.97733105e+02
832             	5.97742700e+02
833             	5.97765259e+02
834             	5.97790409e+02
835             	5.97744589e+02
836             	5.97732876e+02
837             	5.97742383e+02
838             	5.97764674e+02
839             	5.97789802e+02
840             	5.97743985e+02
841             	5.97732209e+02
842             	5.97741642e+02
843             	5.97763835e+02
844             	5.97789272e+02
845             	5.97743744e+02
846             	5.97732235e+02
847             	5.97741766e+02
848             	5.97764172e+02
849             	5.97789652e+02
850             	5.97744076e+02
851             	5.97732550e+02
852             	5.97742276e+02
853             	5.97764843e+02
854             	5.97790046e+02
855             	5.97744251e+02
856             	5.97732594e+02
857             	5.97742270e+02
858             	5.97765307e+02
859             	5.97790074e+02
860             	5.97744045e+02
861             	5.97732188e+02
862             	5.97741659e+02
863             	5.97763860e+02
864             	5.97789315e+02
865             	5.97743989e+02
866             	5.97732615e+02
867             	5.97742249e+02
868             	5.97764546e+02
869             	5.97789829e+02
870             	5.97744095e+02
871             	5.97732491e+02
872             	5.97742155e+02
873             	5.97765301e+02
874             	5.97790243e+02
875             	5.97744202e+02
876             	5.97732324e+02
877             	5.97741773e+02
878             	5.97764150e+02
879             	5.97789310e+02
880             	5.97743631e+02
881             	5.97731989e+02
882             	5.97741386e+02
883             	5.97763552e+02
884             	5.97789287e+02
885             	5.97743861e+02
886             	5.97732474e+02
887             	5.97742241e+02
888             	5.97765078e+02
889             	5.97790160e+02
890             	5.97744305e+02
891             	5.97732625e+02
892             	5.97742293e+02
893             	5.97765246e+02
894             	5.97790146e+02
895             	5.97744161e+02
896             	5.97732323e+02
897             	5.97741761e+02
898             	5.97763890e+02
899             	5.97789171e+02
900             	5.97743480e+02
901             	5.97731827e+02
902             	5.97741203e+02
903             	5.97763546e+02
904             	5.97789170e+02
905             	5.97743760e+02
906             	5.97732363e+02
907             	5.97742142e+02
908             	5.97765125e+02
909             	5.97789865e+02
910             	5.97743731e+02
911             	5.97731816e+02
912             	5.97741284e+02
913             	5.97763665e+02
914             	5.97789171e+02
915             	5.97743565e+02
916             	5.97732015e+02
917             	5.97741579e+02
918             	5.97763771e+02
919             	5.97789232e+02
920             	5.97743727e+02
921             	5.97732205e+02
922             	5.97741832e+02
923             	5.97764359e+02
924             	5.97789360e+02
925             	5.97743357e+02
926             	5.97731546e+02
927             	5.97741058e+02
928             	5.97763341e+02
929             	5.97788778e+02
930             	5.97743255e+02
931             	5.97731742e+02
932             	5.97741323e+02
933             	5.97763603e+02
934             	5.97789094e+02
935             	5.97743546e+02
936             	5.97732045e+02
937             	5.97741734e+02
938             	5.97764264e+02
939             	5.97789643e+02
940             	5.97743987e+02
941             	5.97732431e+02
942             	5.97742161e+02
943             	5.97764996e+02
944             	5.97789969e+02
945             	5.97744015e+02
946             	5.97732230e+02
947             	5.97741764e+02
948             	5.97764296e+02
949             	5.97789338e+02
950             	5.97743482e+02
951             	5.97731705e+02
952             	5.97741109e+02
953             	5.97762956e+02
954             	5.97788643e+02
955             	5.97743415e+02
956             	5.97732111e+02
957             	5.97741883e+02
958             	5.97764329e+02
959             	5.97789630e+02
960             	5.97743891e+02
961             	5.97732292e+02
962             	5.97742003e+02
963             	5.97765023e+02
964             	5.97789850e+02
965             	5.97743811e+02
966             	5.97731979e+02
967             	5.97741478e+02
968             	5.97763840e+02
969             	5.97789073e+02
970             	5.97743333e+02
971             	5.97731666e+02
972             	5.97741192e+02
973             	5.97763346e+02
974             	5.97788970e+02
975             	5.97743467e+02
976             	5.97731975e+02
977             	5.97741627e+02
978             	5.97764301e+02
979             	5.97789483e+02
980             	5.97743692e+02
981             	5.97732008e+02
982             	5.97741604e+02
983             	5.97764084e+02
984             	5.97789294e+02
985             	5.97743489e+02
986             	5.97731784e+02
987             	5.97741245e+02
988             	5.97763482e+02
989             	5.97788911e+02
990             	5.97743431e+02
991             	5.97731914e+02
992             	5.97741496e+02
993             	5.97763836e+02
994             	5.97789220e+02
995             	5.97743574e+02
996             	5.97732020e+02
997             	5.97741729e+02
998             	5.97764786e+02
999             	5.97789717e+02
1000            	5.97743759e+02
1001            	5.97731975e+02
1002            	5.97741519e+02
1003            	5.97763915e+02
1004            	5.97789149e+02
1005            	5.97743434e+02
1006            	5.97731759e+02
1007            	5.97741194e+02
1008            	5.97763304e+02
1009            	5.97788851e+02
1010            	5.97743314e+02
1011            	5.97731772e+02
1012            	5.97741369e+02
1013            	5.97763766e+02
1014            	5.97789167e+02
1015            	5.97743528e+02
1016            	5.97731946e+02
1017            	5.97741599e+02
1018            	5.97764043e+02
1019            	5.97789283e+02
1020            	5.97743528e+02
1021            	5.97731877e+02
1022            	5.97741513e+02
1023            	5.97764002e+02
1024            	5.97789236e+02
1025            	5.97743500e+02
1026            	5.97731870e+02
1027            	5.97741489e+02
1028            	5.97763866e+02
1029            	5.97789140e+02
1030            	5.97743427e+02
1031            	5.97731771e+02
1032            	5.97741314e+02
1033            	5.97763552e+02
1034            	5.97788897e+02
1035            	5.97743230e+02
1036            	5.97731652e+02
1037            	5.97741240e+02
1038            	5.97763668e+02
1039            	5.97789091e+02
1040            	5.97743471e+02
1041            	5.97731910e+02
1042            	5.97741574e+02
1043            	5.97764102e+02
1044            	5.97789358e+02
1045            	5.97743525e+02
1046            	5.97731803e+02
1047            	5.97741355e+02
1048            	5.97763708e+02
1049            	5.97788987e+02
1050            	5.97743239e+02
1051            	5.97731563e+02
1052            	5.97741122e+02
1053            	5.97763461e+02
1054            	5.97788762e+02
1055            	5.97743092e+02
1056            	5.97731476e+02
1057            	5.97741021e+02
1058            	5.97763244e+02
1059            	5.97788759e+02
1060            	5.97743260e+02
1061            	5.97731763e+02
1062            	5.97741394e+02
1063            	5.97763850e+02
1064            	5.97789260e+02
1065            	5.97743628e+02
1066            	5.97732085e+02
1067            	5.97741800e+02
1068            	5.97764424e+02
1069            	5.97789588e+02
1070            	5.97743790e+02
1071            	5.97732095e+02
1072            	5.97741662e+02
1073            	5.97764379e+02
1074            	5.97789419e+02
1075            	5.97743518e+02
1076            	5.97731735e+02
1077            	5.97741189e+02
1078            	5.97763298e+02
1079            	5.97788777e+02
1080            	5.97743269e+02
1081            	5.97731786e+02
1082            	5.97741371e+02
1083            	5.97763799e+02
1084            	5.97789332e+02
1085            	5.97743799e+02
1086            	5.97732324e+02
1087            	5.97742151e+02
1088            	5.97765316e+02
1089            	5.97789749e+02
1090            	5.97743504e+02
1091            	5.97731545e+02
1092            	5.97741020e+02
1093            	5.97763216e+02
1094            	5.97788581e+02
1095            	5.97743078e+02
1096            	5.97731695e+02
1097            	5.97741460e+02
1098            	5.97763658e+02
1099            	5.97789449e+02
1100            	5.97744030e+02
1101            	5.97732668e+02
1102            	5.97742782e+02
1103            	5.97766582e+02
1104            	5.97790814e+02
1105            	5.97744252e+02
1106            	5.97732079e+02
1107            	5.97741448e+02
1108            	5.97763664e+02
1109            	5.97788799e+02
1110            	5.97743007e+02
1111            	5.97731281e+02
1112            	5.97740465e+02
1113            	5.97762507e+02
1114            	5.97788414e+02
1115            	5.97743196e+02
1116            	5.97732006e+02
1117            	5.97741990e+02
1118            	5.97764661e+02
1119            	5.97790087e+02
1120            	5.97744098e+02
1121            	5.97732334e+02
1122            	5.97742046e+02
1123            	5.97764802e+02
1124            	5.97789624e+02
1125            	5.97743612e+02
1126            	5.97731798e+02
1127            	5.97741315e+02
1128            	5.97763531e+02
1129            	5.97788811e+02
1130            	5.97743116e+02
1131            	5.97731512e+02
1132            	5.97741054e+02
1133            	5.97763233e+02
1134            	5.97788710e+02
1135            	5.97743107e+02
1136            	5.97731547e+02
1137            	5.97741103e+02
1138            	5.97763689e+02
1139            	5.97789152e+02
1140            	5.97743647e+02
1141            	5.97732215e+02
1142            	5.97742008e+02
1143            	5.97764556e+02
1144            	5.97789732e+02
1145            	5.97743928e+02
1146            	5.97732255e+02
1147            	5.97741904e+02
1148            	5.97764997e+02
1149            	5.97789689e+02
1150            	5.97743556e+02
1151            	5.97731640e+02
1152            	5.97741065e+02
1153            	5.97763222e+02
1154            	5.97788621e+02
1155            	5.97743093e+02
1156            	5.97731696e+02
1157            	5.97741508e+02
1158            	5.97763925e+02
1159            	5.97789439e+02
1160            	5.97743673e+02
1161            	5.97732002e+02
1162            	5.97741738e+02
1163            	5.97765023e+02
1164            	5.97789727e+02
1165            	5.97743635e+02
1166            	5.97731805e+02
1167            	5.97741224e+02
1168            	5.97763503e+02
1169            	5.97788862e+02
1170            	5.97743180e+02
1171            	5.97731556e+02
1172            	5.97741085e+02
1173            	5.97763344e+02
1174            	5.97788889e+02
1175            	5.97743358e+02
1176            	5.97731905e+02
1177            	5.97741695e+02
1178            	5.97764724e+02
1179            	5.97789548e+02
1180            	5.97743427e+02
1181            	5.97731539e+02
1182            	5.97741056e+02
1183            	5.97763691e+02
1184            	5.97788754e+02
1185            	5.97742926e+02
1186            	5.97731206e+02
1187            	5.97740632e+02
1188            	5.97762823e+02
1189            	5.97788383e+02
1190            	5.97742885e+02
1191            	5.97731457e+02
1192            	5.97741203e+02
1193            	5.97763778e+02
1194            	5.97789287e+02
1195            	5.97743702e+02
1196            	5.97732151e+02
1197            	5.97741884e+02
1198            	5.97764917e+02
1199            	5.97789675e+02
1200            	5.97743624e+02
1201            	5.97731753e+02
1202            	5.97741221e+02
1203            	5.97763245e+02
1204            	5.97788820e+02
1205            	5.97743301e+02
1206            	5.97731724e+02
1207            	5.97741226e+02
1208            	5.97763383e+02
1209            	5.97788709e+02
1210            	5.97743019e+02
1211            	5.97731404e+02
1212            	5.97740931e+02
1213            	5.97763265e+02
1214            	5.97788809e+02
1215            	5.97743276e+02
1216            	5.97731764e+02
1217            	5.97741402e+02
1218            	5.97763805e+02
1219            	5.97789221e+02
1220            	5.97743544e+02
1221            	5.97731968e+02
1222            	5.97741733e+02
1223            	5.97764310e+02
1224            	5.97789249e+02
1225            	5.97743339e+02
1226            	5.97731584e+02
1227            	5.97741076e+02
1228            	5.97763307e+02
1229            	5.97788740e+02
1230            	5.97743146e+02
1231            	5.97731581e+02
1232            	5.97741177e+02
1233            	5.97763453e+02
1234            	5.97788789e+02
1235            	5.97743234e+02
1236            	5.97731724e+02
1237            	5.97741394e+02
1238            	5.97763732e+02
1239            	5.97789283e+02
1240            	5.97743734e+02
1241            	5.97732243e+02
1242            	5.97742037e+02
1243            	5.97765158e+02
1244            	5.97789903e+02
1245            	5.97743820e+02
1246            	5.97731950e+02
1247            	5.97741428e+02
1248            	5.97763761e+02
1249            	5.97788900e+02
1250            	5.97743261e+02
1251            	5.97731689e+02
1252            	5.97741305e+02
1253            	5.97763544e+02
1254            	5.97789074e+02
1255            	5.97743578e+02
1256            	5.97732121e+02
1257            	5.97741859e+02
1258            	5.97764900e+02
1259            	5.97789905e+02
1260            	5.97743762e+02
1261            	5.97731779e+02
1262            	5.97741166e+02
1263            	5.97763494e+02
1264            	5.97788669e+02
1265            	5.97743066e+02
1266            	5.97731527e+02
1267            	5.97741024e+02
1268            	5.97763303e+02
1269            	5.97788935e+02
1270            	5.97743389e+02
1271            	5.97731855e+02
1272            	5.97741629e+02
1273            	5.97764057e+02
1274            	5.97789187e+02
1275            	5.97743369e+02
1276            	5.97731687e+02
1277            	5.97741328e+02
1278            	5.97763795e+02
1279            	5.97789066e+02
1280            	5.97743335e+02
1281            	5.97731654e+02
1282            	5.97741200e+02
1283            	5.97763401e+02
1284            	5.97788891e+02
1285            	5.97743321e+02
1286            	5.97731796e+02
1287            	5.97741429e+02
1288            	5.97763782e+02
1289            	5.97789173e+02
1290            	5.97743480e+02
1291            	5.97731877e+02
1292            	5.97741490e+02
1293            	5.97764123e+02
1294            	5.97789292e+02
1295            	5.97743468e+02
1296            	5.97731768e+02
1297            	5.97741368e+02
1298            	5.97763802e+02
1299            	5.97788893e+02
1300            	5.97743060e+02
1301            	5.97731333e+02
1302            	5.97740783e+02
1303            	5.97762898e+02
1304            	5.97788531e+02
1305            	5.97743057e+02
1306            	5.97731555e+02
1307            	5.97741082e+02
1308            	5.97763484e+02
1309            	5.97788957e+02
1310            	5.97743354e+02
1311            	5.97731823e+02
1312            	5.97741594e+02
1313            	5.97764330e+02
1314            	5.97789220e+02
1315            	5.97743270e+02
1316            	5.97731538e+02
1317            	5.97741153e+02
1318            	5.97763632e+02
1319            	5.97788905e+02
1320            	5.97743223e+02
1321            	5.97731577e+02
1322            	5.97741068e+02
1323            	5.97763161e+02
1324            	5.97788640e+02
1325            	5.97743101e+02
1326            	5.97731688e+02
1327            	5.97741527e+02
1328            	5.97764205e+02
1329            	5.97789535e+02
1330            	5.97743840e+02
1331            	5.97732255e+02
1332            	5.97741991e+02
1333            	5.97765025e+02
1334            	5.97789847e+02
1335            	5.97743796e+02
1336            	5.97731937e+02
1337            	5.97741406e+02
1338            	5.97763688e+02
1339            	5.97788928e+02
1340            	5.97743185e+02
1341            	5.97731544e+02
1342            	5.97741105e+02
1343            	5.97763378e+02
1344            	5.97788909e+02
1345            	5.97743426e+02
1346            	5.97731970e+02
1347            	5.97741680e+02
1348            	5.97764232e+02
1349            	5.97789564e+02
1350            	5.97743818e+02
1351            	5.97732176e+02
1352            	5.97741817e+02
1353            	5.97764688e+02
1354            	5.97789592e+02
1355            	5.97743615e+02
1356            	5.97731774e+02
1357            	5.97741168e+02
1358            	5.97763242e+02
1359            	5.97788804e+02
1360            	5.97743466e+02
1361            	5.97732063e+02
1362            	5.97741735e+02
1363            	5.97764115e+02
1364            	5.97789430e+02
1365            	5.97743731e+02
1366            	5.97732121e+02
1367            	5.97741765e+02
1368            	5.97764407e+02
1369            	5.97789511e+02
1370            	5.97743632e+02
1371            	5.97731885e+02
1372            	5.97741414e+02
1373            	5.97763774e+02
1374            	5.97789034e+02
1375            	5.97743271e+02
1376            	5.97731571e+02
1377            	5.97741061e+02
1378            	5.97763212e+02
1379            	5.97788661e+02
1380            	5.97743108e+02
1381            	5.97731585e+02
1382            	5.97741208e+02
1383            	5.97763574e+02
1384            	5.97789077e+02
1385            	5.97743499e+02
1386            	5.97731958e+02
1387            	5.97741622e+02
1388            	5.97764052e+02
1389            	5.97789334e+02
1390            	5.97743602e+02
1391            	5.97732000e+02
1392            	5.97741661e+02
1393            	5.97764427e+02
1394            	5.97789551e+02
1395            	5.97743651e+02
1396            	5.97731897e+02
1397            	5.97741421e+02
1398            	5.97763788e+02
1399            	5.97789053e+02
1400            	5.97743321e+02
1401            	5.97731637e+02
1402            	5.97741151e+02
1403            	5.97763394e+02
1404            	5.97788940e+02
1405            	5.97743395e+02
1406            	5.97731847e+02
1407            	5.97741429e+02
1408            	5.97763714e+02
1409            	5.97789119e+02
1410            	5.97743490e+02
1411            	5.97731937e+02
1412            	5.97741614e+02
1413            	5.97764163e+02
1414            	5.97789431e+02
1415            	5.97743627e+02
1416            	5.97731938e+02
1417            	5.97741529e+02
1418            	5.97764018e+02
1419            	5.97789218e+02
1420            	5.97743440e+02
1421            	5.97731754e+02
1422            	5.97741291e+02
1423            	5.97763626e+02
1424            	5.97788901e+02
1425            	5.97743194e+02
1426            	5.97731534e+02
1427            	5.97741045e+02
1428            	5.97763268e+02
1429            	5.97788665e+02
1430            	5.97743126e+02
1431            	5.97731603e+02
1432            	5.97741224e+02
1433            	5.97763656e+02
1434            	5.97789044e+02
1435            	5.97743407e+02
1436            	5.97731851e+02
1437            	5.97741519e+02
1438            	5.97764021e+02
1439            	5.97789331e+02
1440            	5.97743630e+02
1441            	5.97732017e+02
1442            	5.97741682e+02
1443            	5.97764357e+02
1444            	5.97789431e+02
1445            	5.97743586e+02
1446            	5.97731862e+02
1447            	5.97741387e+02
1448            	5.97763704e+02
1449            	5.97789026e+02
1450            	5.97743604e+02
1451            	5.97732164e+02
1452            	5.97741833e+02
1453            	5.97764143e+02
1454            	5.97789491e+02
1455            	5.97743824e+02
1456            	5.97732249e+02
1457            	5.97741974e+02
1458            	5.97764854e+02
1459            	5.97789761e+02
1460            	5.97743523e+02
1461            	5.97731531e+02
1462            	5.97740922e+02
1463            	5.97763191e+02
1464            	5.97788922e+02
1465            	5.97743519e+02
1466            	5.97732042e+02
1467            	5.97741561e+02
1468            	5.97763620e+02
1469            	5.97789132e+02
1470            	5.97743539e+02
1471            	5.97731998e+02
1472            	5.97741704e+02
1473            	5.97764289e+02
1474            	5.97789494e+02
1475            	5.97743566e+02
1476            	5.97731830e+02
1477            	5.97741431e+02
1478            	5.97764215e+02
1479            	5.97789266e+02
1480            	5.97743372e+02
1481            	5.97731613e+02
1482            	5.97741095e+02
1483            	5.97763305e+02
1484            	5.97788677e+02
1485            	5.97743176e+02
1486            	5.97731804e+02
1487            	5.97741655e+02
1488            	5.97764232e+02
1489            	5.97789583e+02
1490            	5.97743864e+02
1491            	5.97732234e+02
1492            	5.97741936e+02
1493            	5.97764951e+02
1494            	5.97789597e+02
1495            	5.97743445e+02
1496            	5.97731551e+02
1497            	5.97741034e+02
1498            	5.97763269e+02
1499            	5.97788575e+02
1500            	5.97743000e+02
1501            	5.97731546e+02
1502            	5.97741299e+02
1503            	5.97763652e+02
1504            	5.97789189e+02
1505            	5.97743586e+02
1506            	5.97732065e+02
1507            	5.97741869e+02
1508            	5.97764946e+02
1509            	5.97789697e+02
1510            	5.97743624e+02
1511            	5.97731767e+02
1512            	5.97741275e+02
1513            	5.97763662e+02
1514            	5.97788779e+02
1515            	5.97742971e+02
1516            	5.97731267e+02
1517            	5.97740584e+02
1518            	5.97762705e+02
1519            	5.97788457e+02
1520            	5.97743096e+02
1521            	5.97731706e+02
1522            	5.97741448e+02
1523            	5.97764050e+02
1524            	5.97789547e+02
1525            	5.97744033e+02
1526            	5.97732635e+02
1527            	5.97742484e+02
1528            	5.97765732e+02
1529            	5.97790331e+02
1530            	5.97744081e+02
1531            	5.97732059e+02
1532            	5.97741508e+02
1533            	5.97763738e+02
1534            	5.97788994e+02
1535            	5.97743278e+02
1536            	5.97731598e+02
1537            	5.97740904e+02
1538            	5.97762795e+02
1539            	5.97788736e+02
1540            	5.97743546e+02
1541            	5.97732294e+02
1542            	5.97742128e+02
1543            	5.97765412e+02
1544            	5.97790327e+02
1545            	5.97744167e+02
1546            	5.97732251e+02
1547            	5.97741770e+02
1548            	5.97764340e+02
1549            	5.97789285e+02
1550            	5.97743667e+02
1551            	5.97732086e+02
1552            	5.97741647e+02
1553            	5.97763755e+02
1554            	5.97789011e+02
1555            	5.97743453e+02
1556            	5.97731951e+02
1557            	5.97741628e+02
1558            	5.97764671e+02
1559            	5.97789568e+02
1560            	5.97743482e+02
1561            	5.97731586e+02
1562            	5.97741050e+02
1563            	5.97763395e+02
1564            	5.97788583e+02
1565            	5.97742932e+02
1566            	5.97731438e+02
1567            	5.97741187e+02
1568            	5.97763667e+02
1569            	5.97788994e+02
1570            	5.97743311e+02
1571            	5.97731714e+02
1572            	5.97741382e+02
1573            	5.97764060e+02
1574            	5.97789174e+02
1575            	5.97743341e+02
1576            	5.97731643e+02
1577            	5.97741215e+02
1578            	5.97763605e+02
1579            	5.97788928e+02
1580            	5.97743263e+02
1581            	5.97731629e+02
1582            	5.97741174e+02
1583            	5.97763516e+02
1584            	5.97788831e+02
1585            	5.97743132e+02
1586            	5.97731514e+02
1587            	5.97741101e+02
1588            	5.97763459e+02
1589            	5.97788773e+02
1590            	5.97743338e+02
1591            	5.97731902e+02
1592            	5.97741605e+02
1593            	5.97764009e+02
1594            	5.97789341e+02
1595            	5.97743651e+02
1596            	5.97732062e+02
1597            	5.97741745e+02
1598            	5.97764652e+02
1599            	5.97789616e+02
1600            	5.97743551e+02
1601            	5.97731688e+02
1602            	5.97741164e+02
1603            	5.97763537e+02
1604            	5.97788755e+02
1605            	5.97743038e+02
1606            	5.97731386e+02
1607            	5.97740851e+02
1608            	5.97763053e+02
1609            	5.97788600e+02
1610            	5.97743239e+02
1611            	5.97731877e+02
1612            	5.97741671e+02
1613            	5.97764246e+02
1614            	5.97789573e+02
1615            	5.97743874e+02
1616            	5.97732309e+02
1617            	5.97742092e+02
1618            	5.97764915e+02
1619            	5.97789600e+02
1620            	5.97743480e+02
1621            	5.97731591e+02
1622            	5.97741073e+02
1623            	5.97763404e+02
1624            	5.97788670e+02
1625            	5.97742966e+02
1626            	5.97731384e+02
1627            	5.97741014e+02
1628            	5.97763273e+02
1629            	5.97788862e+02
1630            	5.97743440e+02
1631            	5.97732028e+02
1632            	5.97741787e+02
1633            	5.97764376e+02
1634            	5.97789689e+02
1635            	5.97743786e+02
1636            	5.97731982e+02
1637            	5.97741439e+02
1638            	5.97763840e+02
1639            	5.97788950e+02
1640            	5.97743194e+02
1641            	5.97731551e+02
1642            	5.97741044e+02
1643            	5.97763277e+02
1644            	5.97788759e+02
1645            	5.97743148e+02
1646            	5.97731555e+02
1647            	5.97741155e+02
1648            	5.97763531e+02
1649            	5.97788833e+02
1650            	5.97743156e+02
1651            	5.97731566e+02
1652            	5.97741169e+02
1653            	5.97763506e+02
1654            	5.97788944e+02
1655            	5.97743357e+02
1656            	5.97731807e+02
1657            	5.97741440e+02
1658            	5.97763854e+02
1659            	5.97789212e+02
1660            	5.97743532e+02
1661            	5.97731926e+02
1662            	5.97741552e+02
1663            	5.97764154e+02
1664            	5.97789226e+02
1665            	5.97743363e+02
1666            	5.97731633e+02
1667            	5.97741131e+02
1668            	5.97763346e+02
1669            	5.97788743e+02
1670            	5.97743239e+02
1671            	5.97731743e+02
1672            	5.97741383e+02
1673            	5.97763743e+02
1674            	5.97789080e+02
1675            	5.97743393e+02
1676            	5.97731792e+02
1677            	5.97741426e+02
1678            	5.97763936e+02
1679            	5.97789172e+02
1680            	5.97743432e+02
1681            	5.97731784e+02
1682            	5.97741363e+02
1683            	5.97763734e+02
1684            	5.97789080e+02
1685            	5.97743402e+02
1686            	5.97731788e+02
1687            	5.97741382e+02
1688            	5.97763725e+02
1689            	5.97789048e+02
1690            	5.97743320e+02
1691            	5.97731651e+02
1692            	5.97741215e+02
1693            	5.97763597e+02
1694            	5.97788914e+02
1695            	5.97743267e+02
1696            	5.97731704e+02
1697            	5.97741344e+02
1698            	5.97763743e+02
1699            	5.97789072e+02
1700            	5.97743420e+02
1701            	5.97731827e+02
1702            	5.97741433e+02
1703            	5.97763776e+02
1704            	5.97789075e+02
1705            	5.97743357e+02
1706            	5.97731714e+02
1707            	5.97741273e+02
1708            	5.97763688e+02
1709            	5.97789036e+02
1710            	5.97743398e+02
1711            	5.97731817e+02
1712            	5.97741428e+02
1713            	5.97763766e+02
1714            	5.97789138e+02
1715            	5.97743486e+02
1716            	5.97731898e+02
1717            	5.97741527e+02
1718            	5.97764094e+02
1719            	5.97789314e+02
1720            	5.97743540e+02
1721            	5.97731869e+02
1722            	5.97741451e+02
1723            	5.97763966e+02
1724            	5.97789163e+02
1725            	5.97743395e+02
1726            	5.97731712e+02
1727            	5.97741234e+02
1728            	5.97763480e+02
1729            	5.97788869e+02
1730            	5.97743238e+02
1731            	5.97731629e+02
1732            	5.97741145e+02
1733            	5.97763504e+02
1734            	5.97788946e+02
1735            	5.97743345e+02
1736            	5.97731789e+02
1737            	5.97741449e+02
1738            	5.97763942e+02
1739            	5.97789136e+02
1740            	5.97743323e+02
1741            	5.97731618e+02
1742            	5.97741167e+02
1743            	5.97763521e+02
1744            	5.97788829e+02
1745            	5.97743142e+02
1746            	5.97731502e+02
1747            	5.97741034e+02
1748            	5.97763200e+02
1749            	5.97788667e+02
1750            	5.97743100e+02
1751            	5.97731572e+02
1752            	5.97741224e+02
1753            	5.97763690e+02
1754            	5.97789053e+02
1755            	5.97743395e+02
1756            	5.97731803e+02
1757            	5.97741443e+02
1758            	5.97763900e+02
1759            	5.97789126e+02
1760            	5.97743373e+02
1761            	5.97731697e+02
1762            	5.97741247e+02
1763            	5.97763575e+02
1764            	5.97788908e+02
1765            	5.97743245e+02
1766            	5.97731635e+02
1767            	5.97741196e+02
1768            	5.97763524e+02
1769            	5.97788905e+02
1770            	5.97743260e+02
1771            	5.97731654e+02
1772            	5.97741256e+02
1773            	5.97763741e+02
1774            	5.97789020e+02
1775            	5.97743304e+02
1776            	5.97731691e+02
1777            	5.97741280e+02
1778            	5.97763662e+02
1779            	5.97788973e+02
1780            	5.97743283e+02
1781            	5.97731648e+02
1782            	5.97741221e+02
1783            	5.97763564e+02
1784            	5.97788908e+02
1785            	5.97743241e+02
1786            	5.97731612e+02
1787            	5.97741178e+02
1788            	5.97763520e+02
1789            	5.97788856e+02
1790            	5.97743181e+02
1791            	5.97731558e+02
1792            	5.97741160e+02
1793            	5.97763556e+02
1794            	5.97788902e+02
1795            	5.97743241e+02
1796            	5.97731637e+02
1797            	5.97741234e+02
1798            	5.97763625e+02
1799            	5.97788971e+02
1800            	5.97743309e+02
1801            	5.97731681e+02
1802            	5.97741272e+02
1803            	5.97763656e+02
1804            	5.97789016e+02
1805            	5.97743359e+02
1806            	5.97731777e+02
1807            	5.97741383e+02
1808            	5.97763768e+02
1809            	5.97789098e+02
1810            	5.97743422e+02
1811            	5.97731784e+02
1812            	5.97741364e+02
1813            	5.97763628e+02
1814            	5.97789038e+02
1815            	5.97743417e+02
1816            	5.97731836e+02
1817            	5.97741442e+02
1818            	5.97763891e+02
1819            	5.97789205e+02
1820            	5.97743490e+02
1821            	5.97731846e+02
1822            	5.97741448e+02
1823            	5.97764039e+02
1824            	5.97789181e+02
1825            	5.97743372e+02
1826            	5.97731665e+02
1827            	5.97741189e+02
1828            	5.97763482e+02
1829            	5.97788892e+02
1830            	5.97743270e+02
1831            	5.97731675e+02
1832            	5.97741233e+02
1833            	5.97763524e+02
1834            	5.97788899e+02
1835            	5.97743252e+02
1836            	5.97731674e+02
1837            	5.97741287e+02
1838            	5.97763660e+02
1839            	5.97789041e+02
1840            	5.97743396e+02
1841            	5.97731812e+02
1842            	5.97741462e+02
1843            	5.97763924e+02
1844            	5.97789258e+02
1845            	5.97743566e+02
1846            	5.97731952e+02
1847            	5.97741629e+02
1848            	5.97764006e+02
1849            	5.97789157e+02
1850            	5.97743361e+02
1851            	5.97731670e+02
1852            	5.97741230e+02
1853            	5.97763671e+02
1854            	5.97788896e+02
1855            	5.97743172e+02
1856            	5.97731510e+02
1857            	5.97740949e+02
1858            	5.97763174e+02
1859            	5.97788774e+02
1860            	5.97743322e+02
1861            	5.97731842e+02
1862            	5.97741501e+02
1863            	5.97763952e+02
1864            	5.97789300e+02
1865            	5.97743619e+02
1866            	5.97732055e+02
1867            	5.97741779e+02
1868            	5.97764929e+02
1869            	5.97789761e+02
1870            	5.97743724e+02
1871            	5.97731825e+02
1872            	5.97741232e+02
1873            	5.97763377e+02
1874            	5.97788713e+02
1875            	5.97743402e+02
1876            	5.97732028e+02
1877            	5.97741717e+02
1878            	5.97764038e+02
1879            	5.97789400e+02
1880            	5.97743685e+02
1881            	5.97732079e+02
1882            	5.97741828e+02
1883            	5.97764926e+02
1884            	5.97789725e+02
1885            	5.97743633e+02
1886            	5.97731763e+02
1887            	5.97741242e+02
1888            	5.97763515e+02
1889            	5.97788743e+02
1890            	5.97743143e+02
1891            	5.97731564e+02
1892            	5.97741105e+02
1893            	5.97763232e+02
1894            	5.97788943e+02
1895            	5.97743480e+02
1896            	5.97732010e+02
1897            	5.97741695e+02
1898            	5.97764179e+02
1899            	5.97789524e+02
1900            	5.97743694e+02
1901            	5.97731927e+02
1902            	5.97741416e+02
1903            	5.97763853e+02
1904            	5.97789029e+02
1905            	5.97743258e+02
1906            	5.97731578e+02
1907            	5.97741091e+02
1908            	5.97763134e+02
1909            	5.97788777e+02
1910            	5.97743355e+02
1911            	5.97731989e+02
1912            	5.97741787e+02
1913            	5.97764308e+02
1914            	5.97789812e+02
1915            	5.97744124e+02
1916            	5.97732411e+02
1917            	5.97741878e+02
1918            	5.97764324e+02
1919            	5.97789350e+02
1920            	5.97743466e+02
1921            	5.97731718e+02
1922            	5.97741176e+02
1923            	5.97763274e+02
1924            	5.97788677e+02
1925            	5.97743276e+02
1926            	5.97731899e+02
1927            	5.97741629e+02
1928            	5.97764048e+02
1929            	5.97789405e+02
1930            	5.97743714e+02
1931            	5.97732150e+02
1932            	5.97741927e+02
1933            	5.97764913e+02
1934            	5.97789557e+02
1935            	5.97743415e+02
1936            	5.97731484e+02
1937            	5.97740908e+02
1938            	5.97763147e+02
1939            	5.97788552e+02
1940            	5.97743164e+02
1941            	5.97731748e+02
1942            	5.97741305e+02
1943            	5.97763597e+02
1944            	5.97789198e+02
1945            	5.97743796e+02
1946            	5.97732438e+02
1947            	5.97742509e+02
1948            	5.97765150e+02
1949            	5.97789847e+02
1950            	5.97743684e+02
1951            	5.97731752e+02
1952            	5.97741183e+02
1953            	5.97763243e+02
1954            	5.97788647e+02
1955            	5.97743275e+02
1956            	5.97731954e+02
1957            	5.97741746e+02
1958            	5.97764145e+02
1959            	5.97789651e+02
1960            	5.97744052e+02
1961            	5.97732498e+02
1962            	5.97742303e+02
1963            	5.97765796e+02
1964            	5.97790199e+02
1965            	5.97743823e+02
1966            	5.97731725e+02
1967            	5.97740980e+02
1968            	5.97762713e+02
1969            	5.97788393e+02
1970            	5.97806716e+02
1971            	5.97755570e+02
1972            	5.97740110e+02
1973            	5.97747124e+02
1974            	5.97767683e+02
1975            	5.97791914e+02
1976            	5.97745111e+02
1977            	5.97732761e+02
1978            	5.97741963e+02
1979            	5.97764262e+02
1980            	5.97789344e+02
1981            	5.97743494e+02
1982            	5.97731756e+02
1983            	5.97741095e+02
1984            	5.97763148e+02
1985            	5.97788773e+02
1986            	5.97743415e+02
1987            	5.97732066e+02
1988            	5.97741848e+02
1989            	5.97764464e+02
1990            	5.97789764e+02
1991            	5.97743948e+02
1992            	5.97732270e+02
1993            	5.97741882e+02
1994            	5.97764764e+02
1995            	5.97789725e+02
1996            	5.97743743e+02
1997            	5.97731889e+02
1998            	5.97741293e+02
1999            	5.97763525e+02
2000            	5.97788743e+02
