/*--------------------------------*- C++ -*----------------------------------*\
| =========                 |                                                 |
| \\      /  F ield         | OpenFOAM: The Open Source CFD Toolbox           |
|  \\    /   O peration     | Version:  2506                                  |
|   \\  /    A nd           | Website:  www.openfoam.com                      |
|    \\/     M anipulation  |                                                 |
\*---------------------------------------------------------------------------*/
FoamFile
{
    version     2.0;
    format      binary;
    arch        "LSB;label=32;scalar=64";
    class       faceSet;
    location    "constant/polyMesh/sets";
    object      walls;
}
// * * * * * * * * * * * * * * * * * * * * * * * * * * * * * * * * * * * * * //


508
(
2049
1026
3075
3077
2053
1030
3080
2056
1033
3082
3083
3084
3085
1037
1040
1043
1044
1046
1060
36
2085
1061
2088
1065
3114
3117
1069
3118
48
3121
49
1073
1075
3124
3125
1078
1081
2106
1084
3133
1087
63
1089
1090
1092
3142
1094
1096
1099
3148
1102
81
82
2133
1110
1111
3160
2137
2139
2142
101
1125
104
1129
105
2154
2156
1132
2159
1137
1140
1143
1146
2173
1149
2175
1152
2177
3204
2185
1167
1168
1169
1176
1178
1190
3241
2219
3245
3249
1203
1204
1205
185
1211
1218
1219
3271
1227
1230
209
1234
1236
1239
1241
1242
1245
221
1248
1250
3299
1253
3302
1257
3308
2285
1261
2287
1263
240
2289
3314
2290
1266
2291
1269
2294
1272
2297
249
1274
2299
1276
2301
253
1278
3327
255
257
1281
3331
1283
1284
260
3334
1287
263
266
1291
267
268
1293
1300
3350
1316
3367
295
1320
1321
3370
3373
303
3377
307
3380
2356
2357
3383
2361
3386
2362
2365
2366
2368
1351
331
1360
1361
1364
1365
342
1367
2392
3418
1371
3421
1373
1374
2399
1375
2403
2406
2409
2412
2413
1390
1392
1394
1395
1398
379
385
1422
1423
3473
1425
3475
1427
3476
3478
1430
1431
3480
3482
1435
1437
1443
1445
3514
443
3516
3518
446
3519
449
2499
451
454
457
3530
459
3533
461
3535
464
3537
2514
466
2515
469
2518
3543
472
3545
2521
3546
2522
474
3547
477
479
481
482
485
487
488
489
490
491
492
496
497
498
499
3578
3579
3582
2563
3593
3594
3597
2588
2590
2593
1583
2618
3644
2620
3646
3651
588
1616
2641
1618
1619
3670
599
3674
3680
1633
1636
1637
3689
618
620
622
625
628
630
631
632
634
638
640
642
1672
650
1683
659
1685
1686
664
1689
666
1692
668
670
673
1698
1700
676
1702
679
681
1707
684
1709
686
2735
688
689
690
691
1716
692
1717
2744
2752
2756
3783
3785
3794
3798
727
3802
730
2781
733
2784
736
3811
2787
739
742
743
744
745
746
747
749
2800
3826
2803
3829
3831
759
3832
761
763
765
3841
2818
770
3844
773
3847
775
3849
2828
782
2832
785
3860
788
791
2842
794
796
797
798
799
800
801
2850
2854
811
1840
817
819
1844
3893
823
3896
825
827
3902
830
3904
833
836
838
841
842
844
846
3919
847
3920
848
849
850
3923
3924
2900
2902
3927
2904
3930
2906
3932
2908
3933
2909
2910
871
1896
1899
878
1903
1906
895
898
2947
2950
904
908
2957
2959
911
2962
916
2966
2968
920
2971
923
2974
926
928
2977
931
1958
934
935
937
1962
938
2987
940
2990
942
2991
944
1969
2995
2996
2998
3002
955
1983
1986
963
966
969
972
976
2001
3026
978
3029
2005
3030
982
984
988
997
3047
3049
1003
1006
3057
3058
3060
3064
3069
2045
3070
2047
)


// ************************************************************************* //
