/*--------------------------------*- C++ -*----------------------------------*\
| =========                 |                                                 |
| \\      /  F ield         | OpenFOAM: The Open Source CFD Toolbox           |
|  \\    /   O peration     | Version:  2506                                  |
|   \\  /    A nd           | Website:  www.openfoam.com                      |
|    \\/     M anipulation  |                                                 |
\*---------------------------------------------------------------------------*/
FoamFile
{
    version     2.0;
    format      binary;
    arch        "LSB;label=32;scalar=64";
    class       faceSet;
    location    "constant/polyMesh/sets";
    object      walls;
}
// * * * * * * * * * * * * * * * * * * * * * * * * * * * * * * * * * * * * * //


450
(
1027
1030
2061
1038
2064
1040
16
1044
23
2075
1064
2089
42
2092
1069
2095
1072
2097
2100
1076
2102
54
57
1082
58
2107
61
2110
2112
2115
2116
69
72
2121
2123
76
2125
2126
80
2130
2131
1108
84
2134
1110
1111
88
2137
1113
1115
2140
1116
92
2143
96
2146
100
2149
1127
104
2156
108
2157
1134
112
1137
1139
1140
116
1143
120
1145
123
124
1149
132
135
1162
139
1165
1168
1169
148
149
153
1183
161
165
169
1194
172
1199
176
177
181
189
194
198
201
204
207
211
215
1240
219
1245
222
224
1249
1251
227
230
232
234
1260
237
239
1264
242
1267
244
1271
248
1275
255
1280
258
260
1287
264
1290
266
268
271
1297
275
1301
279
1304
282
1307
285
1311
1313
289
293
1320
296
1322
299
1324
302
1329
305
1331
1332
308
1333
310
312
314
317
319
321
323
325
327
329
331
335
339
342
344
346
1372
1373
350
1376
352
354
1379
1380
356
1381
358
362
365
368
371
375
378
381
385
387
389
391
392
2442
394
396
20877
20878
398
408
411
414
417
1443
1444
420
1447
423
1450
426
1453
429
1454
1456
432
1458
1459
435
1460
438
442
443
445
447
449
1474
451
453
455
457
459
462
465
466
1496
473
474
477
480
1505
482
484
1511
488
1513
492
1517
1520
496
500
502
1527
505
1532
508
511
515
1541
519
1544
523
526
1551
530
533
1558
536
1562
1563
539
1565
541
1567
543
1568
1571
548
1573
550
1575
1576
552
553
555
557
559
561
1595
579
1604
1605
1608
584
586
1611
1612
590
594
598
602
1629
605
608
610
614
616
618
621
623
626
628
630
639
643
1668
647
650
652
670
1698
674
678
1704
682
684
687
689
693
1718
696
700
703
707
1734
711
713
1738
715
718
720
1747
723
726
728
1755
732
733
736
1761
1767
743
1770
746
748
750
753
755
756
1781
1792
1801
1802
781
1806
784
786
789
792
1817
794
796
800
804
1829
808
1834
811
813
817
1843
820
1845
823
825
827
1854
830
1857
833
1860
837
841
1867
1868
1872
850
852
1877
854
855
1880
1883
1884
860
1886
862
1889
865
1890
1891
867
875
878
880
881
885
887
891
892
893
912
913
922
925
926
1953
929
1956
1957
939
944
957
1984
1987
1992
1994
1996
1997
2006
2022
2027
2032
1012
2038
1016
1019
)


// ************************************************************************* //
