# Region        : cellZone component_2
# Cells         : 80
# Volume        : 1.38816223e-01
# Time          	volAverage(T)
1               	3.01185528e+02
2               	3.02344767e+02
3               	3.03300021e+02
4               	3.04146788e+02
5               	3.04976216e+02
6               	3.05807429e+02
7               	3.06630148e+02
8               	3.07445796e+02
9               	3.08257507e+02
10              	3.09064256e+02
11              	3.09862838e+02
12              	3.10650735e+02
13              	3.11429713e+02
14              	3.12183026e+02
15              	3.12924173e+02
16              	3.13645593e+02
17              	3.14355924e+02
18              	3.15056237e+02
19              	3.15731291e+02
20              	3.16388860e+02
21              	3.17015603e+02
22              	3.17610838e+02
23              	3.18174740e+02
24              	3.18699690e+02
25              	3.19185600e+02
26              	3.19643824e+02
27              	3.20112707e+02
28              	3.20592116e+02
29              	3.21099284e+02
30              	3.21567805e+02
31              	3.21959312e+02
32              	3.22324178e+02
33              	3.22692797e+02
34              	3.23047022e+02
35              	3.23384376e+02
36              	3.23701029e+02
37              	3.23993488e+02
38              	3.24282460e+02
39              	3.24561548e+02
40              	3.24839169e+02
41              	3.25125635e+02
42              	3.25469638e+02
43              	3.25793067e+02
44              	3.26047801e+02
45              	3.26267550e+02
46              	3.26517726e+02
47              	3.26763538e+02
48              	3.27011404e+02
49              	3.27262975e+02
50              	3.27508065e+02
51              	3.27759871e+02
52              	3.28003772e+02
53              	3.28254575e+02
54              	3.28500091e+02
55              	3.28760678e+02
56              	3.29036644e+02
57              	3.29311634e+02
58              	3.29601403e+02
59              	3.29878181e+02
60              	3.30132582e+02
61              	3.30362405e+02
62              	3.30571570e+02
63              	3.30761999e+02
64              	3.30963366e+02
65              	3.31176884e+02
66              	3.31403591e+02
67              	3.31630836e+02
68              	3.31838287e+02
69              	3.32047344e+02
70              	3.32227801e+02
71              	3.32385309e+02
72              	3.32509134e+02
73              	3.32610921e+02
74              	3.32691396e+02
75              	3.32761481e+02
76              	3.32837738e+02
77              	3.32926404e+02
78              	3.33030308e+02
79              	3.33147137e+02
80              	3.33277952e+02
81              	3.33393898e+02
82              	3.33518963e+02
83              	3.33629312e+02
84              	3.33715918e+02
85              	3.33780646e+02
86              	3.33814132e+02
87              	3.33848004e+02
88              	3.33874875e+02
89              	3.33916376e+02
90              	3.33972773e+02
91              	3.34046384e+02
92              	3.34127813e+02
93              	3.34213738e+02
94              	3.34303932e+02
95              	3.34374675e+02
96              	3.34426094e+02
97              	3.34464333e+02
98              	3.34494571e+02
99              	3.34517700e+02
100             	3.34547444e+02
101             	3.34586287e+02
102             	3.34632879e+02
103             	3.34677770e+02
104             	3.34726933e+02
105             	3.34775405e+02
106             	3.34828467e+02
107             	3.34874243e+02
108             	3.34910604e+02
109             	3.34936112e+02
110             	3.34954000e+02
111             	3.34970463e+02
112             	3.34986250e+02
113             	3.35012488e+02
114             	3.35043625e+02
115             	3.35079177e+02
116             	3.35115977e+02
117             	3.35154399e+02
118             	3.35188697e+02
119             	3.35221591e+02
120             	3.35253806e+02
121             	3.35276989e+02
122             	3.35291432e+02
123             	3.35300763e+02
124             	3.35312809e+02
125             	3.35325772e+02
126             	3.35339843e+02
127             	3.35355093e+02
128             	3.35367305e+02
129             	3.35382374e+02
130             	3.35399641e+02
131             	3.35426079e+02
132             	3.35452640e+02
133             	3.35483124e+02
134             	3.35516035e+02
135             	3.35541126e+02
136             	3.35562149e+02
137             	3.35577008e+02
138             	3.35586219e+02
139             	3.35590042e+02
140             	3.35589021e+02
141             	3.35586429e+02
142             	3.35588300e+02
143             	3.35589955e+02
144             	3.35592348e+02
145             	3.35594475e+02
146             	3.35597696e+02
147             	3.35602177e+02
148             	3.35608887e+02
149             	3.35617538e+02
150             	3.35627059e+02
151             	3.35635308e+02
152             	3.35639938e+02
153             	3.35639442e+02
154             	3.35636627e+02
155             	3.35632444e+02
156             	3.35627439e+02
157             	3.35621142e+02
158             	3.35612636e+02
159             	3.35600706e+02
160             	3.35588095e+02
161             	3.35575629e+02
162             	3.35562685e+02
163             	3.35549962e+02
164             	3.35539683e+02
165             	3.35531211e+02
166             	3.35526295e+02
167             	3.35521785e+02
168             	3.35508895e+02
169             	3.35498202e+02
170             	3.35489429e+02
171             	3.35479914e+02
172             	3.35468539e+02
173             	3.35455522e+02
174             	3.35439789e+02
175             	3.35421614e+02
176             	3.35402222e+02
177             	3.35383555e+02
178             	3.35367925e+02
179             	3.35352643e+02
180             	3.35337643e+02
181             	3.35324078e+02
182             	3.35312156e+02
183             	3.35301177e+02
184             	3.35290034e+02
185             	3.35279593e+02
186             	3.35269547e+02
187             	3.35259869e+02
188             	3.35249941e+02
189             	3.35239805e+02
190             	3.35228625e+02
191             	3.35215451e+02
192             	3.35201836e+02
193             	3.35188275e+02
194             	3.35174941e+02
195             	3.35161319e+02
196             	3.35146429e+02
197             	3.35131415e+02
198             	3.35116142e+02
199             	3.35100081e+02
200             	3.35083576e+02
201             	3.35067588e+02
202             	3.35054382e+02
203             	3.35041359e+02
204             	3.35028615e+02
205             	3.35016386e+02
206             	3.35004647e+02
207             	3.34993079e+02
208             	3.34980839e+02
209             	3.34967644e+02
210             	3.34953620e+02
211             	3.34938833e+02
212             	3.34923567e+02
213             	3.34908479e+02
214             	3.34893899e+02
215             	3.34881345e+02
216             	3.34869185e+02
217             	3.34857438e+02
218             	3.34845016e+02
219             	3.34832864e+02
220             	3.34820222e+02
221             	3.34806722e+02
222             	3.34792865e+02
223             	3.34778234e+02
224             	3.34763497e+02
225             	3.34748423e+02
226             	3.34733251e+02
227             	3.34718389e+02
228             	3.34704181e+02
229             	3.34691212e+02
230             	3.34679111e+02
231             	3.34668018e+02
232             	3.34658237e+02
233             	3.34649392e+02
234             	3.34641386e+02
235             	3.34633723e+02
236             	3.34625314e+02
237             	3.34616633e+02
238             	3.34607380e+02
239             	3.34597308e+02
240             	3.34585934e+02
241             	3.34573927e+02
242             	3.34561399e+02
243             	3.34548359e+02
244             	3.34535176e+02
245             	3.34522151e+02
246             	3.34509748e+02
247             	3.34498818e+02
248             	3.34488694e+02
249             	3.34479582e+02
250             	3.34470931e+02
251             	3.34462334e+02
252             	3.34454087e+02
253             	3.34445223e+02
254             	3.34435920e+02
255             	3.34426482e+02
256             	3.34416531e+02
257             	3.34406436e+02
258             	3.34396318e+02
259             	3.34386423e+02
260             	3.34378261e+02
261             	3.34371067e+02
262             	3.34363324e+02
263             	3.34356396e+02
264             	3.34350471e+02
265             	3.34344661e+02
266             	3.34338977e+02
267             	3.34333318e+02
268             	3.34327244e+02
269             	3.34320702e+02
270             	3.34313186e+02
271             	3.34305106e+02
272             	3.34296715e+02
273             	3.34288010e+02
274             	3.34279223e+02
275             	3.34270298e+02
276             	3.34261611e+02
277             	3.34253172e+02
278             	3.34244966e+02
279             	3.34237092e+02
280             	3.34229890e+02
281             	3.34223232e+02
282             	3.34216967e+02
283             	3.34211278e+02
284             	3.34206021e+02
285             	3.34200999e+02
286             	3.34196073e+02
287             	3.34191214e+02
288             	3.34186582e+02
289             	3.34182144e+02
290             	3.34177825e+02
291             	3.34173557e+02
292             	3.34169450e+02
293             	3.34165641e+02
294             	3.34161668e+02
295             	3.34157763e+02
296             	3.34153874e+02
297             	3.34149810e+02
298             	3.34146124e+02
299             	3.34142727e+02
300             	3.34139302e+02
301             	3.34135781e+02
302             	3.34132201e+02
303             	3.34128095e+02
304             	3.34123802e+02
305             	3.34119503e+02
306             	3.34115173e+02
307             	3.34110894e+02
308             	3.34106844e+02
309             	3.34103042e+02
310             	3.34099256e+02
311             	3.34095881e+02
312             	3.34092578e+02
313             	3.34089205e+02
314             	3.34085761e+02
315             	3.34082313e+02
316             	3.34079074e+02
317             	3.34076004e+02
318             	3.34072788e+02
319             	3.34069446e+02
320             	3.34066181e+02
321             	3.34062873e+02
322             	3.34059708e+02
323             	3.34056503e+02
324             	3.34053305e+02
325             	3.34050135e+02
326             	3.34047076e+02
327             	3.34044238e+02
328             	3.34041630e+02
329             	3.34039289e+02
330             	3.34037219e+02
331             	3.34035379e+02
332             	3.34033588e+02
333             	3.34031825e+02
334             	3.34030032e+02
335             	3.34028227e+02
336             	3.34026365e+02
337             	3.34024390e+02
338             	3.34022286e+02
339             	3.34020249e+02
340             	3.34018365e+02
341             	3.34016617e+02
342             	3.34014968e+02
343             	3.34013470e+02
344             	3.34012134e+02
345             	3.34010914e+02
346             	3.34009751e+02
347             	3.34008637e+02
348             	3.34007556e+02
349             	3.34006450e+02
350             	3.34005177e+02
351             	3.34003817e+02
352             	3.34002387e+02
353             	3.34000883e+02
354             	3.33999284e+02
355             	3.33997579e+02
356             	3.33995824e+02
357             	3.33994087e+02
358             	3.33992672e+02
359             	3.33991423e+02
360             	3.33990297e+02
361             	3.33989319e+02
362             	3.33988497e+02
363             	3.33987829e+02
364             	3.33987294e+02
365             	3.33986779e+02
366             	3.33986304e+02
367             	3.33985899e+02
368             	3.33985364e+02
369             	3.33984787e+02
370             	3.33984219e+02
371             	3.33983630e+02
372             	3.33983025e+02
373             	3.33982421e+02
374             	3.33981828e+02
375             	3.33981269e+02
376             	3.33980762e+02
377             	3.33980316e+02
378             	3.33979964e+02
379             	3.33979844e+02
380             	3.33979821e+02
381             	3.33979843e+02
382             	3.33979886e+02
383             	3.33979924e+02
384             	3.33979947e+02
385             	3.33979952e+02
386             	3.33979938e+02
387             	3.33979891e+02
388             	3.33979807e+02
389             	3.33979698e+02
390             	3.33979572e+02
391             	3.33979444e+02
392             	3.33979354e+02
393             	3.33979221e+02
394             	3.33979061e+02
395             	3.33978866e+02
396             	3.33978597e+02
397             	3.33978228e+02
398             	3.33977766e+02
399             	3.33977231e+02
400             	3.33976645e+02
401             	3.33976027e+02
402             	3.33975388e+02
403             	3.33974748e+02
404             	3.33974143e+02
405             	3.33973560e+02
406             	3.33973006e+02
407             	3.33972499e+02
408             	3.33972053e+02
409             	3.33971681e+02
410             	3.33971391e+02
411             	3.33971188e+02
412             	3.33971084e+02
413             	3.33971068e+02
414             	3.33971126e+02
415             	3.33971258e+02
416             	3.33971447e+02
417             	3.33971685e+02
418             	3.33971965e+02
419             	3.33972277e+02
420             	3.33972641e+02
421             	3.33973051e+02
422             	3.33973504e+02
423             	3.33974006e+02
424             	3.33974561e+02
425             	3.33975153e+02
426             	3.33975756e+02
427             	3.33976378e+02
428             	3.33977000e+02
429             	3.33977621e+02
430             	3.33978232e+02
431             	3.33978822e+02
432             	3.33979386e+02
433             	3.33979915e+02
434             	3.33980411e+02
435             	3.33980879e+02
436             	3.33981334e+02
437             	3.33981789e+02
438             	3.33982257e+02
439             	3.33982750e+02
440             	3.33983301e+02
441             	3.33983879e+02
442             	3.33984474e+02
443             	3.33985062e+02
444             	3.33985487e+02
445             	3.33985864e+02
446             	3.33986214e+02
447             	3.33986510e+02
448             	3.33986749e+02
449             	3.33986947e+02
450             	3.33987107e+02
451             	3.33987236e+02
452             	3.33987383e+02
453             	3.33987685e+02
454             	3.33988057e+02
455             	3.33988464e+02
456             	3.33988918e+02
457             	3.33989413e+02
458             	3.33989917e+02
459             	3.33990408e+02
460             	3.33990962e+02
461             	3.33991491e+02
462             	3.33992007e+02
463             	3.33992475e+02
464             	3.33992882e+02
465             	3.33993343e+02
466             	3.33993745e+02
467             	3.33994164e+02
468             	3.33994583e+02
469             	3.33994942e+02
470             	3.33995360e+02
471             	3.33995837e+02
472             	3.33996340e+02
473             	3.33996818e+02
474             	3.33997234e+02
475             	3.33997613e+02
476             	3.33997939e+02
477             	3.33998205e+02
478             	3.33998531e+02
479             	3.33998937e+02
480             	3.33999361e+02
481             	3.33999804e+02
482             	3.34000306e+02
483             	3.34000834e+02
484             	3.34001353e+02
485             	3.34001831e+02
486             	3.34002316e+02
487             	3.34002800e+02
488             	3.34003276e+02
489             	3.34003751e+02
490             	3.34004218e+02
491             	3.34004757e+02
492             	3.34005308e+02
493             	3.34005871e+02
494             	3.34006431e+02
495             	3.34006986e+02
496             	3.34007537e+02
497             	3.34008073e+02
498             	3.34008583e+02
499             	3.34009079e+02
500             	3.34009552e+02
501             	3.34009982e+02
502             	3.34010375e+02
503             	3.34010733e+02
504             	3.34011083e+02
505             	3.34011421e+02
506             	3.34011780e+02
507             	3.34012130e+02
508             	3.34012502e+02
509             	3.34012918e+02
510             	3.34013390e+02
511             	3.34013928e+02
512             	3.34014526e+02
513             	3.34015133e+02
514             	3.34015716e+02
515             	3.34016297e+02
516             	3.34016865e+02
517             	3.34017405e+02
518             	3.34017943e+02
519             	3.34018486e+02
520             	3.34019014e+02
521             	3.34019517e+02
522             	3.34020019e+02
523             	3.34020533e+02
524             	3.34021058e+02
525             	3.34021545e+02
526             	3.34022033e+02
527             	3.34022516e+02
528             	3.34022986e+02
529             	3.34023443e+02
530             	3.34023891e+02
531             	3.34024314e+02
532             	3.34024730e+02
533             	3.34025137e+02
534             	3.34025529e+02
535             	3.34025927e+02
536             	3.34026333e+02
537             	3.34026785e+02
538             	3.34027262e+02
539             	3.34027748e+02
540             	3.34028275e+02
541             	3.34028805e+02
542             	3.34029326e+02
543             	3.34029817e+02
544             	3.34030256e+02
545             	3.34030676e+02
546             	3.34031082e+02
547             	3.34031522e+02
548             	3.34031951e+02
549             	3.34032385e+02
550             	3.34032820e+02
551             	3.34033253e+02
552             	3.34033709e+02
553             	3.34034186e+02
554             	3.34034694e+02
555             	3.34035193e+02
556             	3.34035710e+02
557             	3.34036213e+02
558             	3.34036693e+02
559             	3.34037152e+02
560             	3.34037584e+02
561             	3.34037996e+02
562             	3.34038394e+02
563             	3.34038775e+02
564             	3.34039144e+02
565             	3.34039524e+02
566             	3.34039938e+02
567             	3.34040360e+02
568             	3.34040796e+02
569             	3.34041245e+02
570             	3.34041687e+02
571             	3.34042121e+02
572             	3.34042557e+02
573             	3.34042991e+02
574             	3.34043429e+02
575             	3.34043858e+02
576             	3.34044296e+02
577             	3.34044740e+02
578             	3.34045186e+02
579             	3.34045598e+02
580             	3.34046010e+02
581             	3.34046413e+02
582             	3.34046809e+02
583             	3.34047199e+02
584             	3.34047580e+02
585             	3.34047982e+02
586             	3.34048387e+02
587             	3.34048798e+02
588             	3.34049225e+02
589             	3.34049662e+02
590             	3.34050102e+02
591             	3.34050549e+02
592             	3.34051003e+02
593             	3.34051450e+02
594             	3.34051877e+02
595             	3.34052300e+02
596             	3.34052716e+02
597             	3.34053129e+02
598             	3.34053532e+02
599             	3.34053924e+02
600             	3.34054308e+02
601             	3.34054687e+02
602             	3.34055068e+02
603             	3.34055451e+02
604             	3.34055832e+02
605             	3.34056215e+02
606             	3.34056594e+02
607             	3.34056966e+02
608             	3.34057335e+02
609             	3.34057700e+02
610             	3.34058058e+02
611             	3.34058419e+02
612             	3.34058791e+02
613             	3.34059160e+02
614             	3.34059525e+02
615             	3.34059897e+02
616             	3.34060275e+02
617             	3.34060660e+02
618             	3.34061042e+02
619             	3.34061434e+02
620             	3.34061808e+02
621             	3.34062181e+02
622             	3.34062554e+02
623             	3.34062925e+02
624             	3.34063292e+02
625             	3.34063650e+02
626             	3.34063999e+02
627             	3.34064345e+02
628             	3.34064698e+02
629             	3.34065052e+02
630             	3.34065399e+02
631             	3.34065742e+02
632             	3.34066087e+02
633             	3.34066436e+02
634             	3.34066786e+02
635             	3.34067136e+02
636             	3.34067485e+02
637             	3.34067833e+02
638             	3.34068178e+02
639             	3.34068524e+02
640             	3.34068870e+02
641             	3.34069211e+02
642             	3.34069549e+02
643             	3.34069886e+02
644             	3.34070222e+02
645             	3.34070550e+02
646             	3.34070873e+02
647             	3.34071196e+02
648             	3.34071522e+02
649             	3.34071844e+02
650             	3.34072164e+02
651             	3.34072483e+02
652             	3.34072797e+02
653             	3.34073107e+02
654             	3.34073415e+02
655             	3.34073719e+02
656             	3.34074030e+02
657             	3.34074341e+02
658             	3.34074651e+02
659             	3.34074962e+02
660             	3.34075272e+02
661             	3.34075580e+02
662             	3.34075882e+02
663             	3.34076182e+02
664             	3.34076484e+02
665             	3.34076786e+02
666             	3.34077093e+02
667             	3.34077404e+02
668             	3.34077712e+02
669             	3.34078018e+02
670             	3.34078323e+02
671             	3.34078625e+02
672             	3.34078922e+02
673             	3.34079216e+02
674             	3.34079506e+02
675             	3.34079793e+02
676             	3.34080078e+02
677             	3.34080362e+02
678             	3.34080647e+02
679             	3.34080929e+02
680             	3.34081209e+02
681             	3.34081487e+02
682             	3.34081762e+02
683             	3.34082035e+02
684             	3.34082305e+02
685             	3.34082575e+02
686             	3.34082844e+02
687             	3.34083116e+02
688             	3.34083388e+02
689             	3.34083661e+02
690             	3.34083934e+02
691             	3.34084208e+02
692             	3.34084480e+02
693             	3.34084749e+02
694             	3.34085015e+02
695             	3.34085280e+02
696             	3.34085551e+02
697             	3.34085822e+02
698             	3.34086094e+02
699             	3.34086366e+02
700             	3.34086640e+02
701             	3.34086916e+02
702             	3.34087192e+02
703             	3.34087469e+02
704             	3.34087734e+02
705             	3.34087996e+02
706             	3.34088251e+02
707             	3.34088501e+02
708             	3.34088743e+02
709             	3.34088983e+02
710             	3.34089220e+02
711             	3.34089460e+02
712             	3.34089702e+02
713             	3.34089943e+02
714             	3.34090179e+02
715             	3.34090415e+02
716             	3.34090646e+02
717             	3.34090874e+02
718             	3.34091100e+02
719             	3.34091326e+02
720             	3.34091550e+02
721             	3.34091779e+02
722             	3.34092022e+02
723             	3.34092267e+02
724             	3.34092515e+02
725             	3.34092765e+02
726             	3.34093014e+02
727             	3.34093259e+02
728             	3.34093495e+02
729             	3.34093726e+02
730             	3.34093953e+02
731             	3.34094181e+02
732             	3.34094410e+02
733             	3.34094641e+02
734             	3.34094878e+02
735             	3.34095114e+02
736             	3.34095351e+02
737             	3.34095579e+02
738             	3.34095808e+02
739             	3.34096030e+02
740             	3.34096248e+02
741             	3.34096461e+02
742             	3.34096668e+02
743             	3.34096871e+02
744             	3.34097070e+02
745             	3.34097260e+02
746             	3.34097447e+02
747             	3.34097633e+02
748             	3.34097834e+02
749             	3.34098037e+02
750             	3.34098241e+02
751             	3.34098445e+02
752             	3.34098653e+02
753             	3.34098865e+02
754             	3.34099081e+02
755             	3.34099300e+02
756             	3.34099512e+02
757             	3.34099717e+02
758             	3.34099912e+02
759             	3.34100111e+02
760             	3.34100303e+02
761             	3.34100487e+02
762             	3.34100674e+02
763             	3.34100861e+02
764             	3.34101061e+02
765             	3.34101267e+02
766             	3.34101478e+02
767             	3.34101681e+02
768             	3.34101869e+02
769             	3.34102053e+02
770             	3.34102233e+02
771             	3.34102409e+02
772             	3.34102580e+02
773             	3.34102748e+02
774             	3.34102928e+02
775             	3.34103108e+02
776             	3.34103285e+02
777             	3.34103463e+02
778             	3.34103642e+02
779             	3.34103819e+02
780             	3.34104000e+02
781             	3.34104182e+02
782             	3.34104368e+02
783             	3.34104553e+02
784             	3.34104742e+02
785             	3.34104927e+02
786             	3.34105106e+02
787             	3.34105277e+02
788             	3.34105445e+02
789             	3.34105612e+02
790             	3.34105778e+02
791             	3.34105944e+02
792             	3.34106114e+02
793             	3.34106289e+02
794             	3.34106470e+02
795             	3.34106652e+02
796             	3.34106838e+02
797             	3.34107026e+02
798             	3.34107216e+02
799             	3.34107404e+02
800             	3.34107588e+02
801             	3.34107761e+02
802             	3.34107927e+02
803             	3.34108088e+02
804             	3.34108243e+02
805             	3.34108395e+02
806             	3.34108544e+02
807             	3.34108692e+02
808             	3.34108848e+02
809             	3.34109006e+02
810             	3.34109163e+02
811             	3.34109327e+02
812             	3.34109496e+02
813             	3.34109668e+02
814             	3.34109842e+02
815             	3.34110014e+02
816             	3.34110194e+02
817             	3.34110373e+02
818             	3.34110551e+02
819             	3.34110725e+02
820             	3.34110893e+02
821             	3.34111062e+02
822             	3.34111230e+02
823             	3.34111396e+02
824             	3.34111560e+02
825             	3.34111725e+02
826             	3.34111892e+02
827             	3.34112061e+02
828             	3.34112233e+02
829             	3.34112406e+02
830             	3.34112580e+02
831             	3.34112753e+02
832             	3.34112924e+02
833             	3.34113088e+02
834             	3.34113249e+02
835             	3.34113404e+02
836             	3.34113555e+02
837             	3.34113700e+02
838             	3.34113844e+02
839             	3.34113987e+02
840             	3.34114139e+02
841             	3.34114292e+02
842             	3.34114449e+02
843             	3.34114611e+02
844             	3.34114775e+02
845             	3.34114937e+02
846             	3.34115093e+02
847             	3.34115246e+02
848             	3.34115394e+02
849             	3.34115536e+02
850             	3.34115670e+02
851             	3.34115800e+02
852             	3.34115930e+02
853             	3.34116058e+02
854             	3.34116186e+02
855             	3.34116316e+02
856             	3.34116450e+02
857             	3.34116587e+02
858             	3.34116728e+02
859             	3.34116874e+02
860             	3.34117021e+02
861             	3.34117170e+02
862             	3.34117319e+02
863             	3.34117466e+02
864             	3.34117611e+02
865             	3.34117754e+02
866             	3.34117893e+02
867             	3.34118030e+02
868             	3.34118165e+02
869             	3.34118298e+02
870             	3.34118429e+02
871             	3.34118560e+02
872             	3.34118693e+02
873             	3.34118826e+02
874             	3.34118961e+02
875             	3.34119098e+02
876             	3.34119235e+02
877             	3.34119372e+02
878             	3.34119508e+02
879             	3.34119642e+02
880             	3.34119775e+02
881             	3.34119906e+02
882             	3.34120034e+02
883             	3.34120161e+02
884             	3.34120288e+02
885             	3.34120414e+02
886             	3.34120542e+02
887             	3.34120671e+02
888             	3.34120802e+02
889             	3.34120937e+02
890             	3.34121074e+02
891             	3.34121214e+02
892             	3.34121356e+02
893             	3.34121500e+02
894             	3.34121641e+02
895             	3.34121782e+02
896             	3.34121922e+02
897             	3.34122060e+02
898             	3.34122196e+02
899             	3.34122331e+02
900             	3.34122464e+02
901             	3.34122595e+02
902             	3.34122726e+02
903             	3.34122858e+02
904             	3.34122989e+02
905             	3.34123121e+02
906             	3.34123252e+02
907             	3.34123382e+02
908             	3.34123511e+02
909             	3.34123638e+02
910             	3.34123762e+02
911             	3.34123884e+02
912             	3.34124004e+02
913             	3.34124121e+02
914             	3.34124236e+02
915             	3.34124350e+02
916             	3.34124464e+02
917             	3.34124578e+02
918             	3.34124693e+02
919             	3.34124808e+02
920             	3.34124922e+02
921             	3.34125036e+02
922             	3.34125150e+02
923             	3.34125262e+02
924             	3.34125372e+02
925             	3.34125482e+02
926             	3.34125590e+02
927             	3.34125699e+02
928             	3.34125809e+02
929             	3.34125919e+02
930             	3.34126029e+02
931             	3.34126140e+02
932             	3.34126250e+02
933             	3.34126359e+02
934             	3.34126467e+02
935             	3.34126571e+02
936             	3.34126672e+02
937             	3.34126771e+02
938             	3.34126868e+02
939             	3.34126964e+02
940             	3.34127062e+02
941             	3.34127159e+02
942             	3.34127256e+02
943             	3.34127355e+02
944             	3.34127454e+02
945             	3.34127552e+02
946             	3.34127650e+02
947             	3.34127745e+02
948             	3.34127837e+02
949             	3.34127928e+02
950             	3.34128019e+02
951             	3.34128110e+02
952             	3.34128203e+02
953             	3.34128297e+02
954             	3.34128394e+02
955             	3.34128493e+02
956             	3.34128593e+02
957             	3.34128695e+02
958             	3.34128796e+02
959             	3.34128895e+02
960             	3.34128992e+02
961             	3.34129087e+02
962             	3.34129181e+02
963             	3.34129277e+02
964             	3.34129373e+02
965             	3.34129471e+02
966             	3.34129570e+02
967             	3.34129670e+02
968             	3.34129770e+02
969             	3.34129869e+02
970             	3.34129964e+02
971             	3.34130056e+02
972             	3.34130145e+02
973             	3.34130231e+02
974             	3.34130315e+02
975             	3.34130400e+02
976             	3.34130485e+02
977             	3.34130570e+02
978             	3.34130657e+02
979             	3.34130746e+02
980             	3.34130837e+02
981             	3.34130929e+02
982             	3.34131023e+02
983             	3.34131118e+02
984             	3.34131213e+02
985             	3.34131308e+02
986             	3.34131404e+02
987             	3.34131499e+02
988             	3.34131596e+02
989             	3.34131691e+02
990             	3.34131787e+02
991             	3.34131882e+02
992             	3.34131977e+02
993             	3.34132071e+02
994             	3.34132165e+02
995             	3.34132258e+02
996             	3.34132351e+02
997             	3.34132442e+02
998             	3.34132530e+02
999             	3.34132618e+02
1000            	3.34132703e+02
1001            	3.34132786e+02
1002            	3.34132866e+02
1003            	3.34132944e+02
1004            	3.34133022e+02
1005            	3.34133100e+02
1006            	3.34133178e+02
1007            	3.34133257e+02
1008            	3.34133339e+02
1009            	3.34133423e+02
1010            	3.34133509e+02
1011            	3.34133596e+02
1012            	3.34133683e+02
1013            	3.34133771e+02
1014            	3.34133858e+02
1015            	3.34133942e+02
1016            	3.34134025e+02
1017            	3.34134105e+02
1018            	3.34134183e+02
1019            	3.34134259e+02
1020            	3.34134334e+02
1021            	3.34134407e+02
1022            	3.34134482e+02
1023            	3.34134559e+02
1024            	3.34134637e+02
1025            	3.34134716e+02
1026            	3.34134796e+02
1027            	3.34134876e+02
1028            	3.34134956e+02
1029            	3.34135033e+02
1030            	3.34135107e+02
1031            	3.34135179e+02
1032            	3.34135248e+02
1033            	3.34135315e+02
1034            	3.34135381e+02
1035            	3.34135446e+02
1036            	3.34135513e+02
1037            	3.34135580e+02
1038            	3.34135650e+02
1039            	3.34135723e+02
1040            	3.34135799e+02
1041            	3.34135877e+02
1042            	3.34135958e+02
1043            	3.34136040e+02
1044            	3.34136120e+02
1045            	3.34136197e+02
1046            	3.34136274e+02
1047            	3.34136348e+02
1048            	3.34136420e+02
1049            	3.34136489e+02
1050            	3.34136555e+02
1051            	3.34136621e+02
1052            	3.34136687e+02
1053            	3.34136756e+02
1054            	3.34136827e+02
1055            	3.34136897e+02
1056            	3.34136969e+02
1057            	3.34137042e+02
1058            	3.34137114e+02
1059            	3.34137183e+02
1060            	3.34137250e+02
1061            	3.34137316e+02
1062            	3.34137380e+02
1063            	3.34137442e+02
1064            	3.34137501e+02
1065            	3.34137560e+02
1066            	3.34137618e+02
1067            	3.34137676e+02
1068            	3.34137735e+02
1069            	3.34137795e+02
1070            	3.34137857e+02
1071            	3.34137919e+02
1072            	3.34137984e+02
1073            	3.34138049e+02
1074            	3.34138116e+02
1075            	3.34138184e+02
1076            	3.34138253e+02
1077            	3.34138322e+02
1078            	3.34138390e+02
1079            	3.34138457e+02
1080            	3.34138522e+02
1081            	3.34138585e+02
1082            	3.34138646e+02
1083            	3.34138705e+02
1084            	3.34138762e+02
1085            	3.34138817e+02
1086            	3.34138872e+02
1087            	3.34138926e+02
1088            	3.34138981e+02
1089            	3.34139037e+02
1090            	3.34139095e+02
1091            	3.34139155e+02
1092            	3.34139216e+02
1093            	3.34139279e+02
1094            	3.34139340e+02
1095            	3.34139402e+02
1096            	3.34139462e+02
1097            	3.34139519e+02
1098            	3.34139574e+02
1099            	3.34139627e+02
1100            	3.34139678e+02
1101            	3.34139728e+02
1102            	3.34139778e+02
1103            	3.34139830e+02
1104            	3.34139884e+02
1105            	3.34139940e+02
1106            	3.34139998e+02
1107            	3.34140058e+02
1108            	3.34140117e+02
1109            	3.34140179e+02
1110            	3.34140239e+02
1111            	3.34140299e+02
1112            	3.34140358e+02
1113            	3.34140416e+02
1114            	3.34140473e+02
1115            	3.34140529e+02
1116            	3.34140584e+02
1117            	3.34140639e+02
1118            	3.34140694e+02
1119            	3.34140750e+02
1120            	3.34140808e+02
1121            	3.34140868e+02
1122            	3.34140930e+02
1123            	3.34140994e+02
1124            	3.34141059e+02
1125            	3.34141124e+02
1126            	3.34141188e+02
1127            	3.34141251e+02
1128            	3.34141312e+02
1129            	3.34141371e+02
1130            	3.34141428e+02
1131            	3.34141484e+02
1132            	3.34141537e+02
1133            	3.34141589e+02
1134            	3.34141640e+02
1135            	3.34141689e+02
1136            	3.34141736e+02
1137            	3.34141782e+02
1138            	3.34141827e+02
1139            	3.34141870e+02
1140            	3.34141912e+02
1141            	3.34141955e+02
1142            	3.34141998e+02
1143            	3.34142041e+02
1144            	3.34142086e+02
1145            	3.34142132e+02
1146            	3.34142179e+02
1147            	3.34142226e+02
1148            	3.34142273e+02
1149            	3.34142321e+02
1150            	3.34142368e+02
1151            	3.34142416e+02
1152            	3.34142464e+02
1153            	3.34142511e+02
1154            	3.34142559e+02
1155            	3.34142607e+02
1156            	3.34142653e+02
1157            	3.34142698e+02
1158            	3.34142741e+02
1159            	3.34142783e+02
1160            	3.34142825e+02
1161            	3.34142866e+02
1162            	3.34142909e+02
1163            	3.34142952e+02
1164            	3.34142998e+02
1165            	3.34143046e+02
1166            	3.34143096e+02
1167            	3.34143149e+02
1168            	3.34143203e+02
1169            	3.34143258e+02
1170            	3.34143315e+02
1171            	3.34143373e+02
1172            	3.34143431e+02
1173            	3.34143489e+02
1174            	3.34143548e+02
1175            	3.34143606e+02
1176            	3.34143665e+02
1177            	3.34143723e+02
1178            	3.34143780e+02
1179            	3.34143836e+02
1180            	3.34143891e+02
1181            	3.34143944e+02
1182            	3.34143996e+02
1183            	3.34144045e+02
1184            	3.34144093e+02
1185            	3.34144139e+02
1186            	3.34144183e+02
1187            	3.34144222e+02
1188            	3.34144260e+02
1189            	3.34144296e+02
1190            	3.34144330e+02
1191            	3.34144362e+02
1192            	3.34144394e+02
1193            	3.34144424e+02
1194            	3.34144453e+02
1195            	3.34144479e+02
1196            	3.34144505e+02
1197            	3.34144529e+02
1198            	3.34144555e+02
1199            	3.34144583e+02
1200            	3.34144613e+02
1201            	3.34144647e+02
1202            	3.34144687e+02
1203            	3.34144731e+02
1204            	3.34144781e+02
1205            	3.34144836e+02
1206            	3.34144893e+02
1207            	3.34144954e+02
1208            	3.34145014e+02
1209            	3.34145073e+02
1210            	3.34145128e+02
1211            	3.34145182e+02
1212            	3.34145231e+02
1213            	3.34145276e+02
1214            	3.34145317e+02
1215            	3.34145351e+02
1216            	3.34145377e+02
1217            	3.34145397e+02
1218            	3.34145414e+02
1219            	3.34145435e+02
1220            	3.34145461e+02
1221            	3.34145489e+02
1222            	3.34145524e+02
1223            	3.34145565e+02
1224            	3.34145611e+02
1225            	3.34145658e+02
1226            	3.34145704e+02
1227            	3.34145744e+02
1228            	3.34145780e+02
1229            	3.34145812e+02
1230            	3.34145840e+02
1231            	3.34145863e+02
1232            	3.34145884e+02
1233            	3.34145906e+02
1234            	3.34145931e+02
1235            	3.34145959e+02
1236            	3.34145992e+02
1237            	3.34146030e+02
1238            	3.34146072e+02
1239            	3.34146118e+02
1240            	3.34146165e+02
1241            	3.34146211e+02
1242            	3.34146254e+02
1243            	3.34146290e+02
1244            	3.34146323e+02
1245            	3.34146352e+02
1246            	3.34146379e+02
1247            	3.34146405e+02
1248            	3.34146431e+02
1249            	3.34146459e+02
1250            	3.34146489e+02
1251            	3.34146523e+02
1252            	3.34146561e+02
1253            	3.34146605e+02
1254            	3.34146655e+02
1255            	3.34146708e+02
1256            	3.34146758e+02
1257            	3.34146805e+02
1258            	3.34146850e+02
1259            	3.34146891e+02
1260            	3.34146927e+02
1261            	3.34146957e+02
1262            	3.34146983e+02
1263            	3.34147006e+02
1264            	3.34147027e+02
1265            	3.34147048e+02
1266            	3.34147069e+02
1267            	3.34147093e+02
1268            	3.34147122e+02
1269            	3.34147156e+02
1270            	3.34147193e+02
1271            	3.34147234e+02
1272            	3.34147276e+02
1273            	3.34147317e+02
1274            	3.34147354e+02
1275            	3.34147388e+02
1276            	3.34147419e+02
1277            	3.34147446e+02
1278            	3.34147471e+02
1279            	3.34147496e+02
1280            	3.34147523e+02
1281            	3.34147552e+02
1282            	3.34147585e+02
1283            	3.34147621e+02
1284            	3.34147659e+02
1285            	3.34147699e+02
1286            	3.34147735e+02
1287            	3.34147772e+02
1288            	3.34147807e+02
1289            	3.34147839e+02
1290            	3.34147865e+02
1291            	3.34147887e+02
1292            	3.34147907e+02
1293            	3.34147927e+02
1294            	3.34147950e+02
1295            	3.34147975e+02
1296            	3.34148003e+02
1297            	3.34148003e+02
1298            	3.34148035e+02
1299            	3.34148072e+02
1300            	3.34148072e+02
1301            	3.34148107e+02
1302            	3.34148142e+02
1303            	3.34148175e+02
1304            	3.34148202e+02
1305            	3.34148202e+02
1306            	3.34148216e+02
1307            	3.34148227e+02
1308            	3.34148238e+02
1309            	3.34148238e+02
1310            	3.34148249e+02
1311            	3.34148266e+02
1312            	3.34148266e+02
1313            	3.34148299e+02
1314            	3.34148299e+02
1315            	3.34148343e+02
1316            	3.34148393e+02
1317            	3.34148443e+02
1318            	3.34148443e+02
1319            	3.34148487e+02
1320            	3.34148530e+02
1321            	3.34148571e+02
1322            	3.34148605e+02
1323            	3.34148636e+02
1324            	3.34148663e+02
1325            	3.34148686e+02
1326            	3.34148707e+02
1327            	3.34148727e+02
1328            	3.34148748e+02
1329            	3.34148771e+02
1330            	3.34148799e+02
1331            	3.34148829e+02
1332            	3.34148862e+02
1333            	3.34148862e+02
1334            	3.34148897e+02
1335            	3.34148934e+02
1336            	3.34148969e+02
1337            	3.34149000e+02
1338            	3.34149029e+02
1339            	3.34149054e+02
1340            	3.34149077e+02
1341            	3.34149098e+02
1342            	3.34149118e+02
1343            	3.34149118e+02
1344            	3.34149140e+02
1345            	3.34149140e+02
1346            	3.34149165e+02
1347            	3.34149165e+02
1348            	3.34149192e+02
1349            	3.34149192e+02
1350            	3.34149217e+02
1351            	3.34149242e+02
1352            	3.34149267e+02
1353            	3.34149267e+02
1354            	3.34149290e+02
1355            	3.34149290e+02
1356            	3.34149315e+02
1357            	3.34149315e+02
1358            	3.34149315e+02
1359            	3.34149352e+02
1360            	3.34149392e+02
1361            	3.34149392e+02
1362            	3.34149434e+02
1363            	3.34149434e+02
1364            	3.34149470e+02
1365            	3.34149470e+02
1366            	3.34149508e+02
1367            	3.34149508e+02
1368            	3.34149540e+02
1369            	3.34149569e+02
1370            	3.34149569e+02
1371            	3.34149593e+02
1372            	3.34149618e+02
1373            	3.34149618e+02
1374            	3.34149648e+02
1375            	3.34149648e+02
1376            	3.34149690e+02
1377            	3.34149690e+02
1378            	3.34149690e+02
1379            	3.34149746e+02
1380            	3.34149803e+02
1381            	3.34149857e+02
1382            	3.34149857e+02
1383            	3.34149896e+02
1384            	3.34149934e+02
1385            	3.34149969e+02
1386            	3.34150003e+02
1387            	3.34150035e+02
1388            	3.34150035e+02
1389            	3.34150066e+02
1390            	3.34150066e+02
1391            	3.34150101e+02
1392            	3.34150101e+02
1393            	3.34150137e+02
1394            	3.34150174e+02
1395            	3.34150174e+02
1396            	3.34150201e+02
1397            	3.34150229e+02
1398            	3.34150256e+02
1399            	3.34150283e+02
1400            	3.34150312e+02
1401            	3.34150312e+02
1402            	3.34150339e+02
1403            	3.34150339e+02
1404            	3.34150376e+02
1405            	3.34150415e+02
1406            	3.34150415e+02
1407            	3.34150455e+02
1408            	3.34150455e+02
1409            	3.34150495e+02
1410            	3.34150534e+02
1411            	3.34150534e+02
1412            	3.34150558e+02
1413            	3.34150581e+02
1414            	3.34150605e+02
1415            	3.34150605e+02
1416            	3.34150623e+02
1417            	3.34150623e+02
1418            	3.34150648e+02
1419            	3.34150648e+02
1420            	3.34150681e+02
1421            	3.34150681e+02
1422            	3.34150720e+02
1423            	3.34150759e+02
1424            	3.34150759e+02
1425            	3.34150789e+02
1426            	3.34150818e+02
1427            	3.34150818e+02
1428            	3.34150839e+02
1429            	3.34150858e+02
1430            	3.34150877e+02
1431            	3.34150894e+02
1432            	3.34150894e+02
1433            	3.34150910e+02
1434            	3.34150927e+02
1435            	3.34150927e+02
1436            	3.34150952e+02
1437            	3.34150982e+02
1438            	3.34150982e+02
1439            	3.34151018e+02
1440            	3.34151057e+02
1441            	3.34151057e+02
1442            	3.34151093e+02
1443            	3.34151129e+02
1444            	3.34151163e+02
1445            	3.34151192e+02
1446            	3.34151192e+02
1447            	3.34151212e+02
1448            	3.34151232e+02
1449            	3.34151232e+02
1450            	3.34151250e+02
1451            	3.34151250e+02
1452            	3.34151269e+02
1453            	3.34151269e+02
1454            	3.34151290e+02
1455            	3.34151290e+02
1456            	3.34151308e+02
1457            	3.34151308e+02
1458            	3.34151324e+02
1459            	3.34151324e+02
1460            	3.34151338e+02
1461            	3.34151338e+02
1462            	3.34151354e+02
1463            	3.34151354e+02
1464            	3.34151354e+02
1465            	3.34151380e+02
1466            	3.34151380e+02
1467            	3.34151380e+02
1468            	3.34151380e+02
1469            	3.34151380e+02
1470            	3.34151420e+02
1471            	3.34151420e+02
1472            	3.34151420e+02
1473            	3.34151420e+02
1474            	3.34151460e+02
1475            	3.34151460e+02
1476            	3.34151460e+02
1477            	3.34151460e+02
1478            	3.34151460e+02
1479            	3.34151479e+02
1480            	3.34151479e+02
1481            	3.34151479e+02
1482            	3.34151479e+02
1483            	3.34151510e+02
1484            	3.34151510e+02
1485            	3.34151510e+02
1486            	3.34151510e+02
1487            	3.34151510e+02
1488            	3.34151510e+02
1489            	3.34151553e+02
1490            	3.34151553e+02
1491            	3.34151553e+02
1492            	3.34151553e+02
1493            	3.34151588e+02
1494            	3.34151588e+02
1495            	3.34151588e+02
1496            	3.34151588e+02
1497            	3.34151588e+02
1498            	3.34151588e+02
1499            	3.34151588e+02
1500            	3.34151588e+02
1501            	3.34151588e+02
1502            	3.34151588e+02
1503            	3.34151588e+02
1504            	3.34151588e+02
1505            	3.34151588e+02
1506            	3.34151588e+02
1507            	3.34151588e+02
1508            	3.34151588e+02
1509            	3.34151588e+02
1510            	3.34151588e+02
1511            	3.34151588e+02
1512            	3.34151588e+02
1513            	3.34151588e+02
1514            	3.34151588e+02
1515            	3.34151588e+02
1516            	3.34151588e+02
1517            	3.34151588e+02
1518            	3.34151588e+02
1519            	3.34151588e+02
1520            	3.34151588e+02
1521            	3.34151588e+02
1522            	3.34151588e+02
1523            	3.34151625e+02
1524            	3.34151625e+02
1525            	3.34151625e+02
1526            	3.34151625e+02
1527            	3.34151625e+02
1528            	3.34151625e+02
1529            	3.34151625e+02
1530            	3.34151680e+02
1531            	3.34151680e+02
1532            	3.34151680e+02
1533            	3.34151680e+02
1534            	3.34151725e+02
1535            	3.34151725e+02
1536            	3.34151725e+02
1537            	3.34151725e+02
1538            	3.34151725e+02
1539            	3.34151767e+02
1540            	3.34151767e+02
1541            	3.34151767e+02
1542            	3.34151809e+02
1543            	3.34151809e+02
1544            	3.34151809e+02
1545            	3.34151851e+02
1546            	3.34151851e+02
1547            	3.34151851e+02
1548            	3.34151851e+02
1549            	3.34151851e+02
1550            	3.34151897e+02
1551            	3.34151897e+02
1552            	3.34151897e+02
1553            	3.34151897e+02
1554            	3.34151927e+02
1555            	3.34151927e+02
1556            	3.34151927e+02
1557            	3.34151952e+02
1558            	3.34151979e+02
1559            	3.34152013e+02
1560            	3.34152047e+02
1561            	3.34152047e+02
1562            	3.34152087e+02
1563            	3.34152087e+02
1564            	3.34152137e+02
1565            	3.34152137e+02
1566            	3.34152190e+02
1567            	3.34152246e+02
1568            	3.34152296e+02
1569            	3.34152296e+02
1570            	3.34152330e+02
1571            	3.34152361e+02
1572            	3.34152387e+02
1573            	3.34152403e+02
1574            	3.34152415e+02
1575            	3.34152423e+02
1576            	3.34152433e+02
1577            	3.34152446e+02
1578            	3.34152465e+02
1579            	3.34152491e+02
1580            	3.34152524e+02
1581            	3.34152569e+02
1582            	3.34152620e+02
1583            	3.34152678e+02
1584            	3.34152732e+02
1585            	3.34152786e+02
1586            	3.34152834e+02
1587            	3.34152880e+02
1588            	3.34152920e+02
1589            	3.34152955e+02
1590            	3.34152986e+02
1591            	3.34153013e+02
1592            	3.34153041e+02
1593            	3.34153069e+02
1594            	3.34153096e+02
1595            	3.34153123e+02
1596            	3.34153149e+02
1597            	3.34153174e+02
1598            	3.34153194e+02
1599            	3.34153210e+02
1600            	3.34153218e+02
1601            	3.34153219e+02
1602            	3.34153216e+02
1603            	3.34153208e+02
1604            	3.34153209e+02
1605            	3.34153208e+02
1606            	3.34153209e+02
1607            	3.34153215e+02
1608            	3.34153215e+02
1609            	3.34153238e+02
1610            	3.34153268e+02
1611            	3.34153305e+02
1612            	3.34153336e+02
1613            	3.34153372e+02
1614            	3.34153404e+02
1615            	3.34153433e+02
1616            	3.34153458e+02
1617            	3.34153477e+02
1618            	3.34153494e+02
1619            	3.34153507e+02
1620            	3.34153507e+02
1621            	3.34153517e+02
1622            	3.34153529e+02
1623            	3.34153543e+02
1624            	3.34153558e+02
1625            	3.34153577e+02
1626            	3.34153596e+02
1627            	3.34153618e+02
1628            	3.34153640e+02
1629            	3.34153640e+02
1630            	3.34153656e+02
1631            	3.34153670e+02
1632            	3.34153680e+02
1633            	3.34153684e+02
1634            	3.34153685e+02
1635            	3.34153685e+02
1636            	3.34153685e+02
1637            	3.34153684e+02
1638            	3.34153684e+02
1639            	3.34153689e+02
1640            	3.34153699e+02
1641            	3.34153699e+02
1642            	3.34153718e+02
1643            	3.34153718e+02
1644            	3.34153746e+02
1645            	3.34153746e+02
1646            	3.34153771e+02
1647            	3.34153796e+02
1648            	3.34153811e+02
1649            	3.34153821e+02
1650            	3.34153825e+02
1651            	3.34153820e+02
1652            	3.34153819e+02
1653            	3.34153823e+02
1654            	3.34153827e+02
1655            	3.34153827e+02
1656            	3.34153838e+02
1657            	3.34153853e+02
1658            	3.34153853e+02
1659            	3.34153875e+02
1660            	3.34153875e+02
1661            	3.34153900e+02
1662            	3.34153921e+02
1663            	3.34153938e+02
1664            	3.34153949e+02
1665            	3.34153954e+02
1666            	3.34153955e+02
1667            	3.34153952e+02
1668            	3.34153952e+02
1669            	3.34153947e+02
1670            	3.34153944e+02
1671            	3.34153944e+02
1672            	3.34153949e+02
1673            	3.34153960e+02
1674            	3.34153973e+02
1675            	3.34153973e+02
1676            	3.34153986e+02
1677            	3.34153999e+02
1678            	3.34154009e+02
1679            	3.34154013e+02
1680            	3.34154012e+02
1681            	3.34154010e+02
1682            	3.34154010e+02
1683            	3.34154000e+02
1684            	3.34154000e+02
1685            	3.34153993e+02
1686            	3.34153993e+02
1687            	3.34153996e+02
1688            	3.34153996e+02
1689            	3.34154012e+02
1690            	3.34154034e+02
1691            	3.34154034e+02
1692            	3.34154063e+02
1693            	3.34154063e+02
1694            	3.34154090e+02
1695            	3.34154090e+02
1696            	3.34154090e+02
1697            	3.34154117e+02
1698            	3.34154117e+02
1699            	3.34154117e+02
1700            	3.34154117e+02
1701            	3.34154117e+02
1702            	3.34154124e+02
1703            	3.34154124e+02
1704            	3.34154124e+02
1705            	3.34154124e+02
1706            	3.34154115e+02
1707            	3.34154115e+02
1708            	3.34154115e+02
1709            	3.34154103e+02
1710            	3.34154103e+02
1711            	3.34154103e+02
1712            	3.34154103e+02
1713            	3.34154100e+02
1714            	3.34154100e+02
1715            	3.34154100e+02
1716            	3.34154100e+02
1717            	3.34154100e+02
1718            	3.34154122e+02
1719            	3.34154122e+02
1720            	3.34154122e+02
1721            	3.34154122e+02
1722            	3.34154151e+02
1723            	3.34154151e+02
1724            	3.34154151e+02
1725            	3.34154151e+02
1726            	3.34154184e+02
1727            	3.34154184e+02
1728            	3.34154184e+02
1729            	3.34154184e+02
1730            	3.34154184e+02
1731            	3.34154201e+02
1732            	3.34154201e+02
1733            	3.34154201e+02
1734            	3.34154201e+02
1735            	3.34154201e+02
1736            	3.34154202e+02
1737            	3.34154202e+02
1738            	3.34154202e+02
1739            	3.34154217e+02
1740            	3.34154217e+02
1741            	3.34154217e+02
1742            	3.34154241e+02
1743            	3.34154241e+02
1744            	3.34154241e+02
1745            	3.34154252e+02
1746            	3.34154252e+02
1747            	3.34154257e+02
1748            	3.34154257e+02
1749            	3.34154260e+02
1750            	3.34154260e+02
1751            	3.34154268e+02
1752            	3.34154268e+02
1753            	3.34154268e+02
1754            	3.34154288e+02
1755            	3.34154288e+02
1756            	3.34154288e+02
1757            	3.34154288e+02
1758            	3.34154318e+02
1759            	3.34154318e+02
1760            	3.34154318e+02
1761            	3.34154318e+02
1762            	3.34154342e+02
1763            	3.34154342e+02
1764            	3.34154342e+02
1765            	3.34154342e+02
1766            	3.34154342e+02
1767            	3.34154342e+02
1768            	3.34154342e+02
1769            	3.34154342e+02
1770            	3.34154342e+02
1771            	3.34154342e+02
1772            	3.34154342e+02
1773            	3.34154342e+02
1774            	3.34154342e+02
1775            	3.34154342e+02
1776            	3.34154342e+02
1777            	3.34154342e+02
1778            	3.34154342e+02
1779            	3.34154342e+02
1780            	3.34154342e+02
1781            	3.34154342e+02
1782            	3.34154342e+02
1783            	3.34154342e+02
1784            	3.34154342e+02
1785            	3.34154342e+02
1786            	3.34154342e+02
1787            	3.34154342e+02
1788            	3.34154342e+02
1789            	3.34154342e+02
1790            	3.34154342e+02
1791            	3.34154342e+02
1792            	3.34154342e+02
1793            	3.34154342e+02
1794            	3.34154342e+02
1795            	3.34154342e+02
1796            	3.34154342e+02
1797            	3.34154342e+02
1798            	3.34154342e+02
1799            	3.34154342e+02
1800            	3.34154342e+02
1801            	3.34154342e+02
1802            	3.34154342e+02
1803            	3.34154342e+02
1804            	3.34154342e+02
1805            	3.34154342e+02
1806            	3.34154342e+02
1807            	3.34154342e+02
1808            	3.34154342e+02
1809            	3.34154342e+02
1810            	3.34154342e+02
1811            	3.34154342e+02
1812            	3.34154342e+02
1813            	3.34154342e+02
1814            	3.34154342e+02
1815            	3.34154342e+02
1816            	3.34154342e+02
1817            	3.34154342e+02
1818            	3.34154342e+02
1819            	3.34154342e+02
1820            	3.34154342e+02
1821            	3.34154342e+02
1822            	3.34154342e+02
1823            	3.34154342e+02
1824            	3.34154342e+02
1825            	3.34154342e+02
1826            	3.34154342e+02
1827            	3.34154342e+02
1828            	3.34154342e+02
1829            	3.34154342e+02
1830            	3.34154342e+02
1831            	3.34154342e+02
1832            	3.34154342e+02
1833            	3.34154342e+02
1834            	3.34154342e+02
1835            	3.34154342e+02
1836            	3.34154366e+02
1837            	3.34154366e+02
1838            	3.34154366e+02
1839            	3.34154366e+02
1840            	3.34154366e+02
1841            	3.34154366e+02
1842            	3.34154402e+02
1843            	3.34154402e+02
1844            	3.34154402e+02
1845            	3.34154402e+02
1846            	3.34154402e+02
1847            	3.34154402e+02
1848            	3.34154402e+02
1849            	3.34154402e+02
1850            	3.34154419e+02
1851            	3.34154419e+02
1852            	3.34154419e+02
1853            	3.34154419e+02
1854            	3.34154419e+02
1855            	3.34154419e+02
1856            	3.34154419e+02
1857            	3.34154419e+02
1858            	3.34154419e+02
1859            	3.34154419e+02
1860            	3.34154419e+02
1861            	3.34154419e+02
1862            	3.34154419e+02
1863            	3.34154419e+02
1864            	3.34154419e+02
1865            	3.34154419e+02
1866            	3.34154419e+02
1867            	3.34154419e+02
1868            	3.34154419e+02
1869            	3.34154419e+02
1870            	3.34154419e+02
1871            	3.34154419e+02
1872            	3.34154419e+02
1873            	3.34154419e+02
1874            	3.34154419e+02
1875            	3.34154419e+02
1876            	3.34154419e+02
1877            	3.34154419e+02
1878            	3.34154419e+02
1879            	3.34154419e+02
1880            	3.34154419e+02
1881            	3.34154419e+02
1882            	3.34154419e+02
1883            	3.34154419e+02
1884            	3.34154419e+02
1885            	3.34154419e+02
1886            	3.34154419e+02
1887            	3.34154419e+02
1888            	3.34154419e+02
1889            	3.34154419e+02
1890            	3.34154419e+02
1891            	3.34154419e+02
1892            	3.34154419e+02
1893            	3.34154419e+02
1894            	3.34154419e+02
1895            	3.34154419e+02
1896            	3.34154419e+02
1897            	3.34154419e+02
1898            	3.34154419e+02
1899            	3.34154419e+02
1900            	3.34154419e+02
1901            	3.34154419e+02
1902            	3.34154419e+02
1903            	3.34154419e+02
1904            	3.34154419e+02
1905            	3.34154419e+02
1906            	3.34154419e+02
1907            	3.34154419e+02
1908            	3.34154419e+02
1909            	3.34154419e+02
1910            	3.34154419e+02
1911            	3.34154419e+02
1912            	3.34154419e+02
1913            	3.34154419e+02
1914            	3.34154419e+02
1915            	3.34154419e+02
1916            	3.34154419e+02
1917            	3.34154419e+02
1918            	3.34154419e+02
1919            	3.34154419e+02
1920            	3.34154419e+02
1921            	3.34154419e+02
1922            	3.34154419e+02
1923            	3.34154419e+02
1924            	3.34154419e+02
1925            	3.34154419e+02
1926            	3.34154419e+02
1927            	3.34154419e+02
1928            	3.34154419e+02
1929            	3.34154419e+02
1930            	3.34154419e+02
1931            	3.34154419e+02
1932            	3.34154419e+02
1933            	3.34154419e+02
1934            	3.34154419e+02
1935            	3.34154419e+02
1936            	3.34154419e+02
1937            	3.34154419e+02
1938            	3.34154419e+02
1939            	3.34154419e+02
1940            	3.34154419e+02
1941            	3.34154419e+02
1942            	3.34154419e+02
1943            	3.34154419e+02
1944            	3.34154419e+02
1945            	3.34154419e+02
1946            	3.34154419e+02
1947            	3.34154419e+02
1948            	3.34154419e+02
1949            	3.34154419e+02
1950            	3.34154419e+02
1951            	3.34154419e+02
1952            	3.34154419e+02
1953            	3.34154419e+02
1954            	3.34154419e+02
1955            	3.34154419e+02
1956            	3.34154419e+02
1957            	3.34154419e+02
1958            	3.34154419e+02
1959            	3.34154419e+02
1960            	3.34154419e+02
1961            	3.34154419e+02
1962            	3.34154419e+02
1963            	3.34154419e+02
1964            	3.34154419e+02
1965            	3.34154419e+02
1966            	3.34154419e+02
1967            	3.34154419e+02
1968            	3.34154419e+02
1969            	3.34154419e+02
1970            	3.34154419e+02
1971            	3.34154419e+02
1972            	3.34154419e+02
1973            	3.34154419e+02
1974            	3.34154419e+02
1975            	3.34154466e+02
1976            	3.34154466e+02
1977            	3.34154466e+02
1978            	3.34154466e+02
1979            	3.34154466e+02
1980            	3.34154466e+02
1981            	3.34154511e+02
1982            	3.34154511e+02
1983            	3.34154511e+02
1984            	3.34154511e+02
1985            	3.34154511e+02
1986            	3.34154542e+02
1987            	3.34154542e+02
1988            	3.34154542e+02
1989            	3.34154542e+02
1990            	3.34154585e+02
1991            	3.34154585e+02
1992            	3.34154585e+02
1993            	3.34154585e+02
1994            	3.34154585e+02
1995            	3.34154585e+02
1996            	3.34154585e+02
1997            	3.34154640e+02
1998            	3.34154640e+02
1999            	3.34154640e+02
2000            	3.34154640e+02
