# Region        : cellZone fluid
# Cells         : 8485
# Volume        : 1.60298478e+01
# Time          	volAverage(T)
1               	3.00000014e+02
2               	3.00000045e+02
3               	3.00000321e+02
4               	3.00000739e+02
5               	3.00000972e+02
6               	3.00001263e+02
7               	3.00001538e+02
8               	3.00001920e+02
9               	3.00002350e+02
10              	3.00002900e+02
11              	3.00003390e+02
12              	3.00004292e+02
13              	3.00004978e+02
14              	3.00005718e+02
15              	3.00006602e+02
16              	3.00007437e+02
17              	3.00008204e+02
18              	3.00009441e+02
19              	3.00010326e+02
20              	3.00011252e+02
21              	3.00012697e+02
22              	3.00014040e+02
23              	3.00014797e+02
24              	3.00015654e+02
25              	3.00016951e+02
26              	3.00018263e+02
27              	3.00020348e+02
28              	3.00021252e+02
29              	3.00022107e+02
30              	3.00023297e+02
31              	3.00024580e+02
32              	3.00025718e+02
33              	3.00027269e+02
34              	3.00028635e+02
35              	3.00030170e+02
36              	3.00031161e+02
37              	3.00032654e+02
38              	3.00033426e+02
39              	3.00035230e+02
40              	3.00036103e+02
41              	3.00037355e+02
42              	3.00038758e+02
43              	3.00039907e+02
44              	3.00040950e+02
45              	3.00042445e+02
46              	3.00043687e+02
47              	3.00045886e+02
48              	3.00047210e+02
49              	3.00049755e+02
50              	3.00051324e+02
51              	3.00053569e+02
52              	3.00055451e+02
53              	3.00056281e+02
54              	3.00057958e+02
55              	3.00059227e+02
56              	3.00060600e+02
57              	3.00062363e+02
58              	3.00063992e+02
59              	3.00065755e+02
60              	3.00066697e+02
61              	3.00069093e+02
62              	3.00070781e+02
63              	3.00072733e+02
64              	3.00074268e+02
65              	3.00076024e+02
66              	3.00077362e+02
67              	3.00078655e+02
68              	3.00079900e+02
69              	3.00081503e+02
70              	3.00083285e+02
71              	3.00085526e+02
72              	3.00087237e+02
73              	3.00088454e+02
74              	3.00089932e+02
75              	3.00090916e+02
76              	3.00091655e+02
77              	3.00092414e+02
78              	3.00093526e+02
79              	3.00094631e+02
80              	3.00095752e+02
81              	3.00097318e+02
82              	3.00099096e+02
83              	3.00101010e+02
84              	3.00102464e+02
85              	3.00103620e+02
86              	3.00105328e+02
87              	3.00106663e+02
88              	3.00107892e+02
89              	3.00108787e+02
90              	3.00109709e+02
91              	3.00111413e+02
92              	3.00112955e+02
93              	3.00113732e+02
94              	3.00115241e+02
95              	3.00117021e+02
96              	3.00118487e+02
97              	3.00119365e+02
98              	3.00120177e+02
99              	3.00122448e+02
100             	3.00123108e+02
101             	3.00124044e+02
102             	3.00124494e+02
103             	3.00125227e+02
104             	3.00125920e+02
105             	3.00127059e+02
106             	3.00128555e+02
107             	3.00130070e+02
108             	3.00131452e+02
109             	3.00132558e+02
110             	3.00133619e+02
111             	3.00135041e+02
112             	3.00136464e+02
113             	3.00137491e+02
114             	3.00138185e+02
115             	3.00138918e+02
116             	3.00140300e+02
117             	3.00141594e+02
118             	3.00142822e+02
119             	3.00143688e+02
120             	3.00144728e+02
121             	3.00146236e+02
122             	3.00147278e+02
123             	3.00148060e+02
124             	3.00148834e+02
125             	3.00150515e+02
126             	3.00151565e+02
127             	3.00152466e+02
128             	3.00153442e+02
129             	3.00154411e+02
130             	3.00155414e+02
131             	3.00156374e+02
132             	3.00157446e+02
133             	3.00158437e+02
134             	3.00159571e+02
135             	3.00160240e+02
136             	3.00161585e+02
137             	3.00162901e+02
138             	3.00163513e+02
139             	3.00164088e+02
140             	3.00164432e+02
141             	3.00165447e+02
142             	3.00166278e+02
143             	3.00166972e+02
144             	3.00167668e+02
145             	3.00168529e+02
146             	3.00169672e+02
147             	3.00170824e+02
148             	3.00171268e+02
149             	3.00172290e+02
150             	3.00172672e+02
151             	3.00173077e+02
152             	3.00173606e+02
153             	3.00174193e+02
154             	3.00174678e+02
155             	3.00175029e+02
156             	3.00175414e+02
157             	3.00176247e+02
158             	3.00176758e+02
159             	3.00177438e+02
160             	3.00178027e+02
161             	3.00178360e+02
162             	3.00178717e+02
163             	3.00179176e+02
164             	3.00179999e+02
165             	3.00180726e+02
166             	3.00181043e+02
167             	3.00181514e+02
168             	3.00182000e+02
169             	3.00182484e+02
170             	3.00182895e+02
171             	3.00183538e+02
172             	3.00184179e+02
173             	3.00184840e+02
174             	3.00185577e+02
175             	3.00186375e+02
176             	3.00187364e+02
177             	3.00187998e+02
178             	3.00188573e+02
179             	3.00189109e+02
180             	3.00189599e+02
181             	3.00190138e+02
182             	3.00190658e+02
183             	3.00191088e+02
184             	3.00191455e+02
185             	3.00191948e+02
186             	3.00192493e+02
187             	3.00192971e+02
188             	3.00193501e+02
189             	3.00194234e+02
190             	3.00194696e+02
191             	3.00195297e+02
192             	3.00195749e+02
193             	3.00196234e+02
194             	3.00196622e+02
195             	3.00197123e+02
196             	3.00197595e+02
197             	3.00198090e+02
198             	3.00198625e+02
199             	3.00199140e+02
200             	3.00199689e+02
201             	3.00200258e+02
202             	3.00200827e+02
203             	3.00201545e+02
204             	3.00202312e+02
205             	3.00202668e+02
206             	3.00203106e+02
207             	3.00203476e+02
208             	3.00203813e+02
209             	3.00204113e+02
210             	3.00204545e+02
211             	3.00205039e+02
212             	3.00205531e+02
213             	3.00206067e+02
214             	3.00206577e+02
215             	3.00207105e+02
216             	3.00207634e+02
217             	3.00207923e+02
218             	3.00208274e+02
219             	3.00208577e+02
220             	3.00208898e+02
221             	3.00209316e+02
222             	3.00209691e+02
223             	3.00209992e+02
224             	3.00210431e+02
225             	3.00210842e+02
226             	3.00211285e+02
227             	3.00211726e+02
228             	3.00212192e+02
229             	3.00212690e+02
230             	3.00213159e+02
231             	3.00213543e+02
232             	3.00214007e+02
233             	3.00214415e+02
234             	3.00214759e+02
235             	3.00215120e+02
236             	3.00215412e+02
237             	3.00215731e+02
238             	3.00216018e+02
239             	3.00216343e+02
240             	3.00216620e+02
241             	3.00216933e+02
242             	3.00217213e+02
243             	3.00217520e+02
244             	3.00217780e+02
245             	3.00218142e+02
246             	3.00218487e+02
247             	3.00218863e+02
248             	3.00219166e+02
249             	3.00219520e+02
250             	3.00219782e+02
251             	3.00220100e+02
252             	3.00220405e+02
253             	3.00220754e+02
254             	3.00221074e+02
255             	3.00221383e+02
256             	3.00221681e+02
257             	3.00222080e+02
258             	3.00222446e+02
259             	3.00222795e+02
260             	3.00223110e+02
261             	3.00223473e+02
262             	3.00223764e+02
263             	3.00224093e+02
264             	3.00224300e+02
265             	3.00224545e+02
266             	3.00224787e+02
267             	3.00224997e+02
268             	3.00225263e+02
269             	3.00225654e+02
270             	3.00226014e+02
271             	3.00226353e+02
272             	3.00226631e+02
273             	3.00226941e+02
274             	3.00227175e+02
275             	3.00227455e+02
276             	3.00227707e+02
277             	3.00227896e+02
278             	3.00228061e+02
279             	3.00228233e+02
280             	3.00228487e+02
281             	3.00228765e+02
282             	3.00228988e+02
283             	3.00229208e+02
284             	3.00229382e+02
285             	3.00229618e+02
286             	3.00229853e+02
287             	3.00230098e+02
288             	3.00230351e+02
289             	3.00230502e+02
290             	3.00230655e+02
291             	3.00230858e+02
292             	3.00230996e+02
293             	3.00231091e+02
294             	3.00231238e+02
295             	3.00231493e+02
296             	3.00231692e+02
297             	3.00231899e+02
298             	3.00232087e+02
299             	3.00232333e+02
300             	3.00232560e+02
301             	3.00232858e+02
302             	3.00233022e+02
303             	3.00233198e+02
304             	3.00233407e+02
305             	3.00233541e+02
306             	3.00233694e+02
307             	3.00233764e+02
308             	3.00233912e+02
309             	3.00234145e+02
310             	3.00234406e+02
311             	3.00234610e+02
312             	3.00234835e+02
313             	3.00235064e+02
314             	3.00235242e+02
315             	3.00235341e+02
316             	3.00235412e+02
317             	3.00235524e+02
318             	3.00235554e+02
319             	3.00235656e+02
320             	3.00235818e+02
321             	3.00236030e+02
322             	3.00236187e+02
323             	3.00236396e+02
324             	3.00236563e+02
325             	3.00236722e+02
326             	3.00236853e+02
327             	3.00236942e+02
328             	3.00237091e+02
329             	3.00237230e+02
330             	3.00237368e+02
331             	3.00237396e+02
332             	3.00237454e+02
333             	3.00237450e+02
334             	3.00237477e+02
335             	3.00237621e+02
336             	3.00237782e+02
337             	3.00237842e+02
338             	3.00237950e+02
339             	3.00238072e+02
340             	3.00238321e+02
341             	3.00238555e+02
342             	3.00238542e+02
343             	3.00238622e+02
344             	3.00238689e+02
345             	3.00238756e+02
346             	3.00238767e+02
347             	3.00238816e+02
348             	3.00238980e+02
349             	3.00239157e+02
350             	3.00239260e+02
351             	3.00239378e+02
352             	3.00239507e+02
353             	3.00239696e+02
354             	3.00239873e+02
355             	3.00239870e+02
356             	3.00239913e+02
357             	3.00239927e+02
358             	3.00239860e+02
359             	3.00239878e+02
360             	3.00240004e+02
361             	3.00240173e+02
362             	3.00240274e+02
363             	3.00240426e+02
364             	3.00240604e+02
365             	3.00240811e+02
366             	3.00241126e+02
367             	3.00241226e+02
368             	3.00241097e+02
369             	3.00240954e+02
370             	3.00240872e+02
371             	3.00240843e+02
372             	3.00240858e+02
373             	3.00241024e+02
374             	3.00241224e+02
375             	3.00241502e+02
376             	3.00241921e+02
377             	3.00242135e+02
378             	3.00242571e+02
379             	3.00242396e+02
380             	3.00242276e+02
381             	3.00242238e+02
382             	3.00242109e+02
383             	3.00242078e+02
384             	3.00242082e+02
385             	3.00242162e+02
386             	3.00242266e+02
387             	3.00242411e+02
388             	3.00242771e+02
389             	3.00242862e+02
390             	3.00243186e+02
391             	3.00243425e+02
392             	3.00243222e+02
393             	3.00243120e+02
394             	3.00243060e+02
395             	3.00242936e+02
396             	3.00242835e+02
397             	3.00242782e+02
398             	3.00242677e+02
399             	3.00242780e+02
400             	3.00242924e+02
401             	3.00242913e+02
402             	3.00242987e+02
403             	3.00243082e+02
404             	3.00243354e+02
405             	3.00243314e+02
406             	3.00243295e+02
407             	3.00243395e+02
408             	3.00243521e+02
409             	3.00243508e+02
410             	3.00243458e+02
411             	3.00243368e+02
412             	3.00243429e+02
413             	3.00243496e+02
414             	3.00243432e+02
415             	3.00243422e+02
416             	3.00243565e+02
417             	3.00243687e+02
418             	3.00243814e+02
419             	3.00243984e+02
420             	3.00244177e+02
421             	3.00244120e+02
422             	3.00244052e+02
423             	3.00244049e+02
424             	3.00244006e+02
425             	3.00243945e+02
426             	3.00243916e+02
427             	3.00243944e+02
428             	3.00243981e+02
429             	3.00243999e+02
430             	3.00244046e+02
431             	3.00244066e+02
432             	3.00244159e+02
433             	3.00244256e+02
434             	3.00244356e+02
435             	3.00244463e+02
436             	3.00244532e+02
437             	3.00244570e+02
438             	3.00244525e+02
439             	3.00244532e+02
440             	3.00244498e+02
441             	3.00244435e+02
442             	3.00244403e+02
443             	3.00244431e+02
444             	3.00244379e+02
445             	3.00244404e+02
446             	3.00244312e+02
447             	3.00244359e+02
448             	3.00244400e+02
449             	3.00244520e+02
450             	3.00244567e+02
451             	3.00244644e+02
452             	3.00244705e+02
453             	3.00244833e+02
454             	3.00244915e+02
455             	3.00245029e+02
456             	3.00245069e+02
457             	3.00245145e+02
458             	3.00245165e+02
459             	3.00245217e+02
460             	3.00245207e+02
461             	3.00245228e+02
462             	3.00245196e+02
463             	3.00245186e+02
464             	3.00245123e+02
465             	3.00245107e+02
466             	3.00245061e+02
467             	3.00245072e+02
468             	3.00245030e+02
469             	3.00245030e+02
470             	3.00245003e+02
471             	3.00245019e+02
472             	3.00244968e+02
473             	3.00244992e+02
474             	3.00244980e+02
475             	3.00245010e+02
476             	3.00245002e+02
477             	3.00245041e+02
478             	3.00245054e+02
479             	3.00245134e+02
480             	3.00245123e+02
481             	3.00245167e+02
482             	3.00245170e+02
483             	3.00245207e+02
484             	3.00245207e+02
485             	3.00245241e+02
486             	3.00245234e+02
487             	3.00245264e+02
488             	3.00245256e+02
489             	3.00245287e+02
490             	3.00245279e+02
491             	3.00245306e+02
492             	3.00245285e+02
493             	3.00245300e+02
494             	3.00245270e+02
495             	3.00245280e+02
496             	3.00245233e+02
497             	3.00245276e+02
498             	3.00245270e+02
499             	3.00245298e+02
500             	3.00245281e+02
501             	3.00245320e+02
502             	3.00245334e+02
503             	3.00245399e+02
504             	3.00245418e+02
505             	3.00245481e+02
506             	3.00245498e+02
507             	3.00245534e+02
508             	3.00245518e+02
509             	3.00245540e+02
510             	3.00245519e+02
511             	3.00245535e+02
512             	3.00245513e+02
513             	3.00245525e+02
514             	3.00245504e+02
515             	3.00245543e+02
516             	3.00245543e+02
517             	3.00245589e+02
518             	3.00245598e+02
519             	3.00245658e+02
520             	3.00245680e+02
521             	3.00245748e+02
522             	3.00245780e+02
523             	3.00245842e+02
524             	3.00245854e+02
525             	3.00245894e+02
526             	3.00245815e+02
527             	3.00245840e+02
528             	3.00245807e+02
529             	3.00245805e+02
530             	3.00245782e+02
531             	3.00245813e+02
532             	3.00245780e+02
533             	3.00245812e+02
534             	3.00245792e+02
535             	3.00245814e+02
536             	3.00245765e+02
537             	3.00245781e+02
538             	3.00245738e+02
539             	3.00245717e+02
540             	3.00245681e+02
541             	3.00245696e+02
542             	3.00245665e+02
543             	3.00245685e+02
544             	3.00245682e+02
545             	3.00245728e+02
546             	3.00245732e+02
547             	3.00245782e+02
548             	3.00245789e+02
549             	3.00245855e+02
550             	3.00245835e+02
551             	3.00245880e+02
552             	3.00245882e+02
553             	3.00245921e+02
554             	3.00245919e+02
555             	3.00245962e+02
556             	3.00245961e+02
557             	3.00246011e+02
558             	3.00245993e+02
559             	3.00246046e+02
560             	3.00246042e+02
561             	3.00246062e+02
562             	3.00245985e+02
563             	3.00246011e+02
564             	3.00245996e+02
565             	3.00246028e+02
566             	3.00246032e+02
567             	3.00246092e+02
568             	3.00246101e+02
569             	3.00246157e+02
570             	3.00246169e+02
571             	3.00246217e+02
572             	3.00246217e+02
573             	3.00246252e+02
574             	3.00246236e+02
575             	3.00246262e+02
576             	3.00246252e+02
577             	3.00246284e+02
578             	3.00246274e+02
579             	3.00246319e+02
580             	3.00246332e+02
581             	3.00246392e+02
582             	3.00246404e+02
583             	3.00246452e+02
584             	3.00246455e+02
585             	3.00246495e+02
586             	3.00246504e+02
587             	3.00246540e+02
588             	3.00246519e+02
589             	3.00246544e+02
590             	3.00246527e+02
591             	3.00246563e+02
592             	3.00246546e+02
593             	3.00246604e+02
594             	3.00246615e+02
595             	3.00246667e+02
596             	3.00246668e+02
597             	3.00246700e+02
598             	3.00246686e+02
599             	3.00246689e+02
600             	3.00246674e+02
601             	3.00246687e+02
602             	3.00246663e+02
603             	3.00246667e+02
604             	3.00246646e+02
605             	3.00246670e+02
606             	3.00246655e+02
607             	3.00246674e+02
608             	3.00246648e+02
609             	3.00246654e+02
610             	3.00246614e+02
611             	3.00246610e+02
612             	3.00246566e+02
613             	3.00246573e+02
614             	3.00246539e+02
615             	3.00246558e+02
616             	3.00246539e+02
617             	3.00246587e+02
618             	3.00246592e+02
619             	3.00246651e+02
620             	3.00246671e+02
621             	3.00246734e+02
622             	3.00246770e+02
623             	3.00246850e+02
624             	3.00246861e+02
625             	3.00246920e+02
626             	3.00246923e+02
627             	3.00246960e+02
628             	3.00246941e+02
629             	3.00246968e+02
630             	3.00246949e+02
631             	3.00246974e+02
632             	3.00246959e+02
633             	3.00246973e+02
634             	3.00246942e+02
635             	3.00246961e+02
636             	3.00246944e+02
637             	3.00246969e+02
638             	3.00246938e+02
639             	3.00246943e+02
640             	3.00246902e+02
641             	3.00246909e+02
642             	3.00246904e+02
643             	3.00246951e+02
644             	3.00246954e+02
645             	3.00246983e+02
646             	3.00246989e+02
647             	3.00247026e+02
648             	3.00247039e+02
649             	3.00247140e+02
650             	3.00247177e+02
651             	3.00247256e+02
652             	3.00247260e+02
653             	3.00247313e+02
654             	3.00247299e+02
655             	3.00247313e+02
656             	3.00247277e+02
657             	3.00247287e+02
658             	3.00247236e+02
659             	3.00247228e+02
660             	3.00247182e+02
661             	3.00247186e+02
662             	3.00247158e+02
663             	3.00247181e+02
664             	3.00247198e+02
665             	3.00247250e+02
666             	3.00247259e+02
667             	3.00247244e+02
668             	3.00247264e+02
669             	3.00247304e+02
670             	3.00247297e+02
671             	3.00247326e+02
672             	3.00247320e+02
673             	3.00247353e+02
674             	3.00247339e+02
675             	3.00247380e+02
676             	3.00247336e+02
677             	3.00247336e+02
678             	3.00247300e+02
679             	3.00247297e+02
680             	3.00247249e+02
681             	3.00247256e+02
682             	3.00247247e+02
683             	3.00247302e+02
684             	3.00247319e+02
685             	3.00247388e+02
686             	3.00247416e+02
687             	3.00247491e+02
688             	3.00247480e+02
689             	3.00247509e+02
690             	3.00247496e+02
691             	3.00247541e+02
692             	3.00247554e+02
693             	3.00247529e+02
694             	3.00247566e+02
695             	3.00247635e+02
696             	3.00247653e+02
697             	3.00247707e+02
698             	3.00247695e+02
699             	3.00247721e+02
700             	3.00247694e+02
701             	3.00247723e+02
702             	3.00247704e+02
703             	3.00247720e+02
704             	3.00247690e+02
705             	3.00247729e+02
706             	3.00247752e+02
707             	3.00247813e+02
708             	3.00247833e+02
709             	3.00247888e+02
710             	3.00247888e+02
711             	3.00247911e+02
712             	3.00247871e+02
713             	3.00247876e+02
714             	3.00247883e+02
715             	3.00247939e+02
716             	3.00247906e+02
717             	3.00247936e+02
718             	3.00247970e+02
719             	3.00248028e+02
720             	3.00248052e+02
721             	3.00248110e+02
722             	3.00248115e+02
723             	3.00248161e+02
724             	3.00248208e+02
725             	3.00248251e+02
726             	3.00248260e+02
727             	3.00248290e+02
728             	3.00248277e+02
729             	3.00248168e+02
730             	3.00248199e+02
731             	3.00248256e+02
732             	3.00248264e+02
733             	3.00248306e+02
734             	3.00248322e+02
735             	3.00248362e+02
736             	3.00248366e+02
737             	3.00248413e+02
738             	3.00248469e+02
739             	3.00248504e+02
740             	3.00248540e+02
741             	3.00248625e+02
742             	3.00248670e+02
743             	3.00248735e+02
744             	3.00248753e+02
745             	3.00248791e+02
746             	3.00248767e+02
747             	3.00248773e+02
748             	3.00248734e+02
749             	3.00248748e+02
750             	3.00248730e+02
751             	3.00248763e+02
752             	3.00248767e+02
753             	3.00248836e+02
754             	3.00248821e+02
755             	3.00248853e+02
756             	3.00248849e+02
757             	3.00248890e+02
758             	3.00248887e+02
759             	3.00248924e+02
760             	3.00248922e+02
761             	3.00248953e+02
762             	3.00248917e+02
763             	3.00248937e+02
764             	3.00248900e+02
765             	3.00248912e+02
766             	3.00248906e+02
767             	3.00248907e+02
768             	3.00248879e+02
769             	3.00248905e+02
770             	3.00248907e+02
771             	3.00248920e+02
772             	3.00248894e+02
773             	3.00248889e+02
774             	3.00248836e+02
775             	3.00248853e+02
776             	3.00248817e+02
777             	3.00248825e+02
778             	3.00248785e+02
779             	3.00248779e+02
780             	3.00248722e+02
781             	3.00248707e+02
782             	3.00248645e+02
783             	3.00248621e+02
784             	3.00248593e+02
785             	3.00248583e+02
786             	3.00248550e+02
787             	3.00248572e+02
788             	3.00248572e+02
789             	3.00248623e+02
790             	3.00248629e+02
791             	3.00248700e+02
792             	3.00248718e+02
793             	3.00248758e+02
794             	3.00248755e+02
795             	3.00248798e+02
796             	3.00248809e+02
797             	3.00248852e+02
798             	3.00248858e+02
799             	3.00248907e+02
800             	3.00248907e+02
801             	3.00248906e+02
802             	3.00248904e+02
803             	3.00248932e+02
804             	3.00248909e+02
805             	3.00248922e+02
806             	3.00248882e+02
807             	3.00248873e+02
808             	3.00248812e+02
809             	3.00248812e+02
810             	3.00248759e+02
811             	3.00248753e+02
812             	3.00248711e+02
813             	3.00248722e+02
814             	3.00248693e+02
815             	3.00248707e+02
816             	3.00248679e+02
817             	3.00248696e+02
818             	3.00248670e+02
819             	3.00248688e+02
820             	3.00248662e+02
821             	3.00248681e+02
822             	3.00248664e+02
823             	3.00248686e+02
824             	3.00248674e+02
825             	3.00248709e+02
826             	3.00248726e+02
827             	3.00248760e+02
828             	3.00248755e+02
829             	3.00248794e+02
830             	3.00248781e+02
831             	3.00248810e+02
832             	3.00248800e+02
833             	3.00248821e+02
834             	3.00248786e+02
835             	3.00248784e+02
836             	3.00248761e+02
837             	3.00248772e+02
838             	3.00248719e+02
839             	3.00248689e+02
840             	3.00248622e+02
841             	3.00248597e+02
842             	3.00248494e+02
843             	3.00248489e+02
844             	3.00248443e+02
845             	3.00248441e+02
846             	3.00248409e+02
847             	3.00248423e+02
848             	3.00248368e+02
849             	3.00248364e+02
850             	3.00248319e+02
851             	3.00248289e+02
852             	3.00248237e+02
853             	3.00248234e+02
854             	3.00248209e+02
855             	3.00248219e+02
856             	3.00248215e+02
857             	3.00248266e+02
858             	3.00248266e+02
859             	3.00248319e+02
860             	3.00248324e+02
861             	3.00248372e+02
862             	3.00248391e+02
863             	3.00248405e+02
864             	3.00248377e+02
865             	3.00248386e+02
866             	3.00248346e+02
867             	3.00248347e+02
868             	3.00248324e+02
869             	3.00248359e+02
870             	3.00248348e+02
871             	3.00248380e+02
872             	3.00248365e+02
873             	3.00248384e+02
874             	3.00248357e+02
875             	3.00248362e+02
876             	3.00248330e+02
877             	3.00248336e+02
878             	3.00248289e+02
879             	3.00248283e+02
880             	3.00248224e+02
881             	3.00248195e+02
882             	3.00248155e+02
883             	3.00248148e+02
884             	3.00248110e+02
885             	3.00248110e+02
886             	3.00248087e+02
887             	3.00248106e+02
888             	3.00248099e+02
889             	3.00248126e+02
890             	3.00248120e+02
891             	3.00248150e+02
892             	3.00248162e+02
893             	3.00248221e+02
894             	3.00248237e+02
895             	3.00248281e+02
896             	3.00248297e+02
897             	3.00248350e+02
898             	3.00248366e+02
899             	3.00248415e+02
900             	3.00248449e+02
901             	3.00248519e+02
902             	3.00248516e+02
903             	3.00248577e+02
904             	3.00248591e+02
905             	3.00248606e+02
906             	3.00248586e+02
907             	3.00248612e+02
908             	3.00248606e+02
909             	3.00248642e+02
910             	3.00248616e+02
911             	3.00248633e+02
912             	3.00248596e+02
913             	3.00248609e+02
914             	3.00248575e+02
915             	3.00248571e+02
916             	3.00248519e+02
917             	3.00248485e+02
918             	3.00248429e+02
919             	3.00248407e+02
920             	3.00248320e+02
921             	3.00248327e+02
922             	3.00248306e+02
923             	3.00248324e+02
924             	3.00248315e+02
925             	3.00248359e+02
926             	3.00248387e+02
927             	3.00248444e+02
928             	3.00248509e+02
929             	3.00248580e+02
930             	3.00248570e+02
931             	3.00248570e+02
932             	3.00248555e+02
933             	3.00248586e+02
934             	3.00248606e+02
935             	3.00248545e+02
936             	3.00248616e+02
937             	3.00248698e+02
938             	3.00248708e+02
939             	3.00248758e+02
940             	3.00248727e+02
941             	3.00248701e+02
942             	3.00248633e+02
943             	3.00248622e+02
944             	3.00248626e+02
945             	3.00248634e+02
946             	3.00248626e+02
947             	3.00248665e+02
948             	3.00248710e+02
949             	3.00248783e+02
950             	3.00248815e+02
951             	3.00248872e+02
952             	3.00248857e+02
953             	3.00248846e+02
954             	3.00248756e+02
955             	3.00248739e+02
956             	3.00248675e+02
957             	3.00248697e+02
958             	3.00248650e+02
959             	3.00248709e+02
960             	3.00248699e+02
961             	3.00248719e+02
962             	3.00248724e+02
963             	3.00248766e+02
964             	3.00248767e+02
965             	3.00248806e+02
966             	3.00248828e+02
967             	3.00248882e+02
968             	3.00248890e+02
969             	3.00248934e+02
970             	3.00248914e+02
971             	3.00248967e+02
972             	3.00248972e+02
973             	3.00249032e+02
974             	3.00249046e+02
975             	3.00249080e+02
976             	3.00249066e+02
977             	3.00249049e+02
978             	3.00249015e+02
979             	3.00249014e+02
980             	3.00248986e+02
981             	3.00249012e+02
982             	3.00249008e+02
983             	3.00249052e+02
984             	3.00249071e+02
985             	3.00249132e+02
986             	3.00249128e+02
987             	3.00249150e+02
988             	3.00249114e+02
989             	3.00249091e+02
990             	3.00248973e+02
991             	3.00248967e+02
992             	3.00248898e+02
993             	3.00248882e+02
994             	3.00248849e+02
995             	3.00248871e+02
996             	3.00248854e+02
997             	3.00248878e+02
998             	3.00248870e+02
999             	3.00248900e+02
1000            	3.00248889e+02
1001            	3.00248911e+02
1002            	3.00248879e+02
1003            	3.00248901e+02
1004            	3.00248878e+02
1005            	3.00248886e+02
1006            	3.00248850e+02
1007            	3.00248873e+02
1008            	3.00248872e+02
1009            	3.00248915e+02
1010            	3.00248924e+02
1011            	3.00248978e+02
1012            	3.00248990e+02
1013            	3.00249042e+02
1014            	3.00249042e+02
1015            	3.00249082e+02
1016            	3.00249062e+02
1017            	3.00249097e+02
1018            	3.00249075e+02
1019            	3.00249078e+02
1020            	3.00249031e+02
1021            	3.00249040e+02
1022            	3.00248977e+02
1023            	3.00248968e+02
1024            	3.00248930e+02
1025            	3.00248920e+02
1026            	3.00248877e+02
1027            	3.00248885e+02
1028            	3.00248904e+02
1029            	3.00248942e+02
1030            	3.00248952e+02
1031            	3.00249019e+02
1032            	3.00249061e+02
1033            	3.00249161e+02
1034            	3.00249208e+02
1035            	3.00249290e+02
1036            	3.00249313e+02
1037            	3.00249366e+02
1038            	3.00249363e+02
1039            	3.00249394e+02
1040            	3.00249373e+02
1041            	3.00249400e+02
1042            	3.00249368e+02
1043            	3.00249399e+02
1044            	3.00249382e+02
1045            	3.00249406e+02
1046            	3.00249368e+02
1047            	3.00249411e+02
1048            	3.00249423e+02
1049            	3.00249459e+02
1050            	3.00249438e+02
1051            	3.00249440e+02
1052            	3.00249380e+02
1053            	3.00249356e+02
1054            	3.00249297e+02
1055            	3.00249301e+02
1056            	3.00249267e+02
1057            	3.00249287e+02
1058            	3.00249271e+02
1059            	3.00249302e+02
1060            	3.00249302e+02
1061            	3.00249344e+02
1062            	3.00249345e+02
1063            	3.00249369e+02
1064            	3.00249395e+02
1065            	3.00249458e+02
1066            	3.00249489e+02
1067            	3.00249581e+02
1068            	3.00249651e+02
1069            	3.00249769e+02
1070            	3.00249850e+02
1071            	3.00249952e+02
1072            	3.00249981e+02
1073            	3.00250021e+02
1074            	3.00250015e+02
1075            	3.00250004e+02
1076            	3.00249944e+02
1077            	3.00249909e+02
1078            	3.00249806e+02
1079            	3.00249767e+02
1080            	3.00249795e+02
1081            	3.00249854e+02
1082            	3.00249871e+02
1083            	3.00249929e+02
1084            	3.00249969e+02
1085            	3.00250040e+02
1086            	3.00250062e+02
1087            	3.00250115e+02
1088            	3.00250107e+02
1089            	3.00250138e+02
1090            	3.00250132e+02
1091            	3.00250157e+02
1092            	3.00250130e+02
1093            	3.00250136e+02
1094            	3.00250062e+02
1095            	3.00250034e+02
1096            	3.00249958e+02
1097            	3.00249928e+02
1098            	3.00249885e+02
1099            	3.00249911e+02
1100            	3.00249900e+02
1101            	3.00249925e+02
1102            	3.00249915e+02
1103            	3.00249956e+02
1104            	3.00249964e+02
1105            	3.00249997e+02
1106            	3.00250018e+02
1107            	3.00250049e+02
1108            	3.00250043e+02
1109            	3.00250090e+02
1110            	3.00250111e+02
1111            	3.00250179e+02
1112            	3.00250210e+02
1113            	3.00250321e+02
1114            	3.00250308e+02
1115            	3.00250358e+02
1116            	3.00250370e+02
1117            	3.00250407e+02
1118            	3.00250338e+02
1119            	3.00250386e+02
1120            	3.00250336e+02
1121            	3.00250309e+02
1122            	3.00250242e+02
1123            	3.00250240e+02
1124            	3.00250193e+02
1125            	3.00250180e+02
1126            	3.00250150e+02
1127            	3.00250160e+02
1128            	3.00250139e+02
1129            	3.00250161e+02
1130            	3.00250152e+02
1131            	3.00250185e+02
1132            	3.00250185e+02
1133            	3.00250234e+02
1134            	3.00250257e+02
1135            	3.00250329e+02
1136            	3.00250314e+02
1137            	3.00250361e+02
1138            	3.00250373e+02
1139            	3.00250433e+02
1140            	3.00250446e+02
1141            	3.00250495e+02
1142            	3.00250506e+02
1143            	3.00250557e+02
1144            	3.00250549e+02
1145            	3.00250567e+02
1146            	3.00250535e+02
1147            	3.00250528e+02
1148            	3.00250500e+02
1149            	3.00250514e+02
1150            	3.00250474e+02
1151            	3.00250481e+02
1152            	3.00250445e+02
1153            	3.00250444e+02
1154            	3.00250421e+02
1155            	3.00250441e+02
1156            	3.00250408e+02
1157            	3.00250417e+02
1158            	3.00250385e+02
1159            	3.00250392e+02
1160            	3.00250349e+02
1161            	3.00250341e+02
1162            	3.00250287e+02
1163            	3.00250247e+02
1164            	3.00250237e+02
1165            	3.00250242e+02
1166            	3.00250216e+02
1167            	3.00250228e+02
1168            	3.00250200e+02
1169            	3.00250219e+02
1170            	3.00250196e+02
1171            	3.00250209e+02
1172            	3.00250275e+02
1173            	3.00250252e+02
1174            	3.00250214e+02
1175            	3.00250244e+02
1176            	3.00250240e+02
1177            	3.00250292e+02
1178            	3.00250295e+02
1179            	3.00250345e+02
1180            	3.00250345e+02
1181            	3.00250264e+02
1182            	3.00250278e+02
1183            	3.00250290e+02
1184            	3.00250228e+02
1185            	3.00250207e+02
1186            	3.00250172e+02
1187            	3.00250154e+02
1188            	3.00250140e+02
1189            	3.00250178e+02
1190            	3.00250196e+02
1191            	3.00250264e+02
1192            	3.00250286e+02
1193            	3.00250349e+02
1194            	3.00250366e+02
1195            	3.00250414e+02
1196            	3.00250404e+02
1197            	3.00250423e+02
1198            	3.00250374e+02
1199            	3.00250383e+02
1200            	3.00250346e+02
1201            	3.00250369e+02
1202            	3.00250360e+02
1203            	3.00250410e+02
1204            	3.00250391e+02
1205            	3.00250439e+02
1206            	3.00250441e+02
1207            	3.00250480e+02
1208            	3.00250480e+02
1209            	3.00250529e+02
1210            	3.00250543e+02
1211            	3.00250596e+02
1212            	3.00250605e+02
1213            	3.00250645e+02
1214            	3.00250645e+02
1215            	3.00250659e+02
1216            	3.00250636e+02
1217            	3.00250672e+02
1218            	3.00250661e+02
1219            	3.00250699e+02
1220            	3.00250682e+02
1221            	3.00250723e+02
1222            	3.00250728e+02
1223            	3.00250769e+02
1224            	3.00250752e+02
1225            	3.00250748e+02
1226            	3.00250685e+02
1227            	3.00250730e+02
1228            	3.00250710e+02
1229            	3.00250755e+02
1230            	3.00250734e+02
1231            	3.00250734e+02
1232            	3.00250689e+02
1233            	3.00250673e+02
1234            	3.00250643e+02
1235            	3.00250610e+02
1236            	3.00250534e+02
1237            	3.00250500e+02
1238            	3.00250435e+02
1239            	3.00250434e+02
1240            	3.00250411e+02
1241            	3.00250449e+02
1242            	3.00250451e+02
1243            	3.00250500e+02
1244            	3.00250505e+02
1245            	3.00250549e+02
1246            	3.00250548e+02
1247            	3.00250592e+02
1248            	3.00250602e+02
1249            	3.00250645e+02
1250            	3.00250624e+02
1251            	3.00250636e+02
1252            	3.00250593e+02
1253            	3.00250601e+02
1254            	3.00250553e+02
1255            	3.00250548e+02
1256            	3.00250510e+02
1257            	3.00250509e+02
1258            	3.00250481e+02
1259            	3.00250494e+02
1260            	3.00250468e+02
1261            	3.00250478e+02
1262            	3.00250432e+02
1263            	3.00250400e+02
1264            	3.00250335e+02
1265            	3.00250324e+02
1266            	3.00250278e+02
1267            	3.00250280e+02
1268            	3.00250247e+02
1269            	3.00250262e+02
1270            	3.00250241e+02
1271            	3.00250259e+02
1272            	3.00250247e+02
1273            	3.00250281e+02
1274            	3.00250307e+02
1275            	3.00250348e+02
1276            	3.00250367e+02
1277            	3.00250412e+02
1278            	3.00250420e+02
1279            	3.00250459e+02
1280            	3.00250447e+02
1281            	3.00250474e+02
1282            	3.00250451e+02
1283            	3.00250472e+02
1284            	3.00250445e+02
1285            	3.00250459e+02
1286            	3.00250405e+02
1287            	3.00250421e+02
1288            	3.00250392e+02
1289            	3.00250399e+02
1290            	3.00250369e+02
1291            	3.00250384e+02
1292            	3.00250370e+02
1293            	3.00250404e+02
1294            	3.00250397e+02
1295            	3.00250437e+02
1296            	3.00250350e+02
1297            	3.00250396e+02
1298            	3.00250381e+02
1299            	3.00250382e+02
1300            	3.00250325e+02
1301            	3.00250276e+02
1302            	3.00250226e+02
1303            	3.00250228e+02
1304            	3.00250205e+02
1305            	3.00250217e+02
1306            	3.00250202e+02
1307            	3.00250242e+02
1308            	3.00250268e+02
1309            	3.00250367e+02
1310            	3.00250425e+02
1311            	3.00250480e+02
1312            	3.00250491e+02
1313            	3.00250541e+02
1314            	3.00250465e+02
1315            	3.00250491e+02
1316            	3.00250432e+02
1317            	3.00250396e+02
1318            	3.00250329e+02
1319            	3.00250285e+02
1320            	3.00250199e+02
1321            	3.00250184e+02
1322            	3.00250112e+02
1323            	3.00250099e+02
1324            	3.00250050e+02
1325            	3.00250032e+02
1326            	3.00249958e+02
1327            	3.00249970e+02
1328            	3.00249940e+02
1329            	3.00249915e+02
1330            	3.00249855e+02
1331            	3.00249856e+02
1332            	3.00249822e+02
1333            	3.00249852e+02
1334            	3.00249813e+02
1335            	3.00249802e+02
1336            	3.00249765e+02
1337            	3.00249772e+02
1338            	3.00249744e+02
1339            	3.00249751e+02
1340            	3.00249722e+02
1341            	3.00249730e+02
1342            	3.00249691e+02
1343            	3.00249700e+02
1344            	3.00249664e+02
1345            	3.00249682e+02
1346            	3.00249659e+02
1347            	3.00249682e+02
1348            	3.00249666e+02
1349            	3.00249702e+02
1350            	3.00249699e+02
1351            	3.00249736e+02
1352            	3.00249725e+02
1353            	3.00249755e+02
1354            	3.00249741e+02
1355            	3.00249767e+02
1356            	3.00249778e+02
1357            	3.00249834e+02
1358            	3.00249849e+02
1359            	3.00249897e+02
1360            	3.00249913e+02
1361            	3.00249974e+02
1362            	3.00249989e+02
1363            	3.00249938e+02
1364            	3.00249959e+02
1365            	3.00249990e+02
1366            	3.00249956e+02
1367            	3.00249953e+02
1368            	3.00249904e+02
1369            	3.00249887e+02
1370            	3.00249828e+02
1371            	3.00249799e+02
1372            	3.00249724e+02
1373            	3.00249694e+02
1374            	3.00249651e+02
1375            	3.00249673e+02
1376            	3.00249629e+02
1377            	3.00249615e+02
1378            	3.00249567e+02
1379            	3.00249519e+02
1380            	3.00249496e+02
1381            	3.00249446e+02
1382            	3.00249400e+02
1383            	3.00249416e+02
1384            	3.00249411e+02
1385            	3.00249419e+02
1386            	3.00249446e+02
1387            	3.00249450e+02
1388            	3.00249436e+02
1389            	3.00249424e+02
1390            	3.00249450e+02
1391            	3.00249463e+02
1392            	3.00249456e+02
1393            	3.00249450e+02
1394            	3.00249442e+02
1395            	3.00249410e+02
1396            	3.00249396e+02
1397            	3.00249384e+02
1398            	3.00249370e+02
1399            	3.00249362e+02
1400            	3.00249357e+02
1401            	3.00249355e+02
1402            	3.00249346e+02
1403            	3.00249337e+02
1404            	3.00249327e+02
1405            	3.00249315e+02
1406            	3.00249289e+02
1407            	3.00249256e+02
1408            	3.00249253e+02
1409            	3.00249259e+02
1410            	3.00249260e+02
1411            	3.00249248e+02
1412            	3.00249186e+02
1413            	3.00249268e+02
1414            	3.00249274e+02
1415            	3.00249311e+02
1416            	3.00249312e+02
1417            	3.00249314e+02
1418            	3.00249308e+02
1419            	3.00249302e+02
1420            	3.00249305e+02
1421            	3.00249496e+02
1422            	3.00249456e+02
1423            	3.00249462e+02
1424            	3.00249453e+02
1425            	3.00249451e+02
1426            	3.00249493e+02
1427            	3.00249510e+02
1428            	3.00249519e+02
1429            	3.00249548e+02
1430            	3.00249511e+02
1431            	3.00249474e+02
1432            	3.00249410e+02
1433            	3.00249313e+02
1434            	3.00249200e+02
1435            	3.00249106e+02
1436            	3.00248991e+02
1437            	3.00248878e+02
1438            	3.00248770e+02
1439            	3.00248650e+02
1440            	3.00248563e+02
1441            	3.00248519e+02
1442            	3.00248495e+02
1443            	3.00248430e+02
1444            	3.00248406e+02
1445            	3.00248420e+02
1446            	3.00248453e+02
1447            	3.00248451e+02
1448            	3.00248496e+02
1449            	3.00248547e+02
1450            	3.00248612e+02
1451            	3.00248674e+02
1452            	3.00248705e+02
1453            	3.00248765e+02
1454            	3.00248777e+02
1455            	3.00248808e+02
1456            	3.00248902e+02
1457            	3.00248959e+02
1458            	3.00248996e+02
1459            	3.00249050e+02
1460            	3.00249124e+02
1461            	3.00249207e+02
1462            	3.00249226e+02
1463            	3.00249248e+02
1464            	3.00249283e+02
1465            	3.00249317e+02
1466            	3.00249335e+02
1467            	3.00249292e+02
1468            	3.00249210e+02
1469            	3.00249109e+02
1470            	3.00248988e+02
1471            	3.00248850e+02
1472            	3.00248677e+02
1473            	3.00248522e+02
1474            	3.00248436e+02
1475            	3.00248342e+02
1476            	3.00248278e+02
1477            	3.00248226e+02
1478            	3.00248206e+02
1479            	3.00248193e+02
1480            	3.00248168e+02
1481            	3.00248167e+02
1482            	3.00248174e+02
1483            	3.00248192e+02
1484            	3.00248214e+02
1485            	3.00248255e+02
1486            	3.00248479e+02
1487            	3.00248446e+02
1488            	3.00248499e+02
1489            	3.00248574e+02
1490            	3.00248634e+02
1491            	3.00248691e+02
1492            	3.00248738e+02
1493            	3.00248731e+02
1494            	3.00248822e+02
1495            	3.00248922e+02
1496            	3.00249014e+02
1497            	3.00249075e+02
1498            	3.00249178e+02
1499            	3.00249214e+02
1500            	3.00249281e+02
1501            	3.00249342e+02
1502            	3.00249384e+02
1503            	3.00249263e+02
1504            	3.00249223e+02
1505            	3.00249137e+02
1506            	3.00248979e+02
1507            	3.00248799e+02
1508            	3.00248586e+02
1509            	3.00248445e+02
1510            	3.00248330e+02
1511            	3.00248509e+02
1512            	3.00248395e+02
1513            	3.00248276e+02
1514            	3.00248301e+02
1515            	3.00248406e+02
1516            	3.00248290e+02
1517            	3.00248198e+02
1518            	3.00248198e+02
1519            	3.00248158e+02
1520            	3.00248176e+02
1521            	3.00248176e+02
1522            	3.00248215e+02
1523            	3.00248216e+02
1524            	3.00248131e+02
1525            	3.00248057e+02
1526            	3.00248036e+02
1527            	3.00248070e+02
1528            	3.00248025e+02
1529            	3.00248000e+02
1530            	3.00247998e+02
1531            	3.00247941e+02
1532            	3.00247946e+02
1533            	3.00247983e+02
1534            	3.00248248e+02
1535            	3.00248070e+02
1536            	3.00247929e+02
1537            	3.00247884e+02
1538            	3.00247833e+02
1539            	3.00247836e+02
1540            	3.00247730e+02
1541            	3.00247812e+02
1542            	3.00247894e+02
1543            	3.00247897e+02
1544            	3.00247969e+02
1545            	3.00248002e+02
1546            	3.00248064e+02
1547            	3.00248090e+02
1548            	3.00248029e+02
1549            	3.00248119e+02
1550            	3.00248155e+02
1551            	3.00248078e+02
1552            	3.00248061e+02
1553            	3.00247847e+02
1554            	3.00247784e+02
1555            	3.00247741e+02
1556            	3.00247907e+02
1557            	3.00247835e+02
1558            	3.00247854e+02
1559            	3.00247865e+02
1560            	3.00248005e+02
1561            	3.00248180e+02
1562            	3.00248434e+02
1563            	3.00248377e+02
1564            	3.00248426e+02
1565            	3.00248464e+02
1566            	3.00248580e+02
1567            	3.00248607e+02
1568            	3.00248461e+02
1569            	3.00248519e+02
1570            	3.00248630e+02
1571            	3.00248810e+02
1572            	3.00248870e+02
1573            	3.00248884e+02
1574            	3.00248997e+02
1575            	3.00249050e+02
1576            	3.00248949e+02
1577            	3.00248996e+02
1578            	3.00248957e+02
1579            	3.00249014e+02
1580            	3.00248766e+02
1581            	3.00248670e+02
1582            	3.00248681e+02
1583            	3.00248656e+02
1584            	3.00248596e+02
1585            	3.00248574e+02
1586            	3.00248484e+02
1587            	3.00248604e+02
1588            	3.00248594e+02
1589            	3.00248726e+02
1590            	3.00248735e+02
1591            	3.00248757e+02
1592            	3.00248826e+02
1593            	3.00248860e+02
1594            	3.00248931e+02
1595            	3.00248830e+02
1596            	3.00248890e+02
1597            	3.00248853e+02
1598            	3.00248901e+02
1599            	3.00248934e+02
1600            	3.00248962e+02
1601            	3.00248874e+02
1602            	3.00248930e+02
1603            	3.00248909e+02
1604            	3.00248922e+02
1605            	3.00248904e+02
1606            	3.00248936e+02
1607            	3.00248944e+02
1608            	3.00248984e+02
1609            	3.00248989e+02
1610            	3.00249040e+02
1611            	3.00249057e+02
1612            	3.00249019e+02
1613            	3.00249034e+02
1614            	3.00249075e+02
1615            	3.00249050e+02
1616            	3.00249037e+02
1617            	3.00248982e+02
1618            	3.00248996e+02
1619            	3.00248991e+02
1620            	3.00249023e+02
1621            	3.00249000e+02
1622            	3.00249028e+02
1623            	3.00249003e+02
1624            	3.00248973e+02
1625            	3.00249059e+02
1626            	3.00249147e+02
1627            	3.00249184e+02
1628            	3.00249263e+02
1629            	3.00249263e+02
1630            	3.00249277e+02
1631            	3.00249333e+02
1632            	3.00249302e+02
1633            	3.00249251e+02
1634            	3.00249238e+02
1635            	3.00249257e+02
1636            	3.00249281e+02
1637            	3.00249439e+02
1638            	3.00249485e+02
1639            	3.00249579e+02
1640            	3.00249615e+02
1641            	3.00249686e+02
1642            	3.00249688e+02
1643            	3.00249666e+02
1644            	3.00249551e+02
1645            	3.00249464e+02
1646            	3.00249327e+02
1647            	3.00249263e+02
1648            	3.00249191e+02
1649            	3.00249195e+02
1650            	3.00249213e+02
1651            	3.00249070e+02
1652            	3.00249072e+02
1653            	3.00249118e+02
1654            	3.00249094e+02
1655            	3.00249064e+02
1656            	3.00249037e+02
1657            	3.00248964e+02
1658            	3.00248903e+02
1659            	3.00248961e+02
1660            	3.00248883e+02
1661            	3.00248819e+02
1662            	3.00248744e+02
1663            	3.00248753e+02
1664            	3.00248789e+02
1665            	3.00248754e+02
1666            	3.00248794e+02
1667            	3.00248777e+02
1668            	3.00248854e+02
1669            	3.00248853e+02
1670            	3.00248885e+02
1671            	3.00248877e+02
1672            	3.00248944e+02
1673            	3.00248970e+02
1674            	3.00249028e+02
1675            	3.00248978e+02
1676            	3.00248977e+02
1677            	3.00248940e+02
1678            	3.00248987e+02
1679            	3.00248917e+02
1680            	3.00248885e+02
1681            	3.00248762e+02
1682            	3.00248801e+02
1683            	3.00248824e+02
1684            	3.00248873e+02
1685            	3.00248841e+02
1686            	3.00248829e+02
1687            	3.00248819e+02
1688            	3.00248802e+02
1689            	3.00248776e+02
1690            	3.00248745e+02
1691            	3.00248693e+02
1692            	3.00248614e+02
1693            	3.00248532e+02
1694            	3.00248478e+02
1695            	3.00248423e+02
1696            	3.00248421e+02
1697            	3.00248430e+02
1698            	3.00248485e+02
1699            	3.00248486e+02
1700            	3.00248542e+02
1701            	3.00248557e+02
1702            	3.00248595e+02
1703            	3.00248551e+02
1704            	3.00248532e+02
1705            	3.00248427e+02
1706            	3.00248377e+02
1707            	3.00248286e+02
1708            	3.00248260e+02
1709            	3.00248240e+02
1710            	3.00248276e+02
1711            	3.00248290e+02
1712            	3.00248345e+02
1713            	3.00248353e+02
1714            	3.00248390e+02
1715            	3.00248367e+02
1716            	3.00248361e+02
1717            	3.00248299e+02
1718            	3.00248283e+02
1719            	3.00248222e+02
1720            	3.00248204e+02
1721            	3.00248192e+02
1722            	3.00248214e+02
1723            	3.00248181e+02
1724            	3.00248213e+02
1725            	3.00248184e+02
1726            	3.00248223e+02
1727            	3.00248170e+02
1728            	3.00248186e+02
1729            	3.00248149e+02
1730            	3.00248152e+02
1731            	3.00248110e+02
1732            	3.00248124e+02
1733            	3.00248090e+02
1734            	3.00248084e+02
1735            	3.00248054e+02
1736            	3.00248064e+02
1737            	3.00248032e+02
1738            	3.00248033e+02
1739            	3.00247985e+02
1740            	3.00247976e+02
1741            	3.00247912e+02
1742            	3.00247894e+02
1743            	3.00247836e+02
1744            	3.00247821e+02
1745            	3.00247775e+02
1746            	3.00247759e+02
1747            	3.00247705e+02
1748            	3.00247701e+02
1749            	3.00247655e+02
1750            	3.00247651e+02
1751            	3.00247609e+02
1752            	3.00247610e+02
1753            	3.00247569e+02
1754            	3.00247569e+02
1755            	3.00247527e+02
1756            	3.00247528e+02
1757            	3.00247493e+02
1758            	3.00247503e+02
1759            	3.00247470e+02
1760            	3.00247474e+02
1761            	3.00247435e+02
1762            	3.00247433e+02
1763            	3.00247385e+02
1764            	3.00247382e+02
1765            	3.00247338e+02
1766            	3.00247326e+02
1767            	3.00247279e+02
1768            	3.00247272e+02
1769            	3.00247218e+02
1770            	3.00247215e+02
1771            	3.00247170e+02
1772            	3.00247163e+02
1773            	3.00247116e+02
1774            	3.00247110e+02
1775            	3.00247064e+02
1776            	3.00247059e+02
1777            	3.00247021e+02
1778            	3.00247017e+02
1779            	3.00246976e+02
1780            	3.00246981e+02
1781            	3.00246946e+02
1782            	3.00246955e+02
1783            	3.00246925e+02
1784            	3.00246938e+02
1785            	3.00246910e+02
1786            	3.00246929e+02
1787            	3.00246907e+02
1788            	3.00246923e+02
1789            	3.00246898e+02
1790            	3.00246917e+02
1791            	3.00246898e+02
1792            	3.00246921e+02
1793            	3.00246904e+02
1794            	3.00246916e+02
1795            	3.00246899e+02
1796            	3.00246920e+02
1797            	3.00246897e+02
1798            	3.00246910e+02
1799            	3.00246853e+02
1800            	3.00246872e+02
1801            	3.00246839e+02
1802            	3.00246840e+02
1803            	3.00246793e+02
1804            	3.00246779e+02
1805            	3.00246724e+02
1806            	3.00246709e+02
1807            	3.00246655e+02
1808            	3.00246652e+02
1809            	3.00246600e+02
1810            	3.00246590e+02
1811            	3.00246544e+02
1812            	3.00246553e+02
1813            	3.00246504e+02
1814            	3.00246501e+02
1815            	3.00246456e+02
1816            	3.00246455e+02
1817            	3.00246409e+02
1818            	3.00246407e+02
1819            	3.00246361e+02
1820            	3.00246357e+02
1821            	3.00246313e+02
1822            	3.00246350e+02
1823            	3.00246309e+02
1824            	3.00246335e+02
1825            	3.00246320e+02
1826            	3.00246335e+02
1827            	3.00246288e+02
1828            	3.00246301e+02
1829            	3.00246270e+02
1830            	3.00246275e+02
1831            	3.00246239e+02
1832            	3.00246247e+02
1833            	3.00246230e+02
1834            	3.00246258e+02
1835            	3.00246246e+02
1836            	3.00246199e+02
1837            	3.00246210e+02
1838            	3.00246249e+02
1839            	3.00246218e+02
1840            	3.00246236e+02
1841            	3.00246213e+02
1842            	3.00246223e+02
1843            	3.00246169e+02
1844            	3.00246152e+02
1845            	3.00246115e+02
1846            	3.00246137e+02
1847            	3.00246117e+02
1848            	3.00246182e+02
1849            	3.00246139e+02
1850            	3.00246153e+02
1851            	3.00246114e+02
1852            	3.00246143e+02
1853            	3.00246125e+02
1854            	3.00246137e+02
1855            	3.00246106e+02
1856            	3.00246125e+02
1857            	3.00246103e+02
1858            	3.00246127e+02
1859            	3.00246110e+02
1860            	3.00246137e+02
1861            	3.00246035e+02
1862            	3.00246113e+02
1863            	3.00246109e+02
1864            	3.00246149e+02
1865            	3.00246137e+02
1866            	3.00246156e+02
1867            	3.00246129e+02
1868            	3.00246141e+02
1869            	3.00246118e+02
1870            	3.00246119e+02
1871            	3.00246098e+02
1872            	3.00246096e+02
1873            	3.00246028e+02
1874            	3.00246017e+02
1875            	3.00245954e+02
1876            	3.00246036e+02
1877            	3.00245993e+02
1878            	3.00245998e+02
1879            	3.00245972e+02
1880            	3.00246000e+02
1881            	3.00245972e+02
1882            	3.00245996e+02
1883            	3.00245985e+02
1884            	3.00246003e+02
1885            	3.00245912e+02
1886            	3.00245931e+02
1887            	3.00245889e+02
1888            	3.00245888e+02
1889            	3.00245875e+02
1890            	3.00245895e+02
1891            	3.00245881e+02
1892            	3.00245908e+02
1893            	3.00245887e+02
1894            	3.00245919e+02
1895            	3.00245891e+02
1896            	3.00245909e+02
1897            	3.00245889e+02
1898            	3.00245915e+02
1899            	3.00245886e+02
1900            	3.00245951e+02
1901            	3.00245916e+02
1902            	3.00245930e+02
1903            	3.00245912e+02
1904            	3.00245961e+02
1905            	3.00245943e+02
1906            	3.00245971e+02
1907            	3.00245949e+02
1908            	3.00245970e+02
1909            	3.00245946e+02
1910            	3.00245961e+02
1911            	3.00245927e+02
1912            	3.00245899e+02
1913            	3.00245891e+02
1914            	3.00245913e+02
1915            	3.00245883e+02
1916            	3.00245885e+02
1917            	3.00245839e+02
1918            	3.00245838e+02
1919            	3.00245800e+02
1920            	3.00245802e+02
1921            	3.00245768e+02
1922            	3.00245775e+02
1923            	3.00245746e+02
1924            	3.00245762e+02
1925            	3.00245742e+02
1926            	3.00245765e+02
1927            	3.00245753e+02
1928            	3.00245787e+02
1929            	3.00245782e+02
1930            	3.00245819e+02
1931            	3.00245813e+02
1932            	3.00245846e+02
1933            	3.00245846e+02
1934            	3.00245871e+02
1935            	3.00245845e+02
1936            	3.00245853e+02
1937            	3.00245812e+02
1938            	3.00245810e+02
1939            	3.00245760e+02
1940            	3.00245749e+02
1941            	3.00245709e+02
1942            	3.00245706e+02
1943            	3.00245672e+02
1944            	3.00245668e+02
1945            	3.00245625e+02
1946            	3.00245627e+02
1947            	3.00245600e+02
1948            	3.00245600e+02
1949            	3.00245558e+02
1950            	3.00245555e+02
1951            	3.00245511e+02
1952            	3.00245516e+02
1953            	3.00245483e+02
1954            	3.00245497e+02
1955            	3.00245478e+02
1956            	3.00245501e+02
1957            	3.00245489e+02
1958            	3.00245524e+02
1959            	3.00245518e+02
1960            	3.00245544e+02
1961            	3.00245531e+02
1962            	3.00245561e+02
1963            	3.00245547e+02
1964            	3.00245575e+02
1965            	3.00245563e+02
1966            	3.00245584e+02
1967            	3.00245564e+02
1968            	3.00245588e+02
1969            	3.00245564e+02
1970            	3.00245584e+02
1971            	3.00245557e+02
1972            	3.00245565e+02
1973            	3.00245540e+02
1974            	3.00245554e+02
1975            	3.00245514e+02
1976            	3.00245545e+02
1977            	3.00245537e+02
1978            	3.00245568e+02
1979            	3.00245562e+02
1980            	3.00245611e+02
1981            	3.00245620e+02
1982            	3.00245665e+02
1983            	3.00245664e+02
1984            	3.00245693e+02
1985            	3.00245678e+02
1986            	3.00245704e+02
1987            	3.00245678e+02
1988            	3.00245692e+02
1989            	3.00245670e+02
1990            	3.00245689e+02
1991            	3.00245663e+02
1992            	3.00245678e+02
1993            	3.00245669e+02
1994            	3.00245698e+02
1995            	3.00245683e+02
1996            	3.00245706e+02
1997            	3.00245684e+02
1998            	3.00245702e+02
1999            	3.00245675e+02
2000            	3.00245689e+02
