/*--------------------------------*- C++ -*----------------------------------*\
| =========                 |                                                 |
| \\      /  F ield         | OpenFOAM: The Open Source CFD Toolbox           |
|  \\    /   O peration     | Version:  2506                                  |
|   \\  /    A nd           | Website:  www.openfoam.com                      |
|    \\/     M anipulation  |                                                 |
\*---------------------------------------------------------------------------*/
FoamFile
{
    version     2.0;
    format      binary;
    arch        "LSB;label=32;scalar=64";
    class       faceSet;
    location    "constant/polyMesh/sets";
    object      walls;
}
// * * * * * * * * * * * * * * * * * * * * * * * * * * * * * * * * * * * * * //


562
(
4096
4097
4100
50
51
66
67
69
70
98
2151
105
107
2171
2175
2179
131
2183
136
2186
2190
2193
2197
191
2255
2259
2263
226
229
232
235
236
237
239
240
2290
242
2292
245
2294
248
2297
2301
2305
2309
2312
2316
2320
2324
2327
2330
286
296
314
318
325
2403
2406
2413
2419
2421
16767
2442
2445
2447
2449
2450
2461
432
449
453
456
463
471
473
475
2532
484
2534
487
2536
2538
490
2539
2540
493
2543
496
2545
499
2548
2550
503
2553
506
2555
507
2558
510
2561
514
2564
516
2566
519
2569
522
2571
523
524
2573
525
526
527
2576
528
2577
529
530
532
533
534
561
564
567
570
6716
573
576
578
581
584
588
591
593
597
600
2649
2651
603
605
607
608
609
610
612
613
614
2663
615
616
2665
617
618
2668
620
2670
2672
2676
2682
2683
2686
2688
2692
2695
2697
649
651
654
656
659
660
661
667
2726
678
2729
2730
682
687
694
2744
697
700
702
2752
704
2754
706
707
2756
708
2764
2767
727
2776
729
2778
2781
2783
736
2785
2786
2787
2789
2790
2791
2792
746
749
759
768
776
2830
786
2841
2842
2845
2846
2849
819
825
2874
2885
2887
2910
2920
877
892
2951
904
2953
907
2959
912
2961
915
917
921
924
927
928
930
933
935
937
938
939
940
941
942
943
957
963
966
969
971
973
975
978
980
981
982
1010
1018
1021
1023
1025
1027
1030
1033
1035
1037
1038
1039
1040
1041
3099
1051
1054
3103
1058
1065
3114
1068
3118
1072
3121
1075
3125
1079
3128
1080
1082
1085
1088
1090
1093
1095
1098
1100
1101
3154
3158
3163
1123
1126
3177
1136
3189
1142
1144
1148
3197
1151
1154
1156
1158
3207
3209
1170
1174
1177
1180
1184
1186
1187
1188
1191
3241
1194
3243
3244
3245
1197
1199
1203
1205
1206
1208
1210
1211
3260
3269
1224
1225
1228
1229
1243
3292
1244
3294
1248
3297
3299
1251
3301
1253
3303
3304
3307
3309
3310
3311
1263
3312
1266
1271
3329
1283
3332
3333
1286
3336
1289
3339
3340
1293
1295
1297
1303
1312
3361
1316
3366
1318
1321
1323
1334
3385
1341
3392
3393
1345
1349
1353
3402
1355
1359
1361
1364
1368
1370
1372
1374
1377
1380
1384
1385
1388
1392
1395
1398
1401
1403
1406
1407
1410
1412
3472
3479
3490
1443
3492
1444
3494
1451
3501
1455
1457
1461
3511
1464
1466
3515
3517
1470
3519
1472
1475
1478
3528
3530
1482
3532
3533
1486
1488
1490
1493
1495
1497
1500
3558
1511
3560
3573
3576
3578
3580
3581
1533
3582
1539
1545
1546
1547
1556
1564
1582
1583
1584
3635
3648
3651
3652
1608
1609
1610
1612
1613
1614
1615
1633
1644
1645
3697
1649
1653
1656
1659
3708
1662
3712
1665
1667
1670
3719
1672
3721
1673
3734
1692
1694
1702
1703
1704
3753
1712
1722
1724
1727
1729
1732
1733
1734
1737
1739
3852
3863
3883
3888
3904
3918
3922
3927
3933
3935
3940
3943
3948
3949
3956
3959
3963
3974
1946
1947
1957
1960
1961
1978
4027
4029
4030
4031
4042
1994
2000
2007
2009
4072
4075
4080
4082
4085
4087
4088
4089
4091
4093
4095
)


// ************************************************************************* //
