/*--------------------------------*- C++ -*----------------------------------*\
| =========                 |                                                 |
| \\      /  F ield         | OpenFOAM: The Open Source CFD Toolbox           |
|  \\    /   O peration     | Version:  2506                                  |
|   \\  /    A nd           | Website:  www.openfoam.com                      |
|    \\/     M anipulation  |                                                 |
\*---------------------------------------------------------------------------*/
FoamFile
{
    version     2.0;
    format      binary;
    arch        "LSB;label=32;scalar=64";
    class       faceSet;
    location    "constant/polyMesh/sets";
    object      walls;
}
// * * * * * * * * * * * * * * * * * * * * * * * * * * * * * * * * * * * * * //


490
(
1027
3079
2057
1037
1038
1039
1041
1042
1044
3093
1047
3096
1051
3100
3103
1055
3106
1061
1064
2089
3114
3116
2092
1069
2094
1070
1074
1077
3127
1081
3130
2107
1083
3132
1086
3136
1090
3139
1093
1096
1097
2123
1099
1101
2131
2132
2133
2134
2136
1112
1114
1116
1120
1122
1124
1125
1128
2158
1134
3183
3184
2160
2161
3186
1139
1141
1144
1145
1147
1148
1149
1152
1153
1157
3221
2214
2219
2222
2227
2229
2230
2234
2236
2237
2240
2241
2243
2246
2250
3292
3295
2275
2277
2278
3308
3311
3313
3315
3317
2293
3319
3320
2296
3321
2297
3322
3323
2300
1287
1288
2313
2316
2319
2321
2322
2325
1301
1302
2328
281
2331
1308
2333
297
298
302
303
306
1331
312
317
1342
318
2382
1363
1367
2392
1369
350
351
2400
1380
1383
2417
369
370
2427
380
383
2432
1408
385
395
398
2453
2457
2458
414
423
428
431
2481
1457
433
437
439
441
2491
443
1468
444
445
2495
1471
453
2508
463
1489
466
2516
1493
469
472
474
477
479
481
1506
483
484
485
1510
486
487
488
1516
1523
500
1526
1527
503
506
511
1539
515
519
528
532
1558
534
2586
538
540
543
546
549
2599
552
2601
2602
555
558
2609
561
2610
563
1588
2613
566
569
571
2620
573
575
1601
578
1603
580
1605
2630
583
2632
585
586
2635
587
588
589
2638
590
591
592
2641
593
594
595
2645
597
2646
2648
1626
602
604
1630
606
608
613
616
618
619
620
2674
628
1655
631
2680
635
638
640
643
2693
645
648
649
1675
652
1677
1679
655
657
658
659
660
2709
661
1686
662
663
1688
1689
1690
1693
2721
2726
1702
680
684
1711
687
2738
1714
690
692
1717
694
1719
2745
1721
697
1723
700
1725
702
1727
2752
1728
1729
705
1731
707
1733
709
710
2759
711
712
713
714
715
724
2774
733
1758
2785
737
2788
741
745
747
1773
750
1776
1777
753
756
758
760
762
764
2822
775
2824
1802
2827
1803
779
2828
781
785
788
1815
791
2841
2842
1818
2843
2844
797
799
802
805
2855
807
809
2858
812
2861
813
816
819
1844
1846
822
2872
825
2875
2876
829
831
833
836
838
840
2891
843
2894
846
2895
850
852
853
863
873
2923
877
880
883
2933
886
889
2938
2941
893
896
898
1924
900
903
1928
905
907
910
912
922
1949
925
928
930
1955
933
936
937
938
1967
943
944
945
1974
951
3001
955
959
1985
962
966
1991
969
3021
973
977
980
982
3031
2007
986
988
3039
991
993
996
999
2024
1001
3050
1003
1005
3054
1007
2032
3058
1010
2035
1011
3061
1016
3065
1017
1019
1021
1022
)


// ************************************************************************* //
