# Region        : cellZone component_3
# Cells         : 168
# Volume        : 3.43322937e-01
# Time          	volAverage(T)
1               	3.00984207e+02
2               	3.01959674e+02
3               	3.02873870e+02
4               	3.03746245e+02
5               	3.04592142e+02
6               	3.05416103e+02
7               	3.06222904e+02
8               	3.07016868e+02
9               	3.07800210e+02
10              	3.08574654e+02
11              	3.09338968e+02
12              	3.10097054e+02
13              	3.10851244e+02
14              	3.11591810e+02
15              	3.12302258e+02
16              	3.13006788e+02
17              	3.13698383e+02
18              	3.14366938e+02
19              	3.15007332e+02
20              	3.15650474e+02
21              	3.16290190e+02
22              	3.16933183e+02
23              	3.17567439e+02
24              	3.18185044e+02
25              	3.18785605e+02
26              	3.19376818e+02
27              	3.19958424e+02
28              	3.20533291e+02
29              	3.21096862e+02
30              	3.21650723e+02
31              	3.22196939e+02
32              	3.22728464e+02
33              	3.23255629e+02
34              	3.23776349e+02
35              	3.24289241e+02
36              	3.24800299e+02
37              	3.25316973e+02
38              	3.25817590e+02
39              	3.26273752e+02
40              	3.26685922e+02
41              	3.27086888e+02
42              	3.27487378e+02
43              	3.27895068e+02
44              	3.28287978e+02
45              	3.28659537e+02
46              	3.29019819e+02
47              	3.29357313e+02
48              	3.29711569e+02
49              	3.30063370e+02
50              	3.30414757e+02
51              	3.30783553e+02
52              	3.31075710e+02
53              	3.31305473e+02
54              	3.31455849e+02
55              	3.31569321e+02
56              	3.31724653e+02
57              	3.31929906e+02
58              	3.32134273e+02
59              	3.32341321e+02
60              	3.32543247e+02
61              	3.32749022e+02
62              	3.32941234e+02
63              	3.33144540e+02
64              	3.33363158e+02
65              	3.33599873e+02
66              	3.33850095e+02
67              	3.34122017e+02
68              	3.34417440e+02
69              	3.34705047e+02
70              	3.34983871e+02
71              	3.35233386e+02
72              	3.35476608e+02
73              	3.35729565e+02
74              	3.35992331e+02
75              	3.36255225e+02
76              	3.36492830e+02
77              	3.36716670e+02
78              	3.36919608e+02
79              	3.37134888e+02
80              	3.37334916e+02
81              	3.37561437e+02
82              	3.37800307e+02
83              	3.38037045e+02
84              	3.38294134e+02
85              	3.38533504e+02
86              	3.38751633e+02
87              	3.38919482e+02
88              	3.39052261e+02
89              	3.39191254e+02
90              	3.39358474e+02
91              	3.39535867e+02
92              	3.39697529e+02
93              	3.39854998e+02
94              	3.40016150e+02
95              	3.40177581e+02
96              	3.40326908e+02
97              	3.40468141e+02
98              	3.40631126e+02
99              	3.40813828e+02
100             	3.41012410e+02
101             	3.41219532e+02
102             	3.41437082e+02
103             	3.41654337e+02
104             	3.41854630e+02
105             	3.42032257e+02
106             	3.42210307e+02
107             	3.42378013e+02
108             	3.42533696e+02
109             	3.42685426e+02
110             	3.42828245e+02
111             	3.42965767e+02
112             	3.43101124e+02
113             	3.43224372e+02
114             	3.43357634e+02
115             	3.43500255e+02
116             	3.43646633e+02
117             	3.43798004e+02
118             	3.43957965e+02
119             	3.44126664e+02
120             	3.44301666e+02
121             	3.44478239e+02
122             	3.44653022e+02
123             	3.44825890e+02
124             	3.44998511e+02
125             	3.45166946e+02
126             	3.45330790e+02
127             	3.45486511e+02
128             	3.45637647e+02
129             	3.45788892e+02
130             	3.45942416e+02
131             	3.46098293e+02
132             	3.46247035e+02
133             	3.46395720e+02
134             	3.46542323e+02
135             	3.46686275e+02
136             	3.46825211e+02
137             	3.46958084e+02
138             	3.47088561e+02
139             	3.47215491e+02
140             	3.47341923e+02
141             	3.47468783e+02
142             	3.47598604e+02
143             	3.47730581e+02
144             	3.47867074e+02
145             	3.48008613e+02
146             	3.48150218e+02
147             	3.48291194e+02
148             	3.48431663e+02
149             	3.48558953e+02
150             	3.48677486e+02
151             	3.48783750e+02
152             	3.48882414e+02
153             	3.48964901e+02
154             	3.49040381e+02
155             	3.49109877e+02
156             	3.49176721e+02
157             	3.49235167e+02
158             	3.49301785e+02
159             	3.49373845e+02
160             	3.49452696e+02
161             	3.49532188e+02
162             	3.49624608e+02
163             	3.49723336e+02
164             	3.49818392e+02
165             	3.49911506e+02
166             	3.50000192e+02
167             	3.50081734e+02
168             	3.50160288e+02
169             	3.50228870e+02
170             	3.50295341e+02
171             	3.50358223e+02
172             	3.50419838e+02
173             	3.50481307e+02
174             	3.50547528e+02
175             	3.50611236e+02
176             	3.50677637e+02
177             	3.50746581e+02
178             	3.50816685e+02
179             	3.50888141e+02
180             	3.50957050e+02
181             	3.51023079e+02
182             	3.51086516e+02
183             	3.51149386e+02
184             	3.51210887e+02
185             	3.51264616e+02
186             	3.51310948e+02
187             	3.51357283e+02
188             	3.51402022e+02
189             	3.51445568e+02
190             	3.51488367e+02
191             	3.51533140e+02
192             	3.51580280e+02
193             	3.51630211e+02
194             	3.51684195e+02
195             	3.51736880e+02
196             	3.51790941e+02
197             	3.51847131e+02
198             	3.51906471e+02
199             	3.51965118e+02
200             	3.52025003e+02
201             	3.52082207e+02
202             	3.52141426e+02
203             	3.52200451e+02
204             	3.52257319e+02
205             	3.52312277e+02
206             	3.52365313e+02
207             	3.52416175e+02
208             	3.52464219e+02
209             	3.52508536e+02
210             	3.52551379e+02
211             	3.52590572e+02
212             	3.52628699e+02
213             	3.52665461e+02
214             	3.52700642e+02
215             	3.52731605e+02
216             	3.52762947e+02
217             	3.52794720e+02
218             	3.52822224e+02
219             	3.52850099e+02
220             	3.52879404e+02
221             	3.52911501e+02
222             	3.52943143e+02
223             	3.52975496e+02
224             	3.53010189e+02
225             	3.53046068e+02
226             	3.53075376e+02
227             	3.53111911e+02
228             	3.53151730e+02
229             	3.53193382e+02
230             	3.53236127e+02
231             	3.53279121e+02
232             	3.53320011e+02
233             	3.53353862e+02
234             	3.53387722e+02
235             	3.53420410e+02
236             	3.53450900e+02
237             	3.53479391e+02
238             	3.53506294e+02
239             	3.53531217e+02
240             	3.53554681e+02
241             	3.53577335e+02
242             	3.53599846e+02
243             	3.53621673e+02
244             	3.53643619e+02
245             	3.53665924e+02
246             	3.53688902e+02
247             	3.53712807e+02
248             	3.53740127e+02
249             	3.53766737e+02
250             	3.53794082e+02
251             	3.53823149e+02
252             	3.53852272e+02
253             	3.53881078e+02
254             	3.53909737e+02
255             	3.53938660e+02
256             	3.53967178e+02
257             	3.53993302e+02
258             	3.54019263e+02
259             	3.54042480e+02
260             	3.54064187e+02
261             	3.54084580e+02
262             	3.54104122e+02
263             	3.54123244e+02
264             	3.54142385e+02
265             	3.54161957e+02
266             	3.54182163e+02
267             	3.54203160e+02
268             	3.54224896e+02
269             	3.54247819e+02
270             	3.54271006e+02
271             	3.54295127e+02
272             	3.54318802e+02
273             	3.54342237e+02
274             	3.54365614e+02
275             	3.54387608e+02
276             	3.54408775e+02
277             	3.54428878e+02
278             	3.54448153e+02
279             	3.54466161e+02
280             	3.54482908e+02
281             	3.54499578e+02
282             	3.54515493e+02
283             	3.54530527e+02
284             	3.54544577e+02
285             	3.54557632e+02
286             	3.54570042e+02
287             	3.54581973e+02
288             	3.54593401e+02
289             	3.54604897e+02
290             	3.54615897e+02
291             	3.54627714e+02
292             	3.54639299e+02
293             	3.54651640e+02
294             	3.54664044e+02
295             	3.54676025e+02
296             	3.54688914e+02
297             	3.54701893e+02
298             	3.54715360e+02
299             	3.54729525e+02
300             	3.54744573e+02
301             	3.54759741e+02
302             	3.54775232e+02
303             	3.54790618e+02
304             	3.54805978e+02
305             	3.54820809e+02
306             	3.54835356e+02
307             	3.54848936e+02
308             	3.54862022e+02
309             	3.54874715e+02
310             	3.54887010e+02
311             	3.54898846e+02
312             	3.54909869e+02
313             	3.54920081e+02
314             	3.54929944e+02
315             	3.54939315e+02
316             	3.54948632e+02
317             	3.54957775e+02
318             	3.54966430e+02
319             	3.54975725e+02
320             	3.54985675e+02
321             	3.54995729e+02
322             	3.55005010e+02
323             	3.55014501e+02
324             	3.55024882e+02
325             	3.55035906e+02
326             	3.55047469e+02
327             	3.55059694e+02
328             	3.55072516e+02
329             	3.55086098e+02
330             	3.55099901e+02
331             	3.55113952e+02
332             	3.55128457e+02
333             	3.55144180e+02
334             	3.55160091e+02
335             	3.55173722e+02
336             	3.55187231e+02
337             	3.55201249e+02
338             	3.55213417e+02
339             	3.55224810e+02
340             	3.55235209e+02
341             	3.55245656e+02
342             	3.55255088e+02
343             	3.55263507e+02
344             	3.55269839e+02
345             	3.55275230e+02
346             	3.55280578e+02
347             	3.55286001e+02
348             	3.55291596e+02
349             	3.55297653e+02
350             	3.55304304e+02
351             	3.55311568e+02
352             	3.55319374e+02
353             	3.55327514e+02
354             	3.55336461e+02
355             	3.55345664e+02
356             	3.55354961e+02
357             	3.55364252e+02
358             	3.55376010e+02
359             	3.55384214e+02
360             	3.55391599e+02
361             	3.55398991e+02
362             	3.55406043e+02
363             	3.55413719e+02
364             	3.55420924e+02
365             	3.55427799e+02
366             	3.55434019e+02
367             	3.55440391e+02
368             	3.55446885e+02
369             	3.55452526e+02
370             	3.55458336e+02
371             	3.55463696e+02
372             	3.55468013e+02
373             	3.55471607e+02
374             	3.55475112e+02
375             	3.55479561e+02
376             	3.55483921e+02
377             	3.55488648e+02
378             	3.55493907e+02
379             	3.55499475e+02
380             	3.55506236e+02
381             	3.55514553e+02
382             	3.55523858e+02
383             	3.55532059e+02
384             	3.55540530e+02
385             	3.55549307e+02
386             	3.55557890e+02
387             	3.55566172e+02
388             	3.55573200e+02
389             	3.55579236e+02
390             	3.55584138e+02
391             	3.55588119e+02
392             	3.55591396e+02
393             	3.55593992e+02
394             	3.55596047e+02
395             	3.55597854e+02
396             	3.55600346e+02
397             	3.55602588e+02
398             	3.55603588e+02
399             	3.55605996e+02
400             	3.55609112e+02
401             	3.55612564e+02
402             	3.55616320e+02
403             	3.55620627e+02
404             	3.55625629e+02
405             	3.55631311e+02
406             	3.55637658e+02
407             	3.55644627e+02
408             	3.55652379e+02
409             	3.55660215e+02
410             	3.55668114e+02
411             	3.55676136e+02
412             	3.55684026e+02
413             	3.55692194e+02
414             	3.55700397e+02
415             	3.55708509e+02
416             	3.55716561e+02
417             	3.55724153e+02
418             	3.55731342e+02
419             	3.55738132e+02
420             	3.55744406e+02
421             	3.55750105e+02
422             	3.55754714e+02
423             	3.55758646e+02
424             	3.55761891e+02
425             	3.55764006e+02
426             	3.55765862e+02
427             	3.55767004e+02
428             	3.55767892e+02
429             	3.55768644e+02
430             	3.55768870e+02
431             	3.55768905e+02
432             	3.55769629e+02
433             	3.55769867e+02
434             	3.55770100e+02
435             	3.55770447e+02
436             	3.55770781e+02
437             	3.55771418e+02
438             	3.55772516e+02
439             	3.55773765e+02
440             	3.55775073e+02
441             	3.55776404e+02
442             	3.55777736e+02
443             	3.55779116e+02
444             	3.55780499e+02
445             	3.55782316e+02
446             	3.55783756e+02
447             	3.55785135e+02
448             	3.55786593e+02
449             	3.55788103e+02
450             	3.55789654e+02
451             	3.55791385e+02
452             	3.55793294e+02
453             	3.55795402e+02
454             	3.55797826e+02
455             	3.55800410e+02
456             	3.55803581e+02
457             	3.55806399e+02
458             	3.55809079e+02
459             	3.55811601e+02
460             	3.55814009e+02
461             	3.55816519e+02
462             	3.55819172e+02
463             	3.55821903e+02
464             	3.55824790e+02
465             	3.55827891e+02
466             	3.55830844e+02
467             	3.55833567e+02
468             	3.55836473e+02
469             	3.55839341e+02
470             	3.55841893e+02
471             	3.55844151e+02
472             	3.55845866e+02
473             	3.55847290e+02
474             	3.55848617e+02
475             	3.55850036e+02
476             	3.55851670e+02
477             	3.55853214e+02
478             	3.55854445e+02
479             	3.55855531e+02
480             	3.55857016e+02
481             	3.55857936e+02
482             	3.55859254e+02
483             	3.55860334e+02
484             	3.55861411e+02
485             	3.55862463e+02
486             	3.55863287e+02
487             	3.55863998e+02
488             	3.55864602e+02
489             	3.55865303e+02
490             	3.55865943e+02
491             	3.55866713e+02
492             	3.55867574e+02
493             	3.55868381e+02
494             	3.55868897e+02
495             	3.55869684e+02
496             	3.55869837e+02
497             	3.55870398e+02
498             	3.55871399e+02
499             	3.55872247e+02
500             	3.55873733e+02
501             	3.55875733e+02
502             	3.55877637e+02
503             	3.55879841e+02
504             	3.55882363e+02
505             	3.55884936e+02
506             	3.55887668e+02
507             	3.55891159e+02
508             	3.55894876e+02
509             	3.55898554e+02
510             	3.55902027e+02
511             	3.55905326e+02
512             	3.55908580e+02
513             	3.55911885e+02
514             	3.55915250e+02
515             	3.55918577e+02
516             	3.55922476e+02
517             	3.55925551e+02
518             	3.55928469e+02
519             	3.55931201e+02
520             	3.55933710e+02
521             	3.55936028e+02
522             	3.55938029e+02
523             	3.55938967e+02
524             	3.55939897e+02
525             	3.55941273e+02
526             	3.55942530e+02
527             	3.55943585e+02
528             	3.55944489e+02
529             	3.55945012e+02
530             	3.55944600e+02
531             	3.55943607e+02
532             	3.55943176e+02
533             	3.55941935e+02
534             	3.55940429e+02
535             	3.55939045e+02
536             	3.55937901e+02
537             	3.55936859e+02
538             	3.55935633e+02
539             	3.55934816e+02
540             	3.55934115e+02
541             	3.55934063e+02
542             	3.55932822e+02
543             	3.55931127e+02
544             	3.55929325e+02
545             	3.55927521e+02
546             	3.55926080e+02
547             	3.55924922e+02
548             	3.55924257e+02
549             	3.55924233e+02
550             	3.55924889e+02
551             	3.55926400e+02
552             	3.55928636e+02
553             	3.55931763e+02
554             	3.55935836e+02
555             	3.55940721e+02
556             	3.55945844e+02
557             	3.55951215e+02
558             	3.55956536e+02
559             	3.55962053e+02
560             	3.55967495e+02
561             	3.55972763e+02
562             	3.55978052e+02
563             	3.55982930e+02
564             	3.55987742e+02
565             	3.55992192e+02
566             	3.55996263e+02
567             	3.56000055e+02
568             	3.56003557e+02
569             	3.56006810e+02
570             	3.56009532e+02
571             	3.56011313e+02
572             	3.56013260e+02
573             	3.56014942e+02
574             	3.56016174e+02
575             	3.56016717e+02
576             	3.56016947e+02
577             	3.56016734e+02
578             	3.56016035e+02
579             	3.56014928e+02
580             	3.56013518e+02
581             	3.56011910e+02
582             	3.56010188e+02
583             	3.56008468e+02
584             	3.56006798e+02
585             	3.56005191e+02
586             	3.56004107e+02
587             	3.56002987e+02
588             	3.56002068e+02
589             	3.56001312e+02
590             	3.55999755e+02
591             	3.55998889e+02
592             	3.55998053e+02
593             	3.55996904e+02
594             	3.55995460e+02
595             	3.55993885e+02
596             	3.55992272e+02
597             	3.55990682e+02
598             	3.55989183e+02
599             	3.55987850e+02
600             	3.55986767e+02
601             	3.55986021e+02
602             	3.55985732e+02
603             	3.55985973e+02
604             	3.55986752e+02
605             	3.55988363e+02
606             	3.55990606e+02
607             	3.55993667e+02
608             	3.55997524e+02
609             	3.56002190e+02
610             	3.56007264e+02
611             	3.56012743e+02
612             	3.56018677e+02
613             	3.56024982e+02
614             	3.56031086e+02
615             	3.56036900e+02
616             	3.56042465e+02
617             	3.56047594e+02
618             	3.56051989e+02
619             	3.56055878e+02
620             	3.56058957e+02
621             	3.56061190e+02
622             	3.56062554e+02
623             	3.56063126e+02
624             	3.56062620e+02
625             	3.56061489e+02
626             	3.56060404e+02
627             	3.56058229e+02
628             	3.56055465e+02
629             	3.56052516e+02
630             	3.56049585e+02
631             	3.56047230e+02
632             	3.56045143e+02
633             	3.56043369e+02
634             	3.56042238e+02
635             	3.56041630e+02
636             	3.56041084e+02
637             	3.56040065e+02
638             	3.56039297e+02
639             	3.56038561e+02
640             	3.56037417e+02
641             	3.56035879e+02
642             	3.56034221e+02
643             	3.56032676e+02
644             	3.56032026e+02
645             	3.56031476e+02
646             	3.56030561e+02
647             	3.56030820e+02
648             	3.56032200e+02
649             	3.56034310e+02
650             	3.56036867e+02
651             	3.56039950e+02
652             	3.56043309e+02
653             	3.56047597e+02
654             	3.56052046e+02
655             	3.56056480e+02
656             	3.56061882e+02
657             	3.56066057e+02
658             	3.56069945e+02
659             	3.56073883e+02
660             	3.56077932e+02
661             	3.56081873e+02
662             	3.56085533e+02
663             	3.56088922e+02
664             	3.56091847e+02
665             	3.56093377e+02
666             	3.56094268e+02
667             	3.56095892e+02
668             	3.56097195e+02
669             	3.56097979e+02
670             	3.56098910e+02
671             	3.56099423e+02
672             	3.56099232e+02
673             	3.56098645e+02
674             	3.56097851e+02
675             	3.56096616e+02
676             	3.56094941e+02
677             	3.56093902e+02
678             	3.56093119e+02
679             	3.56092186e+02
680             	3.56091809e+02
681             	3.56090781e+02
682             	3.56089541e+02
683             	3.56087282e+02
684             	3.56085316e+02
685             	3.56083046e+02
686             	3.56080178e+02
687             	3.56076820e+02
688             	3.56073312e+02
689             	3.56069811e+02
690             	3.56065951e+02
691             	3.56062286e+02
692             	3.56058985e+02
693             	3.56056012e+02
694             	3.56053604e+02
695             	3.56051890e+02
696             	3.56050910e+02
697             	3.56050731e+02
698             	3.56051414e+02
699             	3.56052494e+02
700             	3.56054220e+02
701             	3.56056011e+02
702             	3.56057965e+02
703             	3.56060018e+02
704             	3.56062107e+02
705             	3.56064299e+02
706             	3.56066577e+02
707             	3.56068731e+02
708             	3.56071053e+02
709             	3.56073462e+02
710             	3.56075898e+02
711             	3.56078399e+02
712             	3.56080808e+02
713             	3.56083186e+02
714             	3.56085621e+02
715             	3.56088104e+02
716             	3.56090415e+02
717             	3.56092746e+02
718             	3.56095088e+02
719             	3.56097431e+02
720             	3.56099799e+02
721             	3.56102262e+02
722             	3.56104770e+02
723             	3.56107216e+02
724             	3.56109467e+02
725             	3.56111428e+02
726             	3.56113033e+02
727             	3.56114627e+02
728             	3.56115453e+02
729             	3.56115635e+02
730             	3.56115148e+02
731             	3.56113998e+02
732             	3.56112306e+02
733             	3.56109992e+02
734             	3.56107010e+02
735             	3.56103538e+02
736             	3.56099680e+02
737             	3.56095644e+02
738             	3.56091479e+02
739             	3.56087333e+02
740             	3.56083454e+02
741             	3.56079938e+02
742             	3.56076947e+02
743             	3.56074629e+02
744             	3.56073080e+02
745             	3.56072341e+02
746             	3.56072560e+02
747             	3.56073680e+02
748             	3.56075689e+02
749             	3.56078568e+02
750             	3.56082491e+02
751             	3.56086790e+02
752             	3.56091692e+02
753             	3.56096843e+02
754             	3.56102293e+02
755             	3.56108053e+02
756             	3.56113986e+02
757             	3.56119959e+02
758             	3.56125871e+02
759             	3.56131583e+02
760             	3.56136974e+02
761             	3.56141632e+02
762             	3.56145645e+02
763             	3.56148969e+02
764             	3.56151511e+02
765             	3.56153075e+02
766             	3.56154089e+02
767             	3.56154391e+02
768             	3.56153963e+02
769             	3.56152295e+02
770             	3.56150453e+02
771             	3.56148491e+02
772             	3.56146518e+02
773             	3.56143752e+02
774             	3.56140730e+02
775             	3.56137756e+02
776             	3.56135169e+02
777             	3.56132870e+02
778             	3.56130729e+02
779             	3.56129006e+02
780             	3.56127638e+02
781             	3.56126206e+02
782             	3.56125058e+02
783             	3.56123845e+02
784             	3.56122351e+02
785             	3.56120499e+02
786             	3.56118280e+02
787             	3.56115700e+02
788             	3.56112821e+02
789             	3.56109750e+02
790             	3.56106970e+02
791             	3.56103922e+02
792             	3.56100953e+02
793             	3.56098352e+02
794             	3.56096107e+02
795             	3.56094272e+02
796             	3.56092928e+02
797             	3.56092411e+02
798             	3.56092615e+02
799             	3.56093618e+02
800             	3.56095396e+02
801             	3.56097702e+02
802             	3.56100375e+02
803             	3.56103312e+02
804             	3.56106055e+02
805             	3.56109105e+02
806             	3.56112141e+02
807             	3.56114852e+02
808             	3.56117303e+02
809             	3.56119802e+02
810             	3.56122256e+02
811             	3.56124073e+02
812             	3.56125622e+02
813             	3.56127002e+02
814             	3.56127676e+02
815             	3.56128088e+02
816             	3.56128820e+02
817             	3.56129506e+02
818             	3.56129893e+02
819             	3.56130016e+02
820             	3.56129641e+02
821             	3.56129022e+02
822             	3.56128237e+02
823             	3.56127224e+02
824             	3.56125932e+02
825             	3.56124332e+02
826             	3.56122482e+02
827             	3.56120398e+02
828             	3.56119101e+02
829             	3.56117028e+02
830             	3.56114866e+02
831             	3.56112747e+02
832             	3.56110361e+02
833             	3.56107691e+02
834             	3.56104995e+02
835             	3.56102197e+02
836             	3.56099114e+02
837             	3.56095928e+02
838             	3.56092767e+02
839             	3.56089198e+02
840             	3.56085377e+02
841             	3.56081713e+02
842             	3.56079595e+02
843             	3.56076773e+02
844             	3.56074254e+02
845             	3.56072583e+02
846             	3.56071798e+02
847             	3.56071677e+02
848             	3.56072540e+02
849             	3.56074549e+02
850             	3.56077396e+02
851             	3.56080687e+02
852             	3.56084189e+02
853             	3.56087461e+02
854             	3.56090520e+02
855             	3.56093384e+02
856             	3.56096927e+02
857             	3.56099633e+02
858             	3.56102124e+02
859             	3.56104551e+02
860             	3.56107072e+02
861             	3.56109387e+02
862             	3.56110869e+02
863             	3.56111605e+02
864             	3.56112383e+02
865             	3.56113030e+02
866             	3.56112687e+02
867             	3.56111334e+02
868             	3.56109299e+02
869             	3.56107057e+02
870             	3.56105392e+02
871             	3.56103812e+02
872             	3.56100986e+02
873             	3.56098724e+02
874             	3.56097376e+02
875             	3.56095149e+02
876             	3.56093340e+02
877             	3.56092953e+02
878             	3.56092898e+02
879             	3.56092333e+02
880             	3.56091146e+02
881             	3.56088519e+02
882             	3.56085590e+02
883             	3.56082318e+02
884             	3.56078806e+02
885             	3.56075624e+02
886             	3.56072827e+02
887             	3.56070453e+02
888             	3.56068294e+02
889             	3.56066794e+02
890             	3.56066173e+02
891             	3.56065955e+02
892             	3.56065963e+02
893             	3.56066227e+02
894             	3.56066830e+02
895             	3.56067391e+02
896             	3.56068071e+02
897             	3.56068686e+02
898             	3.56069378e+02
899             	3.56070358e+02
900             	3.56071859e+02
901             	3.56073983e+02
902             	3.56076871e+02
903             	3.56080589e+02
904             	3.56085348e+02
905             	3.56090610e+02
906             	3.56096325e+02
907             	3.56101702e+02
908             	3.56107446e+02
909             	3.56113183e+02
910             	3.56118374e+02
911             	3.56122933e+02
912             	3.56126845e+02
913             	3.56129957e+02
914             	3.56132195e+02
915             	3.56133560e+02
916             	3.56134277e+02
917             	3.56134153e+02
918             	3.56133353e+02
919             	3.56132085e+02
920             	3.56130633e+02
921             	3.56128942e+02
922             	3.56127157e+02
923             	3.56125384e+02
924             	3.56123646e+02
925             	3.56122444e+02
926             	3.56120768e+02
927             	3.56119034e+02
928             	3.56117600e+02
929             	3.56116578e+02
930             	3.56115178e+02
931             	3.56113647e+02
932             	3.56112004e+02
933             	3.56109995e+02
934             	3.56107704e+02
935             	3.56105511e+02
936             	3.56103175e+02
937             	3.56100658e+02
938             	3.56098009e+02
939             	3.56095169e+02
940             	3.56091376e+02
941             	3.56088363e+02
942             	3.56085615e+02
943             	3.56083899e+02
944             	3.56083225e+02
945             	3.56082225e+02
946             	3.56081769e+02
947             	3.56082706e+02
948             	3.56084233e+02
949             	3.56087199e+02
950             	3.56091092e+02
951             	3.56095501e+02
952             	3.56099988e+02
953             	3.56104202e+02
954             	3.56108129e+02
955             	3.56111552e+02
956             	3.56114162e+02
957             	3.56116041e+02
958             	3.56117158e+02
959             	3.56117601e+02
960             	3.56117646e+02
961             	3.56117392e+02
962             	3.56116622e+02
963             	3.56116182e+02
964             	3.56115803e+02
965             	3.56115501e+02
966             	3.56115425e+02
967             	3.56115749e+02
968             	3.56116588e+02
969             	3.56118119e+02
970             	3.56120428e+02
971             	3.56123245e+02
972             	3.56126144e+02
973             	3.56129276e+02
974             	3.56132504e+02
975             	3.56136367e+02
976             	3.56139624e+02
977             	3.56142391e+02
978             	3.56143326e+02
979             	3.56144400e+02
980             	3.56144765e+02
981             	3.56143867e+02
982             	3.56141745e+02
983             	3.56138620e+02
984             	3.56134689e+02
985             	3.56130063e+02
986             	3.56124804e+02
987             	3.56119389e+02
988             	3.56114005e+02
989             	3.56108824e+02
990             	3.56104031e+02
991             	3.56099841e+02
992             	3.56096517e+02
993             	3.56094360e+02
994             	3.56093353e+02
995             	3.56093462e+02
996             	3.56094692e+02
997             	3.56096910e+02
998             	3.56099943e+02
999             	3.56103350e+02
1000            	3.56106858e+02
1001            	3.56110833e+02
1002            	3.56115055e+02
1003            	3.56118495e+02
1004            	3.56121986e+02
1005            	3.56125121e+02
1006            	3.56127744e+02
1007            	3.56130151e+02
1008            	3.56132202e+02
1009            	3.56133863e+02
1010            	3.56134916e+02
1011            	3.56135726e+02
1012            	3.56136404e+02
1013            	3.56137119e+02
1014            	3.56137319e+02
1015            	3.56138333e+02
1016            	3.56139660e+02
1017            	3.56140853e+02
1018            	3.56141992e+02
1019            	3.56143032e+02
1020            	3.56144013e+02
1021            	3.56144977e+02
1022            	3.56145916e+02
1023            	3.56146945e+02
1024            	3.56147127e+02
1025            	3.56146993e+02
1026            	3.56146634e+02
1027            	3.56145898e+02
1028            	3.56144587e+02
1029            	3.56142447e+02
1030            	3.56140406e+02
1031            	3.56137871e+02
1032            	3.56134761e+02
1033            	3.56131480e+02
1034            	3.56127469e+02
1035            	3.56122754e+02
1036            	3.56117806e+02
1037            	3.56112867e+02
1038            	3.56108143e+02
1039            	3.56103741e+02
1040            	3.56099253e+02
1041            	3.56096071e+02
1042            	3.56094143e+02
1043            	3.56093304e+02
1044            	3.56093550e+02
1045            	3.56094749e+02
1046            	3.56096848e+02
1047            	3.56099601e+02
1048            	3.56102743e+02
1049            	3.56106198e+02
1050            	3.56110029e+02
1051            	3.56113994e+02
1052            	3.56117958e+02
1053            	3.56121761e+02
1054            	3.56125556e+02
1055            	3.56129770e+02
1056            	3.56133193e+02
1057            	3.56136278e+02
1058            	3.56139207e+02
1059            	3.56141954e+02
1060            	3.56144477e+02
1061            	3.56146777e+02
1062            	3.56148793e+02
1063            	3.56150835e+02
1064            	3.56152345e+02
1065            	3.56154082e+02
1066            	3.56155471e+02
1067            	3.56156350e+02
1068            	3.56156393e+02
1069            	3.56156242e+02
1070            	3.56155372e+02
1071            	3.56153765e+02
1072            	3.56151750e+02
1073            	3.56149891e+02
1074            	3.56147830e+02
1075            	3.56144936e+02
1076            	3.56141700e+02
1077            	3.56138719e+02
1078            	3.56135967e+02
1079            	3.56133355e+02
1080            	3.56130726e+02
1081            	3.56127374e+02
1082            	3.56124501e+02
1083            	3.56121543e+02
1084            	3.56118199e+02
1085            	3.56114182e+02
1086            	3.56109464e+02
1087            	3.56104331e+02
1088            	3.56098935e+02
1089            	3.56093646e+02
1090            	3.56088303e+02
1091            	3.56082962e+02
1092            	3.56078219e+02
1093            	3.56074288e+02
1094            	3.56071217e+02
1095            	3.56069074e+02
1096            	3.56067856e+02
1097            	3.56067434e+02
1098            	3.56067937e+02
1099            	3.56069238e+02
1100            	3.56071209e+02
1101            	3.56073628e+02
1102            	3.56076238e+02
1103            	3.56078986e+02
1104            	3.56082096e+02
1105            	3.56085142e+02
1106            	3.56088284e+02
1107            	3.56091889e+02
1108            	3.56095244e+02
1109            	3.56098475e+02
1110            	3.56101514e+02
1111            	3.56104254e+02
1112            	3.56106550e+02
1113            	3.56108384e+02
1114            	3.56109601e+02
1115            	3.56110697e+02
1116            	3.56110262e+02
1117            	3.56109872e+02
1118            	3.56108898e+02
1119            	3.56107097e+02
1120            	3.56104640e+02
1121            	3.56101706e+02
1122            	3.56099056e+02
1123            	3.56095365e+02
1124            	3.56091307e+02
1125            	3.56087205e+02
1126            	3.56083379e+02
1127            	3.56079670e+02
1128            	3.56076281e+02
1129            	3.56073130e+02
1130            	3.56070294e+02
1131            	3.56067813e+02
1132            	3.56065467e+02
1133            	3.56063160e+02
1134            	3.56060829e+02
1135            	3.56058287e+02
1136            	3.56055746e+02
1137            	3.56053138e+02
1138            	3.56050429e+02
1139            	3.56047699e+02
1140            	3.56044969e+02
1141            	3.56042228e+02
1142            	3.56039930e+02
1143            	3.56037789e+02
1144            	3.56035907e+02
1145            	3.56034374e+02
1146            	3.56033221e+02
1147            	3.56032490e+02
1148            	3.56032234e+02
1149            	3.56032528e+02
1150            	3.56033267e+02
1151            	3.56034481e+02
1152            	3.56035866e+02
1153            	3.56037640e+02
1154            	3.56039706e+02
1155            	3.56042391e+02
1156            	3.56045915e+02
1157            	3.56049092e+02
1158            	3.56052553e+02
1159            	3.56056195e+02
1160            	3.56059646e+02
1161            	3.56062813e+02
1162            	3.56065740e+02
1163            	3.56067784e+02
1164            	3.56069213e+02
1165            	3.56069584e+02
1166            	3.56070090e+02
1167            	3.56069788e+02
1168            	3.56067570e+02
1169            	3.56064676e+02
1170            	3.56061530e+02
1171            	3.56058351e+02
1172            	3.56055074e+02
1173            	3.56052109e+02
1174            	3.56049547e+02
1175            	3.56047209e+02
1176            	3.56044966e+02
1177            	3.56042591e+02
1178            	3.56040063e+02
1179            	3.56037135e+02
1180            	3.56033813e+02
1181            	3.56030166e+02
1182            	3.56026186e+02
1183            	3.56021948e+02
1184            	3.56017548e+02
1185            	3.56013725e+02
1186            	3.56010888e+02
1187            	3.56007896e+02
1188            	3.56005629e+02
1189            	3.56004243e+02
1190            	3.56003551e+02
1191            	3.56003796e+02
1192            	3.56005047e+02
1193            	3.56006744e+02
1194            	3.56008838e+02
1195            	3.56011117e+02
1196            	3.56012966e+02
1197            	3.56016296e+02
1198            	3.56018499e+02
1199            	3.56020706e+02
1200            	3.56023971e+02
1201            	3.56028064e+02
1202            	3.56033064e+02
1203            	3.56038617e+02
1204            	3.56045167e+02
1205            	3.56052082e+02
1206            	3.56059429e+02
1207            	3.56066070e+02
1208            	3.56072125e+02
1209            	3.56077238e+02
1210            	3.56081458e+02
1211            	3.56084442e+02
1212            	3.56085872e+02
1213            	3.56086109e+02
1214            	3.56085447e+02
1215            	3.56084036e+02
1216            	3.56082301e+02
1217            	3.56080860e+02
1218            	3.56079620e+02
1219            	3.56078879e+02
1220            	3.56078783e+02
1221            	3.56079323e+02
1222            	3.56080363e+02
1223            	3.56081739e+02
1224            	3.56083276e+02
1225            	3.56084809e+02
1226            	3.56086330e+02
1227            	3.56087691e+02
1228            	3.56089718e+02
1229            	3.56090707e+02
1230            	3.56091268e+02
1231            	3.56091612e+02
1232            	3.56091564e+02
1233            	3.56091022e+02
1234            	3.56089962e+02
1235            	3.56088416e+02
1236            	3.56083897e+02
1237            	3.56080060e+02
1238            	3.56076278e+02
1239            	3.56072503e+02
1240            	3.56069074e+02
1241            	3.56066003e+02
1242            	3.56063543e+02
1243            	3.56062053e+02
1244            	3.56060562e+02
1245            	3.56060571e+02
1246            	3.56061902e+02
1247            	3.56065305e+02
1248            	3.56070000e+02
1249            	3.56075203e+02
1250            	3.56080476e+02
1251            	3.56085715e+02
1252            	3.56090706e+02
1253            	3.56095219e+02
1254            	3.56095564e+02
1255            	3.56096023e+02
1256            	3.56096174e+02
1257            	3.56097529e+02
1258            	3.56098989e+02
1259            	3.56097760e+02
1260            	3.56096452e+02
1261            	3.56095214e+02
1262            	3.56093823e+02
1263            	3.56094337e+02
1264            	3.56095173e+02
1265            	3.56096244e+02
1266            	3.56097464e+02
1267            	3.56098372e+02
1268            	3.56098674e+02
1269            	3.56098370e+02
1270            	3.56098043e+02
1271            	3.56096117e+02
1272            	3.56093112e+02
1273            	3.56089461e+02
1274            	3.56086302e+02
1275            	3.56083290e+02
1276            	3.56079074e+02
1277            	3.56075734e+02
1278            	3.56072852e+02
1279            	3.56070127e+02
1280            	3.56067643e+02
1281            	3.56065279e+02
1282            	3.56062891e+02
1283            	3.56060577e+02
1284            	3.56058111e+02
1285            	3.56055708e+02
1286            	3.56054813e+02
1287            	3.56054165e+02
1288            	3.56054015e+02
1289            	3.56054427e+02
1290            	3.56055173e+02
1291            	3.56056146e+02
1292            	3.56057138e+02
1293            	3.56057951e+02
1294            	3.56058582e+02
1295            	3.56059458e+02
1296            	3.56060078e+02
1297            	3.56060080e+02
1298            	3.56059714e+02
1299            	3.56061204e+02
1300            	3.56061779e+02
1301            	3.56062888e+02
1302            	3.56066520e+02
1303            	3.56071063e+02
1304            	3.56076958e+02
1305            	3.56082697e+02
1306            	3.56089141e+02
1307            	3.56097854e+02
1308            	3.56106882e+02
1309            	3.56115481e+02
1310            	3.56123983e+02
1311            	3.56130915e+02
1312            	3.56134650e+02
1313            	3.56136309e+02
1314            	3.56136131e+02
1315            	3.56134916e+02
1316            	3.56132971e+02
1317            	3.56130389e+02
1318            	3.56127761e+02
1319            	3.56125320e+02
1320            	3.56122766e+02
1321            	3.56119736e+02
1322            	3.56116959e+02
1323            	3.56114232e+02
1324            	3.56111462e+02
1325            	3.56108761e+02
1326            	3.56106371e+02
1327            	3.56104907e+02
1328            	3.56103802e+02
1329            	3.56102525e+02
1330            	3.56101426e+02
1331            	3.56100822e+02
1332            	3.56100765e+02
1333            	3.56101556e+02
1334            	3.56101341e+02
1335            	3.56101310e+02
1336            	3.56100763e+02
1337            	3.56099600e+02
1338            	3.56097406e+02
1339            	3.56094052e+02
1340            	3.56089665e+02
1341            	3.56084598e+02
1342            	3.56079044e+02
1343            	3.56073330e+02
1344            	3.56067877e+02
1345            	3.56063098e+02
1346            	3.56059337e+02
1347            	3.56056871e+02
1348            	3.56055884e+02
1349            	3.56056152e+02
1350            	3.56057682e+02
1351            	3.56060363e+02
1352            	3.56064042e+02
1353            	3.56068121e+02
1354            	3.56073005e+02
1355            	3.56078251e+02
1356            	3.56083640e+02
1357            	3.56089115e+02
1358            	3.56094855e+02
1359            	3.56100351e+02
1360            	3.56105727e+02
1361            	3.56110440e+02
1362            	3.56114609e+02
1363            	3.56118305e+02
1364            	3.56121365e+02
1365            	3.56123564e+02
1366            	3.56124713e+02
1367            	3.56124239e+02
1368            	3.56123434e+02
1369            	3.56122097e+02
1370            	3.56119928e+02
1371            	3.56117087e+02
1372            	3.56115266e+02
1373            	3.56111616e+02
1374            	3.56107856e+02
1375            	3.56104434e+02
1376            	3.56101399e+02
1377            	3.56098704e+02
1378            	3.56096297e+02
1379            	3.56093942e+02
1380            	3.56092190e+02
1381            	3.56090839e+02
1382            	3.56089040e+02
1383            	3.56085920e+02
1384            	3.56082104e+02
1385            	3.56077890e+02
1386            	3.56073307e+02
1387            	3.56068490e+02
1388            	3.56063899e+02
1389            	3.56059463e+02
1390            	3.56055485e+02
1391            	3.56052190e+02
1392            	3.56049719e+02
1393            	3.56048141e+02
1394            	3.56047492e+02
1395            	3.56047747e+02
1396            	3.56048895e+02
1397            	3.56050852e+02
1398            	3.56053850e+02
1399            	3.56057170e+02
1400            	3.56060632e+02
1401            	3.56064328e+02
1402            	3.56068190e+02
1403            	3.56072192e+02
1404            	3.56076318e+02
1405            	3.56080843e+02
1406            	3.56085070e+02
1407            	3.56089099e+02
1408            	3.56093011e+02
1409            	3.56096620e+02
1410            	3.56100326e+02
1411            	3.56103777e+02
1412            	3.56106856e+02
1413            	3.56109532e+02
1414            	3.56110661e+02
1415            	3.56111844e+02
1416            	3.56112516e+02
1417            	3.56112420e+02
1418            	3.56112670e+02
1419            	3.56111502e+02
1420            	3.56109629e+02
1421            	3.56107404e+02
1422            	3.56104746e+02
1423            	3.56101634e+02
1424            	3.56098156e+02
1425            	3.56094471e+02
1426            	3.56090596e+02
1427            	3.56086374e+02
1428            	3.56082018e+02
1429            	3.56077532e+02
1430            	3.56072694e+02
1431            	3.56067788e+02
1432            	3.56062958e+02
1433            	3.56058276e+02
1434            	3.56053821e+02
1435            	3.56049681e+02
1436            	3.56046139e+02
1437            	3.56043150e+02
1438            	3.56040951e+02
1439            	3.56039299e+02
1440            	3.56038491e+02
1441            	3.56038426e+02
1442            	3.56038990e+02
1443            	3.56040126e+02
1444            	3.56041736e+02
1445            	3.56043845e+02
1446            	3.56046400e+02
1447            	3.56049060e+02
1448            	3.56051753e+02
1449            	3.56054572e+02
1450            	3.56058214e+02
1451            	3.56061338e+02
1452            	3.56064354e+02
1453            	3.56067426e+02
1454            	3.56070488e+02
1455            	3.56073300e+02
1456            	3.56075354e+02
1457            	3.56077658e+02
1458            	3.56079792e+02
1459            	3.56081573e+02
1460            	3.56083152e+02
1461            	3.56084623e+02
1462            	3.56086017e+02
1463            	3.56087348e+02
1464            	3.56088701e+02
1465            	3.56090143e+02
1466            	3.56091718e+02
1467            	3.56093304e+02
1468            	3.56094985e+02
1469            	3.56096647e+02
1470            	3.56098203e+02
1471            	3.56099584e+02
1472            	3.56100674e+02
1473            	3.56101425e+02
1474            	3.56101690e+02
1475            	3.56101491e+02
1476            	3.56101504e+02
1477            	3.56100688e+02
1478            	3.56099496e+02
1479            	3.56098095e+02
1480            	3.56096396e+02
1481            	3.56094333e+02
1482            	3.56091823e+02
1483            	3.56089111e+02
1484            	3.56086450e+02
1485            	3.56084038e+02
1486            	3.56081673e+02
1487            	3.56079433e+02
1488            	3.56077349e+02
1489            	3.56075538e+02
1490            	3.56074548e+02
1491            	3.56073790e+02
1492            	3.56073559e+02
1493            	3.56074010e+02
1494            	3.56075167e+02
1495            	3.56077017e+02
1496            	3.56079518e+02
1497            	3.56082324e+02
1498            	3.56085824e+02
1499            	3.56089740e+02
1500            	3.56094302e+02
1501            	3.56098439e+02
1502            	3.56102484e+02
1503            	3.56106363e+02
1504            	3.56110115e+02
1505            	3.56113682e+02
1506            	3.56116658e+02
1507            	3.56119128e+02
1508            	3.56119851e+02
1509            	3.56120951e+02
1510            	3.56121725e+02
1511            	3.56121953e+02
1512            	3.56121725e+02
1513            	3.56121202e+02
1514            	3.56120584e+02
1515            	3.56119886e+02
1516            	3.56118739e+02
1517            	3.56117350e+02
1518            	3.56116170e+02
1519            	3.56114502e+02
1520            	3.56112339e+02
1521            	3.56109842e+02
1522            	3.56107061e+02
1523            	3.56103679e+02
1524            	3.56100374e+02
1525            	3.56096964e+02
1526            	3.56093115e+02
1527            	3.56088871e+02
1528            	3.56083446e+02
1529            	3.56078372e+02
1530            	3.56073268e+02
1531            	3.56067986e+02
1532            	3.56063964e+02
1533            	3.56059467e+02
1534            	3.56055469e+02
1535            	3.56052540e+02
1536            	3.56050979e+02
1537            	3.56050622e+02
1538            	3.56051492e+02
1539            	3.56053503e+02
1540            	3.56056577e+02
1541            	3.56060261e+02
1542            	3.56063846e+02
1543            	3.56068084e+02
1544            	3.56072368e+02
1545            	3.56076454e+02
1546            	3.56080096e+02
1547            	3.56083112e+02
1548            	3.56085810e+02
1549            	3.56087831e+02
1550            	3.56088755e+02
1551            	3.56089426e+02
1552            	3.56089680e+02
1553            	3.56089553e+02
1554            	3.56088448e+02
1555            	3.56087891e+02
1556            	3.56087372e+02
1557            	3.56087423e+02
1558            	3.56088181e+02
1559            	3.56089451e+02
1560            	3.56090979e+02
1561            	3.56092571e+02
1562            	3.56094462e+02
1563            	3.56096701e+02
1564            	3.56099167e+02
1565            	3.56101369e+02
1566            	3.56103432e+02
1567            	3.56105767e+02
1568            	3.56107912e+02
1569            	3.56109615e+02
1570            	3.56110699e+02
1571            	3.56111084e+02
1572            	3.56110562e+02
1573            	3.56109025e+02
1574            	3.56106462e+02
1575            	3.56102962e+02
1576            	3.56098724e+02
1577            	3.56093998e+02
1578            	3.56089104e+02
1579            	3.56084244e+02
1580            	3.56079597e+02
1581            	3.56075308e+02
1582            	3.56072134e+02
1583            	3.56068968e+02
1584            	3.56066255e+02
1585            	3.56064124e+02
1586            	3.56062059e+02
1587            	3.56060278e+02
1588            	3.56059273e+02
1589            	3.56058548e+02
1590            	3.56057837e+02
1591            	3.56057053e+02
1592            	3.56056089e+02
1593            	3.56054879e+02
1594            	3.56053335e+02
1595            	3.56051638e+02
1596            	3.56049955e+02
1597            	3.56048568e+02
1598            	3.56047221e+02
1599            	3.56046193e+02
1600            	3.56045673e+02
1601            	3.56045766e+02
1602            	3.56046530e+02
1603            	3.56047983e+02
1604            	3.56050110e+02
1605            	3.56052965e+02
1606            	3.56056334e+02
1607            	3.56060304e+02
1608            	3.56064659e+02
1609            	3.56069177e+02
1610            	3.56073699e+02
1611            	3.56078198e+02
1612            	3.56081731e+02
1613            	3.56085522e+02
1614            	3.56089037e+02
1615            	3.56091914e+02
1616            	3.56094220e+02
1617            	3.56096130e+02
1618            	3.56096709e+02
1619            	3.56096472e+02
1620            	3.56095589e+02
1621            	3.56093946e+02
1622            	3.56092400e+02
1623            	3.56090363e+02
1624            	3.56088191e+02
1625            	3.56086024e+02
1626            	3.56083794e+02
1627            	3.56081361e+02
1628            	3.56078820e+02
1629            	3.56076126e+02
1630            	3.56073051e+02
1631            	3.56069667e+02
1632            	3.56066025e+02
1633            	3.56062208e+02
1634            	3.56058333e+02
1635            	3.56054406e+02
1636            	3.56051101e+02
1637            	3.56047837e+02
1638            	3.56045050e+02
1639            	3.56042848e+02
1640            	3.56041278e+02
1641            	3.56040389e+02
1642            	3.56040222e+02
1643            	3.56040837e+02
1644            	3.56042144e+02
1645            	3.56044126e+02
1646            	3.56046297e+02
1647            	3.56048986e+02
1648            	3.56051937e+02
1649            	3.56054989e+02
1650            	3.56058192e+02
1651            	3.56061357e+02
1652            	3.56064306e+02
1653            	3.56066994e+02
1654            	3.56069453e+02
1655            	3.56071734e+02
1656            	3.56073899e+02
1657            	3.56076059e+02
1658            	3.56078308e+02
1659            	3.56080761e+02
1660            	3.56083125e+02
1661            	3.56085957e+02
1662            	3.56089119e+02
1663            	3.56092445e+02
1664            	3.56095417e+02
1665            	3.56097725e+02
1666            	3.56100148e+02
1667            	3.56102042e+02
1668            	3.56103165e+02
1669            	3.56103569e+02
1670            	3.56103335e+02
1671            	3.56102596e+02
1672            	3.56101144e+02
1673            	3.56099082e+02
1674            	3.56095983e+02
1675            	3.56092496e+02
1676            	3.56088976e+02
1677            	3.56085702e+02
1678            	3.56082340e+02
1679            	3.56078699e+02
1680            	3.56074881e+02
1681            	3.56071000e+02
1682            	3.56067213e+02
1683            	3.56063495e+02
1684            	3.56060256e+02
1685            	3.56057390e+02
1686            	3.56054987e+02
1687            	3.56053071e+02
1688            	3.56051667e+02
1689            	3.56050812e+02
1690            	3.56050528e+02
1691            	3.56050936e+02
1692            	3.56052070e+02
1693            	3.56054038e+02
1694            	3.56056869e+02
1695            	3.56060638e+02
1696            	3.56065468e+02
1697            	3.56071328e+02
1698            	3.56078025e+02
1699            	3.56085198e+02
1700            	3.56092487e+02
1701            	3.56100149e+02
1702            	3.56107806e+02
1703            	3.56115194e+02
1704            	3.56122147e+02
1705            	3.56128470e+02
1706            	3.56133981e+02
1707            	3.56138774e+02
1708            	3.56142623e+02
1709            	3.56145634e+02
1710            	3.56147742e+02
1711            	3.56149028e+02
1712            	3.56148831e+02
1713            	3.56148455e+02
1714            	3.56146652e+02
1715            	3.56144515e+02
1716            	3.56141717e+02
1717            	3.56138329e+02
1718            	3.56134883e+02
1719            	3.56130844e+02
1720            	3.56126925e+02
1721            	3.56123025e+02
1722            	3.56119505e+02
1723            	3.56116259e+02
1724            	3.56113678e+02
1725            	3.56111496e+02
1726            	3.56109725e+02
1727            	3.56107575e+02
1728            	3.56106019e+02
1729            	3.56104469e+02
1730            	3.56102546e+02
1731            	3.56100169e+02
1732            	3.56097350e+02
1733            	3.56094133e+02
1734            	3.56090569e+02
1735            	3.56086738e+02
1736            	3.56082863e+02
1737            	3.56078953e+02
1738            	3.56075282e+02
1739            	3.56071925e+02
1740            	3.56069044e+02
1741            	3.56066809e+02
1742            	3.56065387e+02
1743            	3.56064899e+02
1744            	3.56065478e+02
1745            	3.56067226e+02
1746            	3.56069876e+02
1747            	3.56073156e+02
1748            	3.56076671e+02
1749            	3.56080996e+02
1750            	3.56085795e+02
1751            	3.56090810e+02
1752            	3.56095671e+02
1753            	3.56100563e+02
1754            	3.56105159e+02
1755            	3.56109287e+02
1756            	3.56112932e+02
1757            	3.56116024e+02
1758            	3.56118462e+02
1759            	3.56119928e+02
1760            	3.56120219e+02
1761            	3.56120445e+02
1762            	3.56120240e+02
1763            	3.56118890e+02
1764            	3.56117262e+02
1765            	3.56115165e+02
1766            	3.56112356e+02
1767            	3.56109143e+02
1768            	3.56105316e+02
1769            	3.56102575e+02
1770            	3.56098554e+02
1771            	3.56094331e+02
1772            	3.56090506e+02
1773            	3.56087110e+02
1774            	3.56084237e+02
1775            	3.56081781e+02
1776            	3.56079892e+02
1777            	3.56078457e+02
1778            	3.56077311e+02
1779            	3.56075836e+02
1780            	3.56074680e+02
1781            	3.56073548e+02
1782            	3.56072273e+02
1783            	3.56070857e+02
1784            	3.56069760e+02
1785            	3.56068341e+02
1786            	3.56067628e+02
1787            	3.56066742e+02
1788            	3.56066080e+02
1789            	3.56065788e+02
1790            	3.56065756e+02
1791            	3.56065782e+02
1792            	3.56065804e+02
1793            	3.56066390e+02
1794            	3.56067127e+02
1795            	3.56067789e+02
1796            	3.56068158e+02
1797            	3.56068953e+02
1798            	3.56069138e+02
1799            	3.56069303e+02
1800            	3.56069811e+02
1801            	3.56070858e+02
1802            	3.56072858e+02
1803            	3.56075349e+02
1804            	3.56078445e+02
1805            	3.56082134e+02
1806            	3.56084819e+02
1807            	3.56087908e+02
1808            	3.56091779e+02
1809            	3.56095325e+02
1810            	3.56098885e+02
1811            	3.56101233e+02
1812            	3.56102737e+02
1813            	3.56103618e+02
1814            	3.56104032e+02
1815            	3.56104048e+02
1816            	3.56103575e+02
1817            	3.56102469e+02
1818            	3.56101056e+02
1819            	3.56099849e+02
1820            	3.56098658e+02
1821            	3.56097290e+02
1822            	3.56095562e+02
1823            	3.56093511e+02
1824            	3.56091139e+02
1825            	3.56088625e+02
1826            	3.56085979e+02
1827            	3.56082809e+02
1828            	3.56079349e+02
1829            	3.56075988e+02
1830            	3.56072593e+02
1831            	3.56069074e+02
1832            	3.56065727e+02
1833            	3.56062504e+02
1834            	3.56059615e+02
1835            	3.56057284e+02
1836            	3.56055914e+02
1837            	3.56055306e+02
1838            	3.56055447e+02
1839            	3.56056372e+02
1840            	3.56058064e+02
1841            	3.56060556e+02
1842            	3.56063883e+02
1843            	3.56067925e+02
1844            	3.56072625e+02
1845            	3.56078004e+02
1846            	3.56083746e+02
1847            	3.56090083e+02
1848            	3.56096835e+02
1849            	3.56103774e+02
1850            	3.56110350e+02
1851            	3.56116869e+02
1852            	3.56123024e+02
1853            	3.56128931e+02
1854            	3.56133976e+02
1855            	3.56137927e+02
1856            	3.56140862e+02
1857            	3.56142928e+02
1858            	3.56144294e+02
1859            	3.56144992e+02
1860            	3.56145315e+02
1861            	3.56145282e+02
1862            	3.56144031e+02
1863            	3.56142953e+02
1864            	3.56141916e+02
1865            	3.56140689e+02
1866            	3.56139262e+02
1867            	3.56137575e+02
1868            	3.56135717e+02
1869            	3.56133763e+02
1870            	3.56131760e+02
1871            	3.56129809e+02
1872            	3.56129018e+02
1873            	3.56127269e+02
1874            	3.56125688e+02
1875            	3.56124427e+02
1876            	3.56123310e+02
1877            	3.56122737e+02
1878            	3.56122418e+02
1879            	3.56122173e+02
1880            	3.56121746e+02
1881            	3.56121043e+02
1882            	3.56120090e+02
1883            	3.56118903e+02
1884            	3.56117637e+02
1885            	3.56116420e+02
1886            	3.56115371e+02
1887            	3.56114542e+02
1888            	3.56114095e+02
1889            	3.56114132e+02
1890            	3.56114814e+02
1891            	3.56116218e+02
1892            	3.56118466e+02
1893            	3.56121209e+02
1894            	3.56124989e+02
1895            	3.56129180e+02
1896            	3.56133902e+02
1897            	3.56138892e+02
1898            	3.56143880e+02
1899            	3.56148664e+02
1900            	3.56153203e+02
1901            	3.56157918e+02
1902            	3.56161714e+02
1903            	3.56164880e+02
1904            	3.56167847e+02
1905            	3.56170372e+02
1906            	3.56172118e+02
1907            	3.56172226e+02
1908            	3.56172691e+02
1909            	3.56172679e+02
1910            	3.56172194e+02
1911            	3.56171115e+02
1912            	3.56169805e+02
1913            	3.56167406e+02
1914            	3.56164651e+02
1915            	3.56161838e+02
1916            	3.56159131e+02
1917            	3.56156667e+02
1918            	3.56154637e+02
1919            	3.56153106e+02
1920            	3.56151935e+02
1921            	3.56150961e+02
1922            	3.56149930e+02
1923            	3.56148759e+02
1924            	3.56148095e+02
1925            	3.56146644e+02
1926            	3.56145025e+02
1927            	3.56143349e+02
1928            	3.56141785e+02
1929            	3.56140289e+02
1930            	3.56139392e+02
1931            	3.56138394e+02
1932            	3.56137648e+02
1933            	3.56137103e+02
1934            	3.56136754e+02
1935            	3.56136706e+02
1936            	3.56137042e+02
1937            	3.56139161e+02
1938            	3.56141229e+02
1939            	3.56143614e+02
1940            	3.56147501e+02
1941            	3.56152336e+02
1942            	3.56156909e+02
1943            	3.56162075e+02
1944            	3.56167693e+02
1945            	3.56172992e+02
1946            	3.56177828e+02
1947            	3.56182273e+02
1948            	3.56186412e+02
1949            	3.56191150e+02
1950            	3.56194397e+02
1951            	3.56197219e+02
1952            	3.56199542e+02
1953            	3.56201754e+02
1954            	3.56204444e+02
1955            	3.56207254e+02
1956            	3.56209934e+02
1957            	3.56212311e+02
1958            	3.56213406e+02
1959            	3.56214806e+02
1960            	3.56216078e+02
1961            	3.56216896e+02
1962            	3.56216181e+02
1963            	3.56215564e+02
1964            	3.56213282e+02
1965            	3.56211281e+02
1966            	3.56208420e+02
1967            	3.56205298e+02
1968            	3.56201989e+02
1969            	3.56198177e+02
1970            	3.56193507e+02
1971            	3.56188978e+02
1972            	3.56184770e+02
1973            	3.56180559e+02
1974            	3.56175988e+02
1975            	3.56170970e+02
1976            	3.56165616e+02
1977            	3.56160100e+02
1978            	3.56154438e+02
1979            	3.56148992e+02
1980            	3.56143207e+02
1981            	3.56138771e+02
1982            	3.56135368e+02
1983            	3.56132597e+02
1984            	3.56130972e+02
1985            	3.56130294e+02
1986            	3.56129665e+02
1987            	3.56127410e+02
1988            	3.56126250e+02
1989            	3.56125499e+02
1990            	3.56124769e+02
1991            	3.56124020e+02
1992            	3.56125853e+02
1993            	3.56127156e+02
1994            	3.56126591e+02
1995            	3.56125734e+02
1996            	3.56127864e+02
1997            	3.56131457e+02
1998            	3.56135252e+02
1999            	3.56136266e+02
2000            	3.56138414e+02
