# Region        : cellZone component_0
# Cells         : 192
# Volume        : 3.69586429e-01
# Time          	volAverage(T)
1               	3.05596246e+02
2               	3.11000544e+02
3               	3.14769149e+02
4               	3.17453637e+02
5               	3.20479551e+02
6               	3.24215774e+02
7               	3.27838198e+02
8               	3.30678165e+02
9               	3.33100124e+02
10              	3.35763535e+02
11              	3.38647579e+02
12              	3.41235139e+02
13              	3.43344435e+02
14              	3.45251677e+02
15              	3.47339924e+02
16              	3.49564913e+02
17              	3.51638881e+02
18              	3.53260500e+02
19              	3.54838936e+02
20              	3.56541670e+02
21              	3.58506493e+02
22              	3.60249052e+02
23              	3.61674188e+02
24              	3.63012041e+02
25              	3.64404132e+02
26              	3.65782098e+02
27              	3.67031289e+02
28              	3.68127164e+02
29              	3.69163902e+02
30              	3.70210643e+02
31              	3.71217311e+02
32              	3.72110755e+02
33              	3.72861348e+02
34              	3.73640618e+02
35              	3.74437138e+02
36              	3.75162219e+02
37              	3.75749455e+02
38              	3.76390922e+02
39              	3.77318859e+02
40              	3.78466926e+02
41              	3.79331017e+02
42              	3.79707021e+02
43              	3.80094685e+02
44              	3.80845431e+02
45              	3.81564580e+02
46              	3.81832939e+02
47              	3.81774933e+02
48              	3.82041907e+02
49              	3.82789219e+02
50              	3.83530723e+02
51              	3.83779598e+02
52              	3.83998190e+02
53              	3.84744200e+02
54              	3.85967444e+02
55              	3.86669904e+02
56              	3.86662502e+02
57              	3.86769985e+02
58              	3.87512495e+02
59              	3.88340543e+02
60              	3.88434919e+02
61              	3.88056694e+02
62              	3.88168564e+02
63              	3.89077741e+02
64              	3.89801799e+02
65              	3.89536743e+02
66              	3.89045091e+02
67              	3.89584078e+02
68              	3.91017555e+02
69              	3.91671315e+02
70              	3.90924973e+02
71              	3.90421302e+02
72              	3.91363408e+02
73              	3.92725553e+02
74              	3.92630962e+02
75              	3.91595234e+02
76              	3.91423928e+02
77              	3.92835506e+02
78              	3.94224429e+02
79              	3.93970129e+02
80              	3.93269757e+02
81              	3.93717462e+02
82              	3.95243401e+02
83              	3.96163013e+02
84              	3.95645135e+02
85              	3.94975601e+02
86              	3.95429034e+02
87              	3.96565497e+02
88              	3.96813832e+02
89              	3.95945198e+02
90              	3.95521581e+02
91              	3.96506399e+02
92              	3.97792478e+02
93              	3.97640024e+02
94              	3.96657116e+02
95              	3.96538253e+02
96              	3.97774211e+02
97              	3.98805683e+02
98              	3.98232812e+02
99              	3.97444373e+02
100             	3.97986549e+02
101             	3.99503881e+02
102             	4.00264369e+02
103             	3.99687613e+02
104             	3.99162438e+02
105             	3.99776360e+02
106             	4.00897262e+02
107             	4.00999317e+02
108             	4.00080877e+02
109             	3.99637896e+02
110             	4.00580659e+02
111             	4.01667628e+02
112             	4.01091482e+02
113             	3.99905007e+02
114             	3.99855522e+02
115             	4.01198521e+02
116             	4.02200287e+02
117             	4.01553314e+02
118             	4.00719980e+02
119             	4.01180366e+02
120             	4.02448262e+02
121             	4.02720274e+02
122             	4.01671892e+02
123             	4.00994442e+02
124             	4.01753037e+02
125             	4.02855288e+02
126             	4.02568422e+02
127             	4.01487434e+02
128             	4.01259552e+02
129             	4.02370885e+02
130             	4.03362153e+02
131             	4.02801487e+02
132             	4.01876525e+02
133             	4.02087341e+02
134             	4.03318065e+02
135             	4.03862781e+02
136             	4.02988750e+02
137             	4.02281949e+02
138             	4.02962349e+02
139             	4.04206843e+02
140             	4.04260373e+02
141             	4.03288861e+02
142             	4.02960750e+02
143             	4.04066593e+02
144             	4.05199836e+02
145             	4.04713600e+02
146             	4.03646656e+02
147             	4.03640904e+02
148             	4.04819814e+02
149             	4.05544290e+02
150             	4.04756959e+02
151             	4.03852178e+02
152             	4.04208875e+02
153             	4.05387456e+02
154             	4.05631574e+02
155             	4.04592813e+02
156             	4.04003242e+02
157             	4.04919164e+02
158             	4.06099119e+02
159             	4.05708146e+02
160             	4.04577961e+02
161             	4.04426837e+02
162             	4.05602472e+02
163             	4.06496895e+02
164             	4.05836391e+02
165             	4.04908648e+02
166             	4.05166769e+02
167             	4.06361490e+02
168             	4.06812350e+02
169             	4.05950820e+02
170             	4.05293058e+02
171             	4.05934046e+02
172             	4.07049081e+02
173             	4.06942119e+02
174             	4.05870120e+02
175             	4.05487398e+02
176             	4.06529609e+02
177             	4.07562001e+02
178             	4.06932869e+02
179             	4.05792142e+02
180             	4.05797830e+02
181             	4.07021639e+02
182             	4.07724623e+02
183             	4.06882015e+02
184             	4.05995378e+02
185             	4.06445448e+02
186             	4.07640861e+02
187             	4.07804101e+02
188             	4.06749138e+02
189             	4.06208448e+02
190             	4.07148775e+02
191             	4.08245883e+02
192             	4.07736428e+02
193             	4.06587068e+02
194             	4.06484450e+02
195             	4.07649531e+02
196             	4.08430073e+02
197             	4.07671613e+02
198             	4.06744609e+02
199             	4.07060982e+02
200             	4.08238264e+02
201             	4.08542399e+02
202             	4.07533508e+02
203             	4.06856985e+02
204             	4.07615846e+02
205             	4.08723858e+02
206             	4.08384002e+02
207             	4.07200233e+02
208             	4.06889055e+02
209             	4.07981535e+02
210             	4.08912291e+02
211             	4.08188440e+02
212             	4.07105520e+02
213             	4.07232805e+02
214             	4.08424655e+02
215             	4.08919518e+02
216             	4.07987041e+02
217             	4.07207904e+02
218             	4.07810375e+02
219             	4.08958653e+02
220             	4.08868393e+02
221             	4.07764936e+02
222             	4.07332730e+02
223             	4.08364878e+02
224             	4.09437567e+02
225             	4.08831612e+02
226             	4.07663570e+02
227             	4.07612420e+02
228             	4.08795592e+02
229             	4.09486585e+02
230             	4.08599152e+02
231             	4.07639244e+02
232             	4.08028484e+02
233             	4.09203482e+02
234             	4.09339254e+02
235             	4.08227546e+02
236             	4.07653007e+02
237             	4.08613804e+02
238             	4.09744892e+02
239             	4.09221656e+02
240             	4.08036808e+02
241             	4.07898399e+02
242             	4.09050140e+02
243             	4.09822732e+02
244             	4.09000087e+02
245             	4.07987713e+02
246             	4.08247913e+02
247             	4.09395935e+02
248             	4.09636201e+02
249             	4.08527833e+02
250             	4.07827061e+02
251             	4.08656399e+02
252             	4.09787399e+02
253             	4.09340869e+02
254             	4.08135033e+02
255             	4.07917286e+02
256             	4.09077717e+02
257             	4.09960097e+02
258             	4.09189474e+02
259             	4.08146188e+02
260             	4.08363514e+02
261             	4.09561029e+02
262             	4.09957778e+02
263             	4.08975291e+02
264             	4.08251633e+02
265             	4.08949151e+02
266             	4.10075742e+02
267             	4.09831101e+02
268             	4.08682392e+02
269             	4.08319629e+02
270             	4.09387224e+02
271             	4.10371630e+02
272             	4.09669805e+02
273             	4.08519539e+02
274             	4.08566179e+02
275             	4.09770995e+02
276             	4.10336883e+02
277             	4.09351818e+02
278             	4.08453041e+02
279             	4.08995583e+02
280             	4.10177435e+02
281             	4.10099243e+02
282             	4.08916351e+02
283             	4.08393761e+02
284             	4.09411992e+02
285             	4.10530190e+02
286             	4.09892984e+02
287             	4.08632047e+02
288             	4.08507779e+02
289             	4.09696479e+02
290             	4.10446325e+02
291             	4.09570258e+02
292             	4.08558888e+02
293             	4.08873910e+02
294             	4.10051106e+02
295             	4.10274551e+02
296             	4.09200318e+02
297             	4.08573635e+02
298             	4.09449776e+02
299             	4.10580893e+02
300             	4.10122150e+02
301             	4.08933029e+02
302             	4.08730368e+02
303             	4.09859496e+02
304             	4.10675172e+02
305             	4.09853826e+02
306             	4.08792474e+02
307             	4.09011585e+02
308             	4.10187990e+02
309             	4.10495967e+02
310             	4.09409648e+02
311             	4.08681974e+02
312             	4.09473812e+02
313             	4.10624464e+02
314             	4.10238096e+02
315             	4.09030001e+02
316             	4.08749797e+02
317             	4.09868485e+02
318             	4.10772268e+02
319             	4.10002785e+02
320             	4.08906359e+02
321             	4.09059844e+02
322             	4.10246349e+02
323             	4.10662700e+02
324             	4.09631561e+02
325             	4.08839403e+02
326             	4.09515008e+02
327             	4.10665285e+02
328             	4.10407956e+02
329             	4.09210480e+02
330             	4.08818846e+02
331             	4.09892437e+02
332             	4.10896431e+02
333             	4.10182102e+02
334             	4.09005549e+02
335             	4.09036275e+02
336             	4.10237964e+02
337             	4.10818180e+02
338             	4.09865880e+02
339             	4.08982847e+02
340             	4.09499646e+02
341             	4.10672480e+02
342             	4.10650902e+02
343             	4.09507342e+02
344             	4.08981167e+02
345             	4.09974308e+02
346             	4.11082652e+02
347             	4.10460448e+02
348             	4.09209500e+02
349             	4.09080785e+02
350             	4.10269253e+02
351             	4.11019122e+02
352             	4.10121385e+02
353             	4.09096533e+02
354             	4.09429161e+02
355             	4.10626459e+02
356             	4.10828126e+02
357             	4.09706313e+02
358             	4.09069450e+02
359             	4.09986479e+02
360             	4.11126086e+02
361             	4.10605907e+02
362             	4.09392220e+02
363             	4.09228609e+02
364             	4.10389851e+02
365             	4.11182136e+02
366             	4.10337722e+02
367             	4.09304833e+02
368             	4.09584775e+02
369             	4.10772449e+02
370             	4.11024357e+02
371             	4.09907202e+02
372             	4.09219843e+02
373             	4.10080686e+02
374             	4.11216768e+02
375             	4.10718524e+02
376             	4.09476197e+02
377             	4.09255876e+02
378             	4.10403052e+02
379             	4.11227586e+02
380             	4.10382018e+02
381             	4.09304056e+02
382             	4.09534246e+02
383             	4.10718561e+02
384             	4.11021913e+02
385             	4.09937918e+02
386             	4.09210764e+02
387             	4.09990316e+02
388             	4.11130396e+02
389             	4.10758371e+02
390             	4.09566784e+02
391             	4.09288861e+02
392             	4.10384344e+02
393             	4.11264649e+02
394             	4.10496877e+02
395             	4.09398488e+02
396             	4.09535738e+02
397             	4.10712317e+02
398             	4.11130046e+02
399             	4.10098543e+02
400             	4.09304490e+02
401             	4.09986226e+02
402             	4.11138350e+02
403             	4.10893466e+02
404             	4.09714204e+02
405             	4.09331864e+02
406             	4.10415504e+02
407             	4.11441124e+02
408             	4.10747423e+02
409             	4.09564832e+02
410             	4.09577330e+02
411             	4.10768372e+02
412             	4.11346541e+02
413             	4.10370678e+02
414             	4.09448439e+02
415             	4.09932388e+02
416             	4.11091964e+02
417             	4.11056611e+02
418             	4.09863857e+02
419             	4.09297808e+02
420             	4.10295045e+02
421             	4.11418247e+02
422             	4.10785469e+02
423             	4.09520162e+02
424             	4.09393765e+02
425             	4.10577832e+02
426             	4.11312523e+02
427             	4.10406404e+02
428             	4.09381504e+02
429             	4.09699747e+02
430             	4.10875768e+02
431             	4.11075166e+02
432             	4.09969704e+02
433             	4.09331414e+02
434             	4.10219192e+02
435             	4.11341232e+02
436             	4.10839421e+02
437             	4.09629714e+02
438             	4.09437948e+02
439             	4.10565496e+02
440             	4.11339629e+02
441             	4.10482601e+02
442             	4.09422971e+02
443             	4.09670452e+02
444             	4.10848840e+02
445             	4.11114286e+02
446             	4.10010948e+02
447             	4.09324325e+02
448             	4.10176789e+02
449             	4.11326677e+02
450             	4.10873775e+02
451             	4.09655320e+02
452             	4.09422758e+02
453             	4.10550974e+02
454             	4.11391292e+02
455             	4.10575581e+02
456             	4.09494923e+02
457             	4.09697267e+02
458             	4.10882696e+02
459             	4.11225185e+02
460             	4.10159613e+02
461             	4.09423589e+02
462             	4.10194527e+02
463             	4.11351209e+02
464             	4.10996106e+02
465             	4.09793839e+02
466             	4.09495104e+02
467             	4.10607703e+02
468             	4.11532719e+02
469             	4.10771058e+02
470             	4.09652660e+02
471             	4.09781981e+02
472             	4.10980023e+02
473             	4.11438207e+02
474             	4.10427601e+02
475             	4.09618520e+02
476             	4.10261917e+02
477             	4.11420154e+02
478             	4.11213039e+02
479             	4.10025255e+02
480             	4.09599219e+02
481             	4.10653464e+02
482             	4.11678853e+02
483             	4.10966690e+02
484             	4.09746800e+02
485             	4.09722126e+02
486             	4.10915708e+02
487             	4.11529724e+02
488             	4.10563799e+02
489             	4.09618066e+02
490             	4.10082465e+02
491             	4.11263554e+02
492             	4.11281711e+02
493             	4.10130661e+02
494             	4.09572279e+02
495             	4.10548275e+02
496             	4.11666679e+02
497             	4.11067714e+02
498             	4.09819177e+02
499             	4.09674765e+02
500             	4.10842498e+02
501             	4.11592066e+02
502             	4.10701148e+02
503             	4.09660979e+02
504             	4.09958518e+02
505             	4.11134759e+02
506             	4.11332532e+02
507             	4.10186524e+02
508             	4.09515181e+02
509             	4.10414122e+02
510             	4.11548569e+02
511             	4.11002522e+02
512             	4.09756879e+02
513             	4.09579424e+02
514             	4.10736985e+02
515             	4.11517689e+02
516             	4.10646882e+02
517             	4.09592921e+02
518             	4.09863149e+02
519             	4.11039237e+02
520             	4.11278780e+02
521             	4.10161538e+02
522             	4.09471051e+02
523             	4.10322020e+02
524             	4.11451452e+02
525             	4.10969721e+02
526             	4.09748406e+02
527             	4.09534627e+02
528             	4.10672004e+02
529             	4.11497184e+02
530             	4.10678174e+02
531             	4.09621279e+02
532             	4.09850797e+02
533             	4.11032627e+02
534             	4.11353618e+02
535             	4.10293461e+02
536             	4.09573878e+02
537             	4.10347334e+02
538             	4.11491304e+02
539             	4.11126655e+02
540             	4.09922502e+02
541             	4.09621443e+02
542             	4.10725389e+02
543             	4.11633545e+02
544             	4.10845791e+02
545             	4.09707934e+02
546             	4.09830451e+02
547             	4.11020745e+02
548             	4.11448477e+02
549             	4.10392270e+02
550             	4.09569509e+02
551             	4.10236288e+02
552             	4.11397986e+02
553             	4.11145232e+02
554             	4.09938630e+02
555             	4.09538149e+02
556             	4.10606823e+02
557             	4.11608830e+02
558             	4.10882335e+02
559             	4.09682622e+02
560             	4.09690363e+02
561             	4.10884642e+02
562             	4.11456542e+02
563             	4.10473702e+02
564             	4.09561223e+02
565             	4.10066447e+02
566             	4.11237433e+02
567             	4.11200469e+02
568             	4.10046956e+02
569             	4.09522008e+02
570             	4.10521401e+02
571             	4.11630362e+02
572             	4.11008851e+02
573             	4.09755882e+02
574             	4.09621899e+02
575             	4.10794702e+02
576             	4.11542290e+02
577             	4.10650055e+02
578             	4.09615466e+02
579             	4.09925880e+02
580             	4.11110122e+02
581             	4.11309958e+02
582             	4.10179064e+02
583             	4.09527282e+02
584             	4.10437868e+02
585             	4.11571286e+02
586             	4.11029389e+02
587             	4.09795836e+02
588             	4.09627512e+02
589             	4.10791272e+02
590             	4.11578397e+02
591             	4.10717964e+02
592             	4.09674500e+02
593             	4.09955054e+02
594             	4.11141530e+02
595             	4.11384344e+02
596             	4.10259951e+02
597             	4.09570987e+02
598             	4.10435883e+02
599             	4.11570174e+02
600             	4.11060727e+02
601             	4.09815568e+02
602             	4.09602078e+02
603             	4.10750377e+02
604             	4.11568978e+02
605             	4.10719335e+02
606             	4.09644857e+02
607             	4.09881909e+02
608             	4.11068400e+02
609             	4.11364506e+02
610             	4.10275439e+02
611             	4.09558087e+02
612             	4.10357033e+02
613             	4.11498773e+02
614             	4.11098381e+02
615             	4.09890139e+02
616             	4.09616423e+02
617             	4.10720867e+02
618             	4.11589356e+02
619             	4.10790112e+02
620             	4.09677652e+02
621             	4.09828390e+02
622             	4.11008515e+02
623             	4.11395190e+02
624             	4.10329824e+02
625             	4.09531925e+02
626             	4.10228294e+02
627             	4.11387317e+02
628             	4.11089305e+02
629             	4.09873875e+02
630             	4.09507126e+02
631             	4.10597841e+02
632             	4.11579114e+02
633             	4.10837488e+02
634             	4.09665029e+02
635             	4.09721864e+02
636             	4.10918900e+02
637             	4.11449522e+02
638             	4.10458299e+02
639             	4.09582470e+02
640             	4.10138780e+02
641             	4.11304097e+02
642             	4.11196643e+02
643             	4.10023416e+02
644             	4.09524422e+02
645             	4.10553779e+02
646             	4.11665815e+02
647             	4.11015231e+02
648             	4.09758300e+02
649             	4.09660041e+02
650             	4.10870817e+02
651             	4.11616306e+02
652             	4.10715085e+02
653             	4.09706331e+02
654             	4.10061486e+02
655             	4.11258092e+02
656             	4.11432243e+02
657             	4.10302949e+02
658             	4.09672629e+02
659             	4.10594173e+02
660             	4.11725624e+02
661             	4.11174970e+02
662             	4.09935342e+02
663             	4.09763244e+02
664             	4.10921127e+02
665             	4.11703848e+02
666             	4.10831431e+02
667             	4.09775386e+02
668             	4.10054552e+02
669             	4.11247722e+02
670             	4.11497383e+02
671             	4.10379560e+02
672             	4.09689664e+02
673             	4.10545466e+02
674             	4.11674154e+02
675             	4.11178477e+02
676             	4.09945059e+02
677             	4.09729444e+02
678             	4.10853996e+02
679             	4.11654808e+02
680             	4.10803109e+02
681             	4.09733015e+02
682             	4.09974716e+02
683             	4.11170294e+02
684             	4.11470831e+02
685             	4.10374241e+02
686             	4.09649826e+02
687             	4.10448436e+02
688             	4.11588418e+02
689             	4.11160083e+02
690             	4.09923843e+02
691             	4.09643465e+02
692             	4.10755657e+02
693             	4.11630045e+02
694             	4.10828380e+02
695             	4.09725451e+02
696             	4.09899033e+02
697             	4.11087217e+02
698             	4.11475221e+02
699             	4.10426633e+02
700             	4.09648947e+02
701             	4.10355401e+02
702             	4.11503166e+02
703             	4.11211993e+02
704             	4.10017613e+02
705             	4.09657121e+02
706             	4.10737167e+02
707             	4.11703791e+02
708             	4.10969560e+02
709             	4.09808645e+02
710             	4.09865819e+02
711             	4.11056194e+02
712             	4.11583058e+02
713             	4.10590674e+02
714             	4.09708257e+02
715             	4.10254445e+02
716             	4.11421548e+02
717             	4.11305085e+02
718             	4.10110270e+02
719             	4.09594070e+02
720             	4.10624936e+02
721             	4.11748173e+02
722             	4.11101953e+02
723             	4.09840821e+02
724             	4.09740536e+02
725             	4.10952242e+02
726             	4.11699431e+02
727             	4.10794881e+02
728             	4.09776376e+02
729             	4.10119618e+02
730             	4.11304849e+02
731             	4.11468674e+02
732             	4.10320739e+02
733             	4.09667946e+02
734             	4.10572364e+02
735             	4.11689545e+02
736             	4.11118884e+02
737             	4.09856928e+02
738             	4.09677426e+02
739             	4.10840000e+02
740             	4.11618498e+02
741             	4.10741251e+02
742             	4.09695583e+02
743             	4.09987786e+02
744             	4.11178363e+02
745             	4.11416006e+02
746             	4.10300352e+02
747             	4.09626217e+02
748             	4.10495130e+02
749             	4.11630089e+02
750             	4.11144443e+02
751             	4.09925296e+02
752             	4.09716975e+02
753             	4.10853594e+02
754             	4.11664697e+02
755             	4.10822892e+02
756             	4.09752968e+02
757             	4.09975196e+02
758             	4.11145601e+02
759             	4.11434269e+02
760             	4.10328898e+02
761             	4.09599060e+02
762             	4.10402033e+02
763             	4.11549709e+02
764             	4.11135685e+02
765             	4.09918908e+02
766             	4.09653910e+02
767             	4.10778736e+02
768             	4.11654687e+02
769             	4.10864014e+02
770             	4.09772838e+02
771             	4.09943035e+02
772             	4.11126253e+02
773             	4.11513615e+02
774             	4.10468843e+02
775             	4.09689690e+02
776             	4.10387121e+02
777             	4.11537523e+02
778             	4.11247953e+02
779             	4.10039607e+02
780             	4.09665425e+02
781             	4.10747476e+02
782             	4.11723680e+02
783             	4.10970964e+02
784             	4.09786436e+02
785             	4.09837623e+02
786             	4.11038552e+02
787             	4.11568605e+02
788             	4.10568349e+02
789             	4.09686655e+02
790             	4.10240937e+02
791             	4.11402418e+02
792             	4.11292457e+02
793             	4.10112992e+02
794             	4.09607015e+02
795             	4.10617639e+02
796             	4.11708520e+02
797             	4.11057641e+02
798             	4.09802677e+02
799             	4.09693505e+02
800             	4.10884995e+02
801             	4.11619018e+02
802             	4.10727796e+02
803             	4.09725105e+02
804             	4.10071170e+02
805             	4.11260989e+02
806             	4.11441607e+02
807             	4.10313504e+02
808             	4.09676442e+02
809             	4.10588470e+02
810             	4.11716690e+02
811             	4.11166733e+02
812             	4.09926761e+02
813             	4.09752225e+02
814             	4.10907811e+02
815             	4.11679160e+02
816             	4.10794018e+02
817             	4.09735531e+02
818             	4.10015933e+02
819             	4.11200466e+02
820             	4.11423204e+02
821             	4.10279859e+02
822             	4.09594104e+02
823             	4.10477722e+02
824             	4.11615803e+02
825             	4.11093194e+02
826             	4.09851975e+02
827             	4.09654764e+02
828             	4.10799393e+02
829             	4.11590604e+02
830             	4.10733051e+02
831             	4.09671881e+02
832             	4.09919630e+02
833             	4.11091617e+02
834             	4.11356481e+02
835             	4.10256078e+02
836             	4.09550271e+02
837             	4.10364771e+02
838             	4.11496554e+02
839             	4.11064041e+02
840             	4.09855530e+02
841             	4.09613799e+02
842             	4.10734765e+02
843             	4.11590390e+02
844             	4.10797662e+02
845             	4.09723125e+02
846             	4.09913256e+02
847             	4.11096427e+02
848             	4.11461588e+02
849             	4.10406021e+02
850             	4.09643474e+02
851             	4.10370089e+02
852             	4.11517410e+02
853             	4.11188990e+02
854             	4.09972383e+02
855             	4.09627261e+02
856             	4.10726647e+02
857             	4.11678871e+02
858             	4.10907645e+02
859             	4.09741881e+02
860             	4.09830916e+02
861             	4.11038528e+02
862             	4.11537654e+02
863             	4.10520890e+02
864             	4.09666767e+02
865             	4.10270592e+02
866             	4.11438485e+02
867             	4.11280549e+02
868             	4.10097132e+02
869             	4.09631032e+02
870             	4.10664760e+02
871             	4.11721074e+02
872             	4.11037357e+02
873             	4.09800276e+02
874             	4.09735665e+02
875             	4.10927879e+02
876             	4.11598201e+02
877             	4.10660377e+02
878             	4.09683248e+02
879             	4.10091986e+02
880             	4.11272131e+02
881             	4.11354282e+02
882             	4.10206061e+02
883             	4.09611645e+02
884             	4.10558284e+02
885             	4.11676770e+02
886             	4.11099955e+02
887             	4.09855890e+02
888             	4.09700396e+02
889             	4.10864283e+02
890             	4.11626394e+02
891             	4.10749321e+02
892             	4.09711112e+02
893             	4.10004755e+02
894             	4.11188625e+02
895             	4.11414502e+02
896             	4.10293921e+02
897             	4.09629722e+02
898             	4.10514097e+02
899             	4.11648636e+02
900             	4.11130728e+02
901             	4.09892372e+02
902             	4.09691453e+02
903             	4.10847380e+02
904             	4.11648848e+02
905             	4.10785754e+02
906             	4.09725510e+02
907             	4.09995747e+02
908             	4.11198544e+02
909             	4.11475679e+02
910             	4.10373687e+02
911             	4.09680450e+02
912             	4.10523879e+02
913             	4.11670660e+02
914             	4.11226454e+02
915             	4.10008359e+02
916             	4.09764420e+02
917             	4.10886624e+02
918             	4.11728134e+02
919             	4.10905792e+02
920             	4.09817128e+02
921             	4.10009957e+02
922             	4.11188318e+02
923             	4.11525249e+02
924             	4.10441632e+02
925             	4.09679520e+02
926             	4.10422535e+02
927             	4.11560415e+02
928             	4.11199148e+02
929             	4.09983293e+02
930             	4.09659049e+02
931             	4.10747004e+02
932             	4.11657492e+02
933             	4.10888429e+02
934             	4.09753474e+02
935             	4.09855318e+02
936             	4.11035125e+02
937             	4.11494600e+02
938             	4.10486889e+02
939             	4.09668122e+02
940             	4.10296292e+02
941             	4.11454110e+02
942             	4.11263963e+02
943             	4.10082450e+02
944             	4.09648242e+02
945             	4.10697344e+02
946             	4.11734323e+02
947             	4.11034284e+02
948             	4.09811686e+02
949             	4.09777572e+02
950             	4.10971484e+02
951             	4.11601497e+02
952             	4.10638593e+02
953             	4.09685752e+02
954             	4.10136027e+02
955             	4.11313302e+02
956             	4.11337547e+02
957             	4.10175253e+02
958             	4.09604202e+02
959             	4.10580439e+02
960             	4.11705921e+02
961             	4.11106855e+02
962             	4.09854422e+02
963             	4.09711242e+02
964             	4.10888457e+02
965             	4.11649518e+02
966             	4.10769260e+02
967             	4.09740571e+02
968             	4.10044654e+02
969             	4.11227082e+02
970             	4.11443317e+02
971             	4.10323440e+02
972             	4.09664450e+02
973             	4.10548967e+02
974             	4.11676167e+02
975             	4.11152989e+02
976             	4.09911703e+02
977             	4.09708046e+02
978             	4.10850736e+02
979             	4.11644017e+02
980             	4.10778595e+02
981             	4.09706341e+02
982             	4.09959787e+02
983             	4.11147907e+02
984             	4.11421754e+02
985             	4.10319889e+02
986             	4.09632136e+02
987             	4.10484591e+02
988             	4.11628449e+02
989             	4.11168473e+02
990             	4.09950561e+02
991             	4.09725500e+02
992             	4.10853255e+02
993             	4.11678890e+02
994             	4.10842661e+02
995             	4.09753527e+02
996             	4.09956212e+02
997             	4.11136736e+02
998             	4.11459780e+02
999             	4.10370300e+02
1000            	4.09617351e+02
1001            	4.10387266e+02
1002            	4.11544257e+02
1003            	4.11183805e+02
1004            	4.09986109e+02
1005            	4.09697237e+02
1006            	4.10808612e+02
1007            	4.11722617e+02
1008            	4.10967152e+02
1009            	4.09860095e+02
1010            	4.09984744e+02
1011            	4.11161909e+02
1012            	4.11594000e+02
1013            	4.10565790e+02
1014            	4.09746759e+02
1015            	4.10383372e+02
1016            	4.11523218e+02
1017            	4.11272678e+02
1018            	4.10050620e+02
1019            	4.09614697e+02
1020            	4.10677292e+02
1021            	4.11706138e+02
1022            	4.10994096e+02
1023            	4.09789952e+02
1024            	4.09784680e+02
1025            	4.10981606e+02
1026            	4.11597932e+02
1027            	4.10664416e+02
1028            	4.09753949e+02
1029            	4.10224289e+02
1030            	4.11386179e+02
1031            	4.11402238e+02
1032            	4.10260750e+02
1033            	4.09709161e+02
1034            	4.10682253e+02
1035            	4.11791299e+02
1036            	4.11177245e+02
1037            	4.09919304e+02
1038            	4.09777967e+02
1039            	4.10958412e+02
1040            	4.11706628e+02
1041            	4.10789278e+02
1042            	4.09738562e+02
1043            	4.10052342e+02
1044            	4.11240740e+02
1045            	4.11418893e+02
1046            	4.10265086e+02
1047            	4.09604406e+02
1048            	4.10511325e+02
1049            	4.11641928e+02
1050            	4.11096273e+02
1051            	4.09856896e+02
1052            	4.09675967e+02
1053            	4.10824419e+02
1054            	4.11603669e+02
1055            	4.10746018e+02
1056            	4.09703766e+02
1057            	4.09969072e+02
1058            	4.11142919e+02
1059            	4.11392344e+02
1060            	4.10285246e+02
1061            	4.09590227e+02
1062            	4.10419704e+02
1063            	4.11546285e+02
1064            	4.11082847e+02
1065            	4.09862912e+02
1066            	4.09637983e+02
1067            	4.10775725e+02
1068            	4.11626368e+02
1069            	4.10818467e+02
1070            	4.09754169e+02
1071            	4.09975523e+02
1072            	4.11162224e+02
1073            	4.11491139e+02
1074            	4.10417441e+02
1075            	4.09663545e+02
1076            	4.10401598e+02
1077            	4.11533836e+02
1078            	4.11177274e+02
1079            	4.09950167e+02
1080            	4.09612682e+02
1081            	4.10709619e+02
1082            	4.11645202e+02
1083            	4.10876178e+02
1084            	4.09737043e+02
1085            	4.09848560e+02
1086            	4.11040694e+02
1087            	4.11495631e+02
1088            	4.10465790e+02
1089            	4.09626365e+02
1090            	4.10243461e+02
1091            	4.11388644e+02
1092            	4.11174275e+02
1093            	4.09978893e+02
1094            	4.09542900e+02
1095            	4.10589685e+02
1096            	4.11615922e+02
1097            	4.10915731e+02
1098            	4.09710615e+02
1099            	4.09695060e+02
1100            	4.10893807e+02
1101            	4.11514625e+02
1102            	4.10569595e+02
1103            	4.09642566e+02
1104            	4.10103489e+02
1105            	4.11273769e+02
1106            	4.11300203e+02
1107            	4.10155278e+02
1108            	4.09596189e+02
1109            	4.10568569e+02
1110            	4.11687804e+02
1111            	4.11091482e+02
1112            	4.09841871e+02
1113            	4.09696136e+02
1114            	4.10869845e+02
1115            	4.11622231e+02
1116            	4.10709634e+02
1117            	4.09648587e+02
1118            	4.09952381e+02
1119            	4.11137039e+02
1120            	4.11321973e+02
1121            	4.10166323e+02
1122            	4.09501262e+02
1123            	4.10412549e+02
1124            	4.11558098e+02
1125            	4.11021360e+02
1126            	4.09787597e+02
1127            	4.09622676e+02
1128            	4.10793706e+02
1129            	4.11587673e+02
1130            	4.10743699e+02
1131            	4.09710723e+02
1132            	4.09983798e+02
1133            	4.11162297e+02
1134            	4.11418120e+02
1135            	4.10312948e+02
1136            	4.09616002e+02
1137            	4.10450450e+02
1138            	4.11581449e+02
1139            	4.11106625e+02
1140            	4.09867191e+02
1141            	4.09622919e+02
1142            	4.10754696e+02
1143            	4.11592648e+02
1144            	4.10754742e+02
1145            	4.09660142e+02
1146            	4.09867762e+02
1147            	4.11060322e+02
1148            	4.11398782e+02
1149            	4.10330923e+02
1150            	4.09593935e+02
1151            	4.10356544e+02
1152            	4.11501724e+02
1153            	4.11151759e+02
1154            	4.09957132e+02
1155            	4.09653174e+02
1156            	4.10746690e+02
1157            	4.11654293e+02
1158            	4.10897918e+02
1159            	4.09783579e+02
1160            	4.09903568e+02
1161            	4.11091659e+02
1162            	4.11547996e+02
1163            	4.10539211e+02
1164            	4.09732492e+02
1165            	4.10376388e+02
1166            	4.11535241e+02
1167            	4.11324331e+02
1168            	4.10130811e+02
1169            	4.09702421e+02
1170            	4.10749830e+02
1171            	4.11765209e+02
1172            	4.11035871e+02
1173            	4.09801960e+02
1174            	4.09776251e+02
1175            	4.10975207e+02
1176            	4.11593342e+02
1177            	4.10624613e+02
1178            	4.09679410e+02
1179            	4.10152220e+02
1180            	4.11337868e+02
1181            	4.11351387e+02
1182            	4.10199312e+02
1183            	4.09644457e+02
1184            	4.10619912e+02
1185            	4.11736054e+02
1186            	4.11141919e+02
1187            	4.09900490e+02
1188            	4.09757287e+02
1189            	4.10926718e+02
1190            	4.11681217e+02
1191            	4.10793987e+02
1192            	4.09753047e+02
1193            	4.10047467e+02
1194            	4.11219997e+02
1195            	4.11416263e+02
1196            	4.10264932e+02
1197            	4.09585701e+02
1198            	4.10475362e+02
1199            	4.11602872e+02
1200            	4.11053893e+02
1201            	4.09805081e+02
1202            	4.09621253e+02
1203            	4.10776521e+02
1204            	4.11563733e+02
1205            	4.10708275e+02
1206            	4.09666567e+02
1207            	4.09942460e+02
1208            	4.11127306e+02
1209            	4.11385416e+02
1210            	4.10287849e+02
1211            	4.09605367e+02
1212            	4.10450437e+02
1213            	4.11586793e+02
1214            	4.11121123e+02
1215            	4.09895869e+02
1216            	4.09664808e+02
1217            	4.10802067e+02
1218            	4.11640884e+02
1219            	4.10804218e+02
1220            	4.09713260e+02
1221            	4.09934676e+02
1222            	4.11129476e+02
1223            	4.11454197e+02
1224            	4.10374219e+02
1225            	4.09649889e+02
1226            	4.10440374e+02
1227            	4.11600199e+02
1228            	4.11236661e+02
1229            	4.10042665e+02
1230            	4.09750576e+02
1231            	4.10839235e+02
1232            	4.11723851e+02
1233            	4.10938526e+02
1234            	4.09804437e+02
1235            	4.09908690e+02
1236            	4.11067314e+02
1237            	4.11483261e+02
1238            	4.10426472e+02
1239            	4.09602218e+02
1240            	4.10263033e+02
1241            	4.11421077e+02
1242            	4.11172063e+02
1243            	4.09966360e+02
1244            	4.09558723e+02
1245            	4.10614755e+02
1246            	4.11605905e+02
1247            	4.10884661e+02
1248            	4.09691077e+02
1249            	4.09705228e+02
1250            	4.10887287e+02
1251            	4.11461444e+02
1252            	4.10500178e+02
1253            	4.09607187e+02
1254            	4.10126086e+02
1255            	4.11306635e+02
1256            	4.11275648e+02
1257            	4.10117696e+02
1258            	4.09586481e+02
1259            	4.10579761e+02
1260            	4.11679697e+02
1261            	4.11038218e+02
1262            	4.09771822e+02
1263            	4.09646766e+02
1264            	4.10841729e+02
1265            	4.11600263e+02
1266            	4.10712353e+02
1267            	4.09693195e+02
1268            	4.10033039e+02
1269            	4.11242762e+02
1270            	4.11456280e+02
1271            	4.10341726e+02
1272            	4.09706196e+02
1273            	4.10623143e+02
1274            	4.11758977e+02
1275            	4.11218881e+02
1276            	4.09981319e+02
1277            	4.09801357e+02
1278            	4.10952352e+02
1279            	4.11727363e+02
1280            	4.10845287e+02
1281            	4.09779993e+02
1282            	4.10038026e+02
1283            	4.11206871e+02
1284            	4.11433521e+02
1285            	4.10298593e+02
1286            	4.09608263e+02
1287            	4.10474462e+02
1288            	4.11604920e+02
1289            	4.11109514e+02
1290            	4.09888470e+02
1291            	4.09688521e+02
1292            	4.10828814e+02
1293            	4.11644032e+02
1294            	4.10832665e+02
1295            	4.09793892e+02
1296            	4.10028878e+02
1297            	4.11201933e+02
1298            	4.11511138e+02
1299            	4.10444507e+02
1300            	4.09724575e+02
1301            	4.10489792e+02
1302            	4.11619993e+02
1303            	4.11222576e+02
1304            	4.09996490e+02
1305            	4.09698856e+02
1306            	4.10817818e+02
1307            	4.11726848e+02
1308            	4.10930146e+02
1309            	4.09799555e+02
1310            	4.09944275e+02
1311            	4.11145713e+02
1312            	4.11569602e+02
1313            	4.10526192e+02
1314            	4.09721876e+02
1315            	4.10394146e+02
1316            	4.11546002e+02
1317            	4.11284087e+02
1318            	4.10076794e+02
1319            	4.09671702e+02
1320            	4.10729484e+02
1321            	4.11714975e+02
1322            	4.10976497e+02
1323            	4.09772313e+02
1324            	4.09783940e+02
1325            	4.10976621e+02
1326            	4.11544000e+02
1327            	4.10561033e+02
1328            	4.09655439e+02
1329            	4.10168820e+02
1330            	4.11330281e+02
1331            	4.11270826e+02
1332            	4.10106991e+02
1333            	4.09576037e+02
1334            	4.10564760e+02
1335            	4.11665248e+02
1336            	4.11042776e+02
1337            	4.09792499e+02
1338            	4.09669901e+02
1339            	4.10852170e+02
1340            	4.11607661e+02
1341            	4.10745311e+02
1342            	4.09750036e+02
1343            	4.10082434e+02
1344            	4.11268189e+02
1345            	4.11474193e+02
1346            	4.10358331e+02
1347            	4.09710039e+02
1348            	4.10601766e+02
1349            	4.11722686e+02
1350            	4.11183970e+02
1351            	4.09944283e+02
1352            	4.09759109e+02
1353            	4.10907766e+02
1354            	4.11686412e+02
1355            	4.10808900e+02
1356            	4.09748428e+02
1357            	4.10019605e+02
1358            	4.11203916e+02
1359            	4.11444686e+02
1360            	4.10319071e+02
1361            	4.09628338e+02
1362            	4.10487307e+02
1363            	4.11625067e+02
1364            	4.11145625e+02
1365            	4.09928055e+02
1366            	4.09715066e+02
1367            	4.10849302e+02
1368            	4.11671351e+02
1369            	4.10845558e+02
1370            	4.09776106e+02
1371            	4.09990054e+02
1372            	4.11159771e+02
1373            	4.11457373e+02
1374            	4.10360700e+02
1375            	4.09613724e+02
1376            	4.10385421e+02
1377            	4.11524061e+02
1378            	4.11130166e+02
1379            	4.09913732e+02
1380            	4.09627783e+02
1381            	4.10735571e+02
1382            	4.11619639e+02
1383            	4.10838394e+02
1384            	4.09733672e+02
1385            	4.09880165e+02
1386            	4.11057617e+02
1387            	4.11467538e+02
1388            	4.10444742e+02
1389            	4.09655282e+02
1390            	4.10318614e+02
1391            	4.11466734e+02
1392            	4.11237029e+02
1393            	4.10068073e+02
1394            	4.09685223e+02
1395            	4.10754889e+02
1396            	4.11758677e+02
1397            	4.11040946e+02
1398            	4.09843910e+02
1399            	4.09851059e+02
1400            	4.11039243e+02
1401            	4.11607768e+02
1402            	4.10616813e+02
1403            	4.09689893e+02
1404            	4.10194938e+02
1405            	4.11376504e+02
1406            	4.11338415e+02
1407            	4.10163979e+02
1408            	4.09625460e+02
1409            	4.10633716e+02
1410            	4.11754996e+02
1411            	4.11123431e+02
1412            	4.09854262e+02
1413            	4.09712255e+02
1414            	4.10887317e+02
1415            	4.11628394e+02
1416            	4.10724460e+02
1417            	4.09681010e+02
1418            	4.09987296e+02
1419            	4.11160153e+02
1420            	4.11349566e+02
1421            	4.10216278e+02
1422            	4.09565950e+02
1423            	4.10465261e+02
1424            	4.11594553e+02
1425            	4.11071524e+02
1426            	4.09857166e+02
1427            	4.09693888e+02
1428            	4.10852003e+02
1429            	4.11639165e+02
1430            	4.10796379e+02
1431            	4.09763307e+02
1432            	4.10031937e+02
1433            	4.11203641e+02
1434            	4.11453154e+02
1435            	4.10351407e+02
1436            	4.09662421e+02
1437            	4.10502549e+02
1438            	4.11635887e+02
1439            	4.11162565e+02
1440            	4.09928847e+02
1441            	4.09694206e+02
1442            	4.10832054e+02
1443            	4.11669711e+02
1444            	4.10829822e+02
1445            	4.09738358e+02
1446            	4.09951671e+02
1447            	4.11143686e+02
1448            	4.11469510e+02
1449            	4.10391550e+02
1450            	4.09660867e+02
1451            	4.10437786e+02
1452            	4.11583131e+02
1453            	4.11208186e+02
1454            	4.09992545e+02
1455            	4.09688530e+02
1456            	4.10792333e+02
1457            	4.11688194e+02
1458            	4.10885319e+02
1459            	4.09743631e+02
1460            	4.09865923e+02
1461            	4.11049957e+02
1462            	4.11473538e+02
1463            	4.10429023e+02
1464            	4.09613982e+02
1465            	4.10272599e+02
1466            	4.11429010e+02
1467            	4.11196838e+02
1468            	4.10013249e+02
1469            	4.09612290e+02
1470            	4.10662739e+02
1471            	4.11653873e+02
1472            	4.10944511e+02
1473            	4.09757335e+02
1474            	4.09761758e+02
1475            	4.10941357e+02
1476            	4.11523643e+02
1477            	4.10566478e+02
1478            	4.09662684e+02
1479            	4.10164955e+02
1480            	4.11345874e+02
1481            	4.11326948e+02
1482            	4.10170832e+02
1483            	4.09638535e+02
1484            	4.10640656e+02
1485            	4.11765345e+02
1486            	4.11150298e+02
1487            	4.09897501e+02
1488            	4.09771024e+02
1489            	4.10960852e+02
1490            	4.11715162e+02
1491            	4.10820919e+02
1492            	4.09789239e+02
1493            	4.10107375e+02
1494            	4.11292499e+02
1495            	4.11479590e+02
1496            	4.10331781e+02
1497            	4.09665015e+02
1498            	4.10563504e+02
1499            	4.11690737e+02
1500            	4.11133501e+02
1501            	4.09877705e+02
1502            	4.09691820e+02
1503            	4.10846420e+02
1504            	4.11625657e+02
1505            	4.10758700e+02
1506            	4.09709484e+02
1507            	4.09984536e+02
1508            	4.11166381e+02
1509            	4.11412038e+02
1510            	4.10305640e+02
1511            	4.09618672e+02
1512            	4.10456916e+02
1513            	4.11581803e+02
1514            	4.11116043e+02
1515            	4.09900704e+02
1516            	4.09672650e+02
1517            	4.10800593e+02
1518            	4.11636110e+02
1519            	4.10822371e+02
1520            	4.09755130e+02
1521            	4.09971889e+02
1522            	4.11160611e+02
1523            	4.11500146e+02
1524            	4.10437194e+02
1525            	4.09705272e+02
1526            	4.10473441e+02
1527            	4.11622612e+02
1528            	4.11263478e+02
1529            	4.10056835e+02
1530            	4.09750915e+02
1531            	4.10856374e+02
1532            	4.11770200e+02
1533            	4.10985607e+02
1534            	4.09846651e+02
1535            	4.09964529e+02
1536            	4.11155360e+02
1537            	4.11591153e+02
1538            	4.10543201e+02
1539            	4.09715485e+02
1540            	4.10367571e+02
1541            	4.11523564e+02
1542            	4.11279438e+02
1543            	4.10071332e+02
1544            	4.09652305e+02
1545            	4.10709107e+02
1546            	4.11715258e+02
1547            	4.10997789e+02
1548            	4.09794825e+02
1549            	4.09789528e+02
1550            	4.10972516e+02
1551            	4.11559457e+02
1552            	4.10598283e+02
1553            	4.09680226e+02
1554            	4.10154080e+02
1555            	4.11309188e+02
1556            	4.11294028e+02
1557            	4.10139136e+02
1558            	4.09590998e+02
1559            	4.10570499e+02
1560            	4.11680004e+02
1561            	4.11070881e+02
1562            	4.09825579e+02
1563            	4.09694697e+02
1564            	4.10876366e+02
1565            	4.11633408e+02
1566            	4.10753447e+02
1567            	4.09733435e+02
1568            	4.10055230e+02
1569            	4.11245380e+02
1570            	4.11453153e+02
1571            	4.10328295e+02
1572            	4.09680543e+02
1573            	4.10591815e+02
1574            	4.11731598e+02
1575            	4.11195078e+02
1576            	4.09960778e+02
1577            	4.09790504e+02
1578            	4.10957394e+02
1579            	4.11746196e+02
1580            	4.10875338e+02
1581            	4.09824263e+02
1582            	4.10106426e+02
1583            	4.11294143e+02
1584            	4.11525643e+02
1585            	4.10385178e+02
1586            	4.09690527e+02
1587            	4.10558027e+02
1588            	4.11688577e+02
1589            	4.11165013e+02
1590            	4.09912228e+02
1591            	4.09695882e+02
1592            	4.10835965e+02
1593            	4.11637595e+02
1594            	4.10779882e+02
1595            	4.09706905e+02
1596            	4.09946058e+02
1597            	4.11123149e+02
1598            	4.11401875e+02
1599            	4.10308273e+02
1600            	4.09595635e+02
1601            	4.10395701e+02
1602            	4.11528594e+02
1603            	4.11120125e+02
1604            	4.09913259e+02
1605            	4.09648658e+02
1606            	4.10763528e+02
1607            	4.11639115e+02
1608            	4.10854240e+02
1609            	4.09766688e+02
1610            	4.09937301e+02
1611            	4.11122577e+02
1612            	4.11510823e+02
1613            	4.10462295e+02
1614            	4.09685059e+02
1615            	4.10392390e+02
1616            	4.11545904e+02
1617            	4.11248407e+02
1618            	4.10042885e+02
1619            	4.09683282e+02
1620            	4.10774751e+02
1621            	4.11749362e+02
1622            	4.11000331e+02
1623            	4.09827320e+02
1624            	4.09888084e+02
1625            	4.11079946e+02
1626            	4.11592898e+02
1627            	4.10581200e+02
1628            	4.09699105e+02
1629            	4.10258981e+02
1630            	4.11415919e+02
1631            	4.11284134e+02
1632            	4.10097250e+02
1633            	4.09595124e+02
1634            	4.10610213e+02
1635            	4.11692813e+02
1636            	4.11028932e+02
1637            	4.09769202e+02
1638            	4.09661638e+02
1639            	4.10844859e+02
1640            	4.11555332e+02
1641            	4.10642487e+02
1642            	4.09633609e+02
1643            	4.09980235e+02
1644            	4.11151092e+02
1645            	4.11299076e+02
1646            	4.10166003e+02
1647            	4.09540239e+02
1648            	4.10459374e+02
1649            	4.11584010e+02
1650            	4.11040565e+02
1651            	4.09817213e+02
1652            	4.09658766e+02
1653            	4.10821523e+02
1654            	4.11601221e+02
1655            	4.10743763e+02
1656            	4.09710127e+02
1657            	4.09999879e+02
1658            	4.11189032e+02
1659            	4.11433688e+02
1660            	4.10324174e+02
1661            	4.09656480e+02
1662            	4.10538418e+02
1663            	4.11685323e+02
1664            	4.11188170e+02
1665            	4.09956981e+02
1666            	4.09755584e+02
1667            	4.10909867e+02
1668            	4.11725479e+02
1669            	4.10865439e+02
1670            	4.09783394e+02
1671            	4.10019728e+02
1672            	4.11201694e+02
1673            	4.11475084e+02
1674            	4.10353053e+02
1675            	4.09623021e+02
1676            	4.10436158e+02
1677            	4.11575821e+02
1678            	4.11125737e+02
1679            	4.09892004e+02
1680            	4.09635880e+02
1681            	4.10761022e+02
1682            	4.11617394e+02
1683            	4.10809881e+02
1684            	4.09716745e+02
1685            	4.09893941e+02
1686            	4.11066687e+02
1687            	4.11428835e+02
1688            	4.10392034e+02
1689            	4.09643073e+02
1690            	4.10355292e+02
1691            	4.11491634e+02
1692            	4.11198825e+02
1693            	4.10018908e+02
1694            	4.09674309e+02
1695            	4.10750632e+02
1696            	4.11701959e+02
1697            	4.10962102e+02
1698            	4.09809660e+02
1699            	4.09878413e+02
1700            	4.11069547e+02
1701            	4.11582563e+02
1702            	4.10580500e+02
1703            	4.09719062e+02
1704            	4.10305088e+02
1705            	4.11479385e+02
1706            	4.11348737e+02
1707            	4.10173841e+02
1708            	4.09699393e+02
1709            	4.10738080e+02
1710            	4.11825798e+02
1711            	4.11159333e+02
1712            	4.09912117e+02
1713            	4.09828069e+02
1714            	4.11022508e+02
1715            	4.11718405e+02
1716            	4.10785296e+02
1717            	4.09778236e+02
1718            	4.10147903e+02
1719            	4.11322922e+02
1720            	4.11429417e+02
1721            	4.10268441e+02
1722            	4.09643162e+02
1723            	4.10572450e+02
1724            	4.11693576e+02
1725            	4.11125990e+02
1726            	4.09887221e+02
1727            	4.09730139e+02
1728            	4.10894335e+02
1729            	4.11668619e+02
1730            	4.10815450e+02
1731            	4.09790621e+02
1732            	4.10075604e+02
1733            	4.11249679e+02
1734            	4.11494269e+02
1735            	4.10402807e+02
1736            	4.09727728e+02
1737            	4.10568332e+02
1738            	4.11696556e+02
1739            	4.11240083e+02
1740            	4.10028191e+02
1741            	4.09801845e+02
1742            	4.10937053e+02
1743            	4.11777998e+02
1744            	4.10952526e+02
1745            	4.09868698e+02
1746            	4.10077739e+02
1747            	4.11264702e+02
1748            	4.11589025e+02
1749            	4.10496317e+02
1750            	4.09747358e+02
1751            	4.10522183e+02
1752            	4.11672998e+02
1753            	4.11290381e+02
1754            	4.10073371e+02
1755            	4.09777276e+02
1756            	4.10888969e+02
1757            	4.11790052e+02
1758            	4.10997195e+02
1759            	4.09865214e+02
1760            	4.09993720e+02
1761            	4.11178304e+02
1762            	4.11592199e+02
1763            	4.10538779e+02
1764            	4.09717547e+02
1765            	4.10374596e+02
1766            	4.11519270e+02
1767            	4.11263542e+02
1768            	4.10063309e+02
1769            	4.09662803e+02
1770            	4.10717007e+02
1771            	4.11704857e+02
1772            	4.10990892e+02
1773            	4.09809659e+02
1774            	4.09822210e+02
1775            	4.11005286e+02
1776            	4.11587073e+02
1777            	4.10641013e+02
1778            	4.09745618e+02
1779            	4.10239329e+02
1780            	4.11402262e+02
1781            	4.11383744e+02
1782            	4.10234791e+02
1783            	4.09700430e+02
1784            	4.10693378e+02
1785            	4.11810122e+02
1786            	4.11193200e+02
1787            	4.09942694e+02
1788            	4.09819906e+02
1789            	4.11012958e+02
1790            	4.11768344e+02
1791            	4.10869200e+02
1792            	4.09839828e+02
1793            	4.10169885e+02
1794            	4.11363326e+02
1795            	4.11546688e+02
1796            	4.10401044e+02
1797            	4.09745560e+02
1798            	4.10657522e+02
1799            	4.11793155e+02
1800            	4.11239286e+02
1801            	4.09986952e+02
1802            	4.09803342e+02
1803            	4.10958079e+02
1804            	4.11733708e+02
1805            	4.10855094e+02
1806            	4.09794993e+02
1807            	4.10063410e+02
1808            	4.11237330e+02
1809            	4.11470916e+02
1810            	4.10349525e+02
1811            	4.09656025e+02
1812            	4.10499519e+02
1813            	4.11624099e+02
1814            	4.11148010e+02
1815            	4.09926264e+02
1816            	4.09701387e+02
1817            	4.10828467e+02
1818            	4.11650490e+02
1819            	4.10835665e+02
1820            	4.09775235e+02
1821            	4.09991131e+02
1822            	4.11169451e+02
1823            	4.11501962e+02
1824            	4.10448018e+02
1825            	4.09719212e+02
1826            	4.10475992e+02
1827            	4.11618756e+02
1828            	4.11275485e+02
1829            	4.10080066e+02
1830            	4.09771139e+02
1831            	4.10874290e+02
1832            	4.11798518e+02
1833            	4.11029618e+02
1834            	4.09896612e+02
1835            	4.10012545e+02
1836            	4.11208385e+02
1837            	4.11664560e+02
1838            	4.10630754e+02
1839            	4.09798240e+02
1840            	4.10435494e+02
1841            	4.11590699e+02
1842            	4.11364585e+02
1843            	4.10156471e+02
1844            	4.09718491e+02
1845            	4.10765634e+02
1846            	4.11782635e+02
1847            	4.11061008e+02
1848            	4.09834280e+02
1849            	4.09807041e+02
1850            	4.10991096e+02
1851            	4.11595000e+02
1852            	4.10629991e+02
1853            	4.09687794e+02
1854            	4.10143739e+02
1855            	4.11309608e+02
1856            	4.11322263e+02
1857            	4.10167243e+02
1858            	4.09602599e+02
1859            	4.10568719e+02
1860            	4.11677078e+02
1861            	4.11084055e+02
1862            	4.09850017e+02
1863            	4.09717747e+02
1864            	4.10893029e+02
1865            	4.11653017e+02
1866            	4.10786625e+02
1867            	4.09770966e+02
1868            	4.10081011e+02
1869            	4.11265445e+02
1870            	4.11487114e+02
1871            	4.10374412e+02
1872            	4.09721604e+02
1873            	4.10613954e+02
1874            	4.11749606e+02
1875            	4.11232718e+02
1876            	4.10002358e+02
1877            	4.09814399e+02
1878            	4.10968966e+02
1879            	4.11765645e+02
1880            	4.10898268e+02
1881            	4.09831499e+02
1882            	4.10094508e+02
1883            	4.11284808e+02
1884            	4.11542670e+02
1885            	4.10417077e+02
1886            	4.09710875e+02
1887            	4.10555379e+02
1888            	4.11690675e+02
1889            	4.11208324e+02
1890            	4.09972014e+02
1891            	4.09738356e+02
1892            	4.10867906e+02
1893            	4.11694820e+02
1894            	4.10862347e+02
1895            	4.09779965e+02
1896            	4.09987031e+02
1897            	4.11158437e+02
1898            	4.11472768e+02
1899            	4.10395985e+02
1900            	4.09654616e+02
1901            	4.10407932e+02
1902            	4.11538749e+02
1903            	4.11172974e+02
1904            	4.09970920e+02
1905            	4.09667212e+02
1906            	4.10762537e+02
1907            	4.11669289e+02
1908            	4.10908722e+02
1909            	4.09796102e+02
1910            	4.09919495e+02
1911            	4.11105281e+02
1912            	4.11559848e+02
1913            	4.10557389e+02
1914            	4.09754928e+02
1915            	4.10399477e+02
1916            	4.11558825e+02
1917            	4.11361402e+02
1918            	4.10184427e+02
1919            	4.09764150e+02
1920            	4.10821489e+02
1921            	4.11854262e+02
1922            	4.11147343e+02
1923            	4.09927854e+02
1924            	4.09903127e+02
1925            	4.11099681e+02
1926            	4.11715849e+02
1927            	4.10739749e+02
1928            	4.09782492e+02
1929            	4.10240947e+02
1930            	4.11414360e+02
1931            	4.11414258e+02
1932            	4.10241497e+02
1933            	4.09667667e+02
1934            	4.10639055e+02
1935            	4.11753021e+02
1936            	4.11140957e+02
1937            	4.09882338e+02
1938            	4.09736839e+02
1939            	4.10907326e+02
1940            	4.11657286e+02
1941            	4.10774552e+02
1942            	4.09741513e+02
1943            	4.10036274e+02
1944            	4.11202317e+02
1945            	4.11407892e+02
1946            	4.10290864e+02
1947            	4.09629852e+02
1948            	4.10505234e+02
1949            	4.11631000e+02
1950            	4.11132331e+02
1951            	4.09917226e+02
1952            	4.09726926e+02
1953            	4.10872722e+02
1954            	4.11681657e+02
1955            	4.10854838e+02
1956            	4.09811627e+02
1957            	4.10062918e+02
1958            	4.11246598e+02
1959            	4.11540710e+02
1960            	4.10462537e+02
1961            	4.09758685e+02
1962            	4.10568078e+02
1963            	4.11709927e+02
1964            	4.11289342e+02
1965            	4.10066460e+02
1966            	4.09794017e+02
1967            	4.10909781e+02
1968            	4.11776332e+02
1969            	4.10951655e+02
1970            	4.09825960e+02
1971            	4.09984741e+02
1972            	4.11165682e+02
1973            	4.11528465e+02
1974            	4.10444356e+02
1975            	4.09650847e+02
1976            	4.10360581e+02
1977            	4.11502149e+02
1978            	4.11178504e+02
1979            	4.09966790e+02
1980            	4.09613918e+02
1981            	4.10689822e+02
1982            	4.11629429e+02
1983            	4.10882019e+02
1984            	4.09730176e+02
1985            	4.09796652e+02
1986            	4.10975032e+02
1987            	4.11474183e+02
1988            	4.10482421e+02
1989            	4.09629189e+02
1990            	4.10203129e+02
1991            	4.11363089e+02
1992            	4.11243801e+02
1993            	4.10079565e+02
1994            	4.09603353e+02
1995            	4.10635726e+02
1996            	4.11727206e+02
1997            	4.11080018e+02
1998            	4.09847136e+02
1999            	4.09766343e+02
2000            	4.10966673e+02
