/*--------------------------------*- C++ -*----------------------------------*\
| =========                 |                                                 |
| \\      /  F ield         | OpenFOAM: The Open Source CFD Toolbox           |
|  \\    /   O peration     | Version:  2506                                  |
|   \\  /    A nd           | Website:  www.openfoam.com                      |
|    \\/     M anipulation  |                                                 |
\*---------------------------------------------------------------------------*/
FoamFile
{
    version     2.0;
    format      binary;
    arch        "LSB;label=32;scalar=64";
    class       faceSet;
    location    "constant/polyMesh/sets";
    object      walls;
}
// * * * * * * * * * * * * * * * * * * * * * * * * * * * * * * * * * * * * * //


698
(
2048
2051
2052
2055
2069
2098
2103
2113
2123
2134
2136
2155
2163
2168
2190
2208
2210
2213
2224
2227
2230
2237
2240
2241
2246
2249
2252
2254
2255
2256
2257
2258
2260
2265
2268
2271
2274
2277
2283
2285
2287
2289
2316
2317
2320
2321
2324
2326
2331
2335
2367
2381
2384
2387
2394
2412
2415
2419
2423
2426
2429
2441
2446
2449
2451
2456
2461
2463
416
2465
417
2475
2478
2490
2501
453
2503
456
2505
457
2508
461
464
465
472
475
478
481
482
486
489
501
505
509
511
514
516
518
519
521
524
526
528
535
538
540
542
543
546
549
552
555
558
560
562
565
566
568
569
571
572
573
574
575
578
580
582
585
588
590
593
595
598
599
602
603
604
605
606
609
612
614
617
619
620
622
623
625
627
630
632
636
638
640
643
646
648
650
652
655
658
661
663
666
669
671
674
676
678
679
681
682
683
684
685
686
687
690
691
693
695
697
703
704
707
713
716
719
723
726
729
731
734
735
738
741
744
747
750
753
756
758
760
762
763
766
768
769
771
774
775
777
778
779
780
781
782
783
784
785
786
789
792
795
798
2847
2848
801
2851
803
2854
806
2855
809
811
813
816
2867
819
820
823
2872
825
827
828
831
2883
835
836
838
2887
840
841
842
843
844
845
846
849
851
853
855
858
861
864
866
868
870
872
874
875
877
880
883
885
889
2939
891
2942
894
896
898
900
902
903
904
907
908
911
914
2963
918
921
924
926
928
930
2980
932
934
937
939
941
943
945
947
949
951
3001
954
3005
958
959
962
965
3016
968
3019
972
3023
975
3026
979
982
3031
985
987
989
992
3041
993
995
3045
997
3048
1000
1001
1004
1007
3057
1009
1010
1011
1013
3062
1015
1017
3066
1019
1022
3073
1025
1026
1027
1028
1029
1030
1033
1034
1036
1037
1038
1040
1041
1043
1044
1045
1046
1048
1049
1052
1053
1054
1056
1059
1061
1064
1067
1070
3119
1073
3122
1076
3125
1079
3129
1081
1083
3132
1086
1087
3136
1089
3139
1091
1094
3143
1097
1098
3147
1099
1100
1101
1102
3151
1103
3155
1107
1108
1111
1114
1116
1121
1124
1126
1128
1131
1134
1136
1137
1139
1142
1145
1146
3195
1148
1150
1153
1154
1156
1157
1158
1162
1164
1167
3218
1170
1172
1175
1178
1180
1183
3233
1185
1188
1190
1192
1194
1195
1196
1197
1198
3248
1200
1202
3252
1204
1206
3255
1207
3257
1210
1215
3264
1219
3268
1221
1224
3275
1227
1230
1232
1234
1237
1240
1241
1242
1243
1246
1247
1248
1249
1251
1253
3302
3311
3314
3315
3323
3348
3351
3354
1308
1309
1312
3362
1315
1316
1321
1322
3373
1325
3374
1326
3380
3396
3398
3401
3403
3406
3408
1360
3412
1365
1372
3425
1378
1382
3437
3438
1391
3442
1394
3443
3444
1397
3451
1403
1405
1407
3456
1408
1410
1412
1414
1415
1422
1423
1425
3476
3479
3480
3481
3482
1436
1450
1451
3502
3503
1458
3513
3517
3518
3529
3531
1484
3533
1486
1489
3538
1491
3540
3543
3545
1520
1527
3588
3591
3592
3596
3598
3601
3604
3608
3611
3615
3617
3619
1573
20006
20007
1576
1579
1597
1613
1631
3686
3687
3688
3689
3690
1642
3692
3693
3694
3697
1649
3698
3700
1652
3701
3703
3705
3707
1659
3709
3710
1663
3713
3714
1666
3716
3718
3720
3721
3723
3724
3726
1678
3728
3729
3731
3734
3735
3737
3739
3741
1694
3743
3746
1698
3748
3751
3754
3755
3769
1721
3770
1722
3772
1724
3777
3780
3783
1737
3786
1739
3788
3789
3791
3795
1747
3796
3797
3800
3801
3803
3804
3807
3808
3809
3810
3811
3813
3821
3823
3826
1778
3828
1782
3831
3835
3839
3841
1795
3845
1797
1798
1814
1815
1826
1827
1828
1863
1873
1881
1883
1887
1889
1891
1892
1895
1898
1899
1900
1906
2041
2047
)


// ************************************************************************* //
