# Region        : cellZone pcb
# Cells         : 702
# Volume        : 1.38409196e+00
# Time          	volAverage(T)
1               	3.00006826e+02
2               	3.00019896e+02
3               	3.00038100e+02
4               	3.00060963e+02
5               	3.00087737e+02
6               	3.00118039e+02
7               	3.00151515e+02
8               	3.00188092e+02
9               	3.00227536e+02
10              	3.00269733e+02
11              	3.00314417e+02
12              	3.00360661e+02
13              	3.00408563e+02
14              	3.00458761e+02
15              	3.00510741e+02
16              	3.00564551e+02
17              	3.00619114e+02
18              	3.00674909e+02
19              	3.00732258e+02
20              	3.00790334e+02
21              	3.00849924e+02
22              	3.00911487e+02
23              	3.00974146e+02
24              	3.01036374e+02
25              	3.01098203e+02
26              	3.01160957e+02
27              	3.01224950e+02
28              	3.01289325e+02
29              	3.01353755e+02
30              	3.01418806e+02
31              	3.01483926e+02
32              	3.01548953e+02
33              	3.01614382e+02
34              	3.01679162e+02
35              	3.01743810e+02
36              	3.01809393e+02
37              	3.01875122e+02
38              	3.01941143e+02
39              	3.02007394e+02
40              	3.02073192e+02
41              	3.02138654e+02
42              	3.02204074e+02
43              	3.02269342e+02
44              	3.02334454e+02
45              	3.02399393e+02
46              	3.02463348e+02
47              	3.02527423e+02
48              	3.02591676e+02
49              	3.02655285e+02
50              	3.02719060e+02
51              	3.02782090e+02
52              	3.02845552e+02
53              	3.02908803e+02
54              	3.02971162e+02
55              	3.03033108e+02
56              	3.03095296e+02
57              	3.03157421e+02
58              	3.03219631e+02
59              	3.03280660e+02
60              	3.03342553e+02
61              	3.03403171e+02
62              	3.03463044e+02
63              	3.03522640e+02
64              	3.03581265e+02
65              	3.03641242e+02
66              	3.03700314e+02
67              	3.03758429e+02
68              	3.03814846e+02
69              	3.03871077e+02
70              	3.03928687e+02
71              	3.03985636e+02
72              	3.04041350e+02
73              	3.04094444e+02
74              	3.04148586e+02
75              	3.04203049e+02
76              	3.04256886e+02
77              	3.04309374e+02
78              	3.04361851e+02
79              	3.04414516e+02
80              	3.04465633e+02
81              	3.04516458e+02
82              	3.04567109e+02
83              	3.04617826e+02
84              	3.04669075e+02
85              	3.04719402e+02
86              	3.04768646e+02
87              	3.04816574e+02
88              	3.04863723e+02
89              	3.04909746e+02
90              	3.04955572e+02
91              	3.05001892e+02
92              	3.05048260e+02
93              	3.05091558e+02
94              	3.05134828e+02
95              	3.05176598e+02
96              	3.05219109e+02
97              	3.05261914e+02
98              	3.05305278e+02
99              	3.05348843e+02
100             	3.05392212e+02
101             	3.05434995e+02
102             	3.05477143e+02
103             	3.05518076e+02
104             	3.05558432e+02
105             	3.05598350e+02
106             	3.05637516e+02
107             	3.05676051e+02
108             	3.05714208e+02
109             	3.05753284e+02
110             	3.05793243e+02
111             	3.05831633e+02
112             	3.05868428e+02
113             	3.05904510e+02
114             	3.05940430e+02
115             	3.05976027e+02
116             	3.06011888e+02
117             	3.06047480e+02
118             	3.06082861e+02
119             	3.06118731e+02
120             	3.06154947e+02
121             	3.06189497e+02
122             	3.06223470e+02
123             	3.06257510e+02
124             	3.06290762e+02
125             	3.06321964e+02
126             	3.06353843e+02
127             	3.06387089e+02
128             	3.06417154e+02
129             	3.06447300e+02
130             	3.06477143e+02
131             	3.06507094e+02
132             	3.06537880e+02
133             	3.06568882e+02
134             	3.06600223e+02
135             	3.06631537e+02
136             	3.06661755e+02
137             	3.06691128e+02
138             	3.06720077e+02
139             	3.06749060e+02
140             	3.06778101e+02
141             	3.06806792e+02
142             	3.06835402e+02
143             	3.06864076e+02
144             	3.06891672e+02
145             	3.06919145e+02
146             	3.06946211e+02
147             	3.06972166e+02
148             	3.06997610e+02
149             	3.07023216e+02
150             	3.07048770e+02
151             	3.07074374e+02
152             	3.07100202e+02
153             	3.07125849e+02
154             	3.07151280e+02
155             	3.07177269e+02
156             	3.07203379e+02
157             	3.07229294e+02
158             	3.07254841e+02
159             	3.07279829e+02
160             	3.07304316e+02
161             	3.07327651e+02
162             	3.07350259e+02
163             	3.07373432e+02
164             	3.07396107e+02
165             	3.07417769e+02
166             	3.07439098e+02
167             	3.07460448e+02
168             	3.07482101e+02
169             	3.07504343e+02
170             	3.07526671e+02
171             	3.07549222e+02
172             	3.07572198e+02
173             	3.07594522e+02
174             	3.07615548e+02
175             	3.07636268e+02
176             	3.07656853e+02
177             	3.07677512e+02
178             	3.07698053e+02
179             	3.07718338e+02
180             	3.07738782e+02
181             	3.07758841e+02
182             	3.07778499e+02
183             	3.07797961e+02
184             	3.07817553e+02
185             	3.07836350e+02
186             	3.07855002e+02
187             	3.07872773e+02
188             	3.07890740e+02
189             	3.07908858e+02
190             	3.07927186e+02
191             	3.07945504e+02
192             	3.07963750e+02
193             	3.07981961e+02
194             	3.08000055e+02
195             	3.08018030e+02
196             	3.08035914e+02
197             	3.08053681e+02
198             	3.08071017e+02
199             	3.08087680e+02
200             	3.08104112e+02
201             	3.08119869e+02
202             	3.08134496e+02
203             	3.08149045e+02
204             	3.08163533e+02
205             	3.08178585e+02
206             	3.08193214e+02
207             	3.08207879e+02
208             	3.08222917e+02
209             	3.08238061e+02
210             	3.08253218e+02
211             	3.08267866e+02
212             	3.08282315e+02
213             	3.08296910e+02
214             	3.08311898e+02
215             	3.08326666e+02
216             	3.08341385e+02
217             	3.08356338e+02
218             	3.08371820e+02
219             	3.08385879e+02
220             	3.08398983e+02
221             	3.08411378e+02
222             	3.08424095e+02
223             	3.08436840e+02
224             	3.08449625e+02
225             	3.08462104e+02
226             	3.08474719e+02
227             	3.08488539e+02
228             	3.08502309e+02
229             	3.08515778e+02
230             	3.08528851e+02
231             	3.08541629e+02
232             	3.08554188e+02
233             	3.08566529e+02
234             	3.08579004e+02
235             	3.08590372e+02
236             	3.08600123e+02
237             	3.08611288e+02
238             	3.08621651e+02
239             	3.08631845e+02
240             	3.08642152e+02
241             	3.08652772e+02
242             	3.08664286e+02
243             	3.08676298e+02
244             	3.08688207e+02
245             	3.08699412e+02
246             	3.08710406e+02
247             	3.08721270e+02
248             	3.08732020e+02
249             	3.08742045e+02
250             	3.08751630e+02
251             	3.08761093e+02
252             	3.08770322e+02
253             	3.08779483e+02
254             	3.08788355e+02
255             	3.08797167e+02
256             	3.08805938e+02
257             	3.08814801e+02
258             	3.08823344e+02
259             	3.08831742e+02
260             	3.08840153e+02
261             	3.08848800e+02
262             	3.08857568e+02
263             	3.08866548e+02
264             	3.08875618e+02
265             	3.08884724e+02
266             	3.08894022e+02
267             	3.08903029e+02
268             	3.08911987e+02
269             	3.08921173e+02
270             	3.08931124e+02
271             	3.08940209e+02
272             	3.08948405e+02
273             	3.08956437e+02
274             	3.08964286e+02
275             	3.08971864e+02
276             	3.08979612e+02
277             	3.08986923e+02
278             	3.08993948e+02
279             	3.09000923e+02
280             	3.09007883e+02
281             	3.09014792e+02
282             	3.09021817e+02
283             	3.09028993e+02
284             	3.09036349e+02
285             	3.09043760e+02
286             	3.09051443e+02
287             	3.09059390e+02
288             	3.09067061e+02
289             	3.09074823e+02
290             	3.09082667e+02
291             	3.09090134e+02
292             	3.09097575e+02
293             	3.09104699e+02
294             	3.09111741e+02
295             	3.09118723e+02
296             	3.09125369e+02
297             	3.09131639e+02
298             	3.09137647e+02
299             	3.09143397e+02
300             	3.09149167e+02
301             	3.09154987e+02
302             	3.09160712e+02
303             	3.09166513e+02
304             	3.09172446e+02
305             	3.09178491e+02
306             	3.09184646e+02
307             	3.09190878e+02
308             	3.09197142e+02
309             	3.09203294e+02
310             	3.09209564e+02
311             	3.09215829e+02
312             	3.09222258e+02
313             	3.09228649e+02
314             	3.09234528e+02
315             	3.09240129e+02
316             	3.09245875e+02
317             	3.09252077e+02
318             	3.09257240e+02
319             	3.09261924e+02
320             	3.09266639e+02
321             	3.09271633e+02
322             	3.09276773e+02
323             	3.09282054e+02
324             	3.09287576e+02
325             	3.09293517e+02
326             	3.09298714e+02
327             	3.09303633e+02
328             	3.09308544e+02
329             	3.09313628e+02
330             	3.09318754e+02
331             	3.09323630e+02
332             	3.09328511e+02
333             	3.09333496e+02
334             	3.09337442e+02
335             	3.09340767e+02
336             	3.09343809e+02
337             	3.09346880e+02
338             	3.09350269e+02
339             	3.09353994e+02
340             	3.09358768e+02
341             	3.09363844e+02
342             	3.09369320e+02
343             	3.09374638e+02
344             	3.09379957e+02
345             	3.09384495e+02
346             	3.09388296e+02
347             	3.09392228e+02
348             	3.09396229e+02
349             	3.09399995e+02
350             	3.09403493e+02
351             	3.09406810e+02
352             	3.09410336e+02
353             	3.09413820e+02
354             	3.09416960e+02
355             	3.09419714e+02
356             	3.09422490e+02
357             	3.09425511e+02
358             	3.09428770e+02
359             	3.09432321e+02
360             	3.09436157e+02
361             	3.09440049e+02
362             	3.09444031e+02
363             	3.09448354e+02
364             	3.09452835e+02
365             	3.09457041e+02
366             	3.09460925e+02
367             	3.09464456e+02
368             	3.09468420e+02
369             	3.09471281e+02
370             	3.09473549e+02
371             	3.09475271e+02
372             	3.09477105e+02
373             	3.09479140e+02
374             	3.09481544e+02
375             	3.09484644e+02
376             	3.09488348e+02
377             	3.09492147e+02
378             	3.09495529e+02
379             	3.09498970e+02
380             	3.09502353e+02
381             	3.09505663e+02
382             	3.09508636e+02
383             	3.09511310e+02
384             	3.09513855e+02
385             	3.09516592e+02
386             	3.09518250e+02
387             	3.09519561e+02
388             	3.09521035e+02
389             	3.09522834e+02
390             	3.09525063e+02
391             	3.09527646e+02
392             	3.09530636e+02
393             	3.09533651e+02
394             	3.09536309e+02
395             	3.09538831e+02
396             	3.09542027e+02
397             	3.09545057e+02
398             	3.09547907e+02
399             	3.09550218e+02
400             	3.09552332e+02
401             	3.09555509e+02
402             	3.09557381e+02
403             	3.09558244e+02
404             	3.09558903e+02
405             	3.09560428e+02
406             	3.09562082e+02
407             	3.09564001e+02
408             	3.09566375e+02
409             	3.09569217e+02
410             	3.09572025e+02
411             	3.09574906e+02
412             	3.09578114e+02
413             	3.09581044e+02
414             	3.09583689e+02
415             	3.09586233e+02
416             	3.09587562e+02
417             	3.09588030e+02
418             	3.09588361e+02
419             	3.09589153e+02
420             	3.09589788e+02
421             	3.09590447e+02
422             	3.09591525e+02
423             	3.09592734e+02
424             	3.09594077e+02
425             	3.09595732e+02
426             	3.09597631e+02
427             	3.09599851e+02
428             	3.09602188e+02
429             	3.09604023e+02
430             	3.09605962e+02
431             	3.09608108e+02
432             	3.09610266e+02
433             	3.09612318e+02
434             	3.09614801e+02
435             	3.09617004e+02
436             	3.09618684e+02
437             	3.09619863e+02
438             	3.09620747e+02
439             	3.09621556e+02
440             	3.09622261e+02
441             	3.09622936e+02
442             	3.09623684e+02
443             	3.09624903e+02
444             	3.09626451e+02
445             	3.09627658e+02
446             	3.09628879e+02
447             	3.09630209e+02
448             	3.09631644e+02
449             	3.09633194e+02
450             	3.09634804e+02
451             	3.09636478e+02
452             	3.09638263e+02
453             	3.09640203e+02
454             	3.09642589e+02
455             	3.09645220e+02
456             	3.09647911e+02
457             	3.09650297e+02
458             	3.09651795e+02
459             	3.09652656e+02
460             	3.09653371e+02
461             	3.09654006e+02
462             	3.09654491e+02
463             	3.09654910e+02
464             	3.09655352e+02
465             	3.09655663e+02
466             	3.09656161e+02
467             	3.09657185e+02
468             	3.09658595e+02
469             	3.09660067e+02
470             	3.09660814e+02
471             	3.09661501e+02
472             	3.09662476e+02
473             	3.09663731e+02
474             	3.09665162e+02
475             	3.09666543e+02
476             	3.09668022e+02
477             	3.09669480e+02
478             	3.09671024e+02
479             	3.09672377e+02
480             	3.09673542e+02
481             	3.09675668e+02
482             	3.09677519e+02
483             	3.09679196e+02
484             	3.09680775e+02
485             	3.09681348e+02
486             	3.09681446e+02
487             	3.09681544e+02
488             	3.09681753e+02
489             	3.09681977e+02
490             	3.09682279e+02
491             	3.09682577e+02
492             	3.09682938e+02
493             	3.09683459e+02
494             	3.09684015e+02
495             	3.09685216e+02
496             	3.09686594e+02
497             	3.09688126e+02
498             	3.09689499e+02
499             	3.09690487e+02
500             	3.09691428e+02
501             	3.09692804e+02
502             	3.09693983e+02
503             	3.09695104e+02
504             	3.09696261e+02
505             	3.09697430e+02
506             	3.09698545e+02
507             	3.09699439e+02
508             	3.09700474e+02
509             	3.09701688e+02
510             	3.09703185e+02
511             	3.09704536e+02
512             	3.09705506e+02
513             	3.09706079e+02
514             	3.09706428e+02
515             	3.09706732e+02
516             	3.09707122e+02
517             	3.09707652e+02
518             	3.09708193e+02
519             	3.09708783e+02
520             	3.09709410e+02
521             	3.09710117e+02
522             	3.09710860e+02
523             	3.09711640e+02
524             	3.09712462e+02
525             	3.09713338e+02
526             	3.09714387e+02
527             	3.09715111e+02
528             	3.09715828e+02
529             	3.09716481e+02
530             	3.09717076e+02
531             	3.09717601e+02
532             	3.09718281e+02
533             	3.09719122e+02
534             	3.09720105e+02
535             	3.09721304e+02
536             	3.09722959e+02
537             	3.09724561e+02
538             	3.09726202e+02
539             	3.09727794e+02
540             	3.09729039e+02
541             	3.09729917e+02
542             	3.09730617e+02
543             	3.09731300e+02
544             	3.09732014e+02
545             	3.09732650e+02
546             	3.09733379e+02
547             	3.09734188e+02
548             	3.09734931e+02
549             	3.09735637e+02
550             	3.09736237e+02
551             	3.09736775e+02
552             	3.09737220e+02
553             	3.09737621e+02
554             	3.09738014e+02
555             	3.09738448e+02
556             	3.09738938e+02
557             	3.09739406e+02
558             	3.09739901e+02
559             	3.09740500e+02
560             	3.09741267e+02
561             	3.09742413e+02
562             	3.09743234e+02
563             	3.09743896e+02
564             	3.09744447e+02
565             	3.09744999e+02
566             	3.09745625e+02
567             	3.09746265e+02
568             	3.09746981e+02
569             	3.09747777e+02
570             	3.09748641e+02
571             	3.09749575e+02
572             	3.09750465e+02
573             	3.09751290e+02
574             	3.09752051e+02
575             	3.09752777e+02
576             	3.09753463e+02
577             	3.09754119e+02
578             	3.09754808e+02
579             	3.09755522e+02
580             	3.09756095e+02
581             	3.09756675e+02
582             	3.09757293e+02
583             	3.09757911e+02
584             	3.09758541e+02
585             	3.09759183e+02
586             	3.09759844e+02
587             	3.09760521e+02
588             	3.09761218e+02
589             	3.09761923e+02
590             	3.09762652e+02
591             	3.09763356e+02
592             	3.09764059e+02
593             	3.09764701e+02
594             	3.09765301e+02
595             	3.09765882e+02
596             	3.09766460e+02
597             	3.09767064e+02
598             	3.09767705e+02
599             	3.09768204e+02
600             	3.09768631e+02
601             	3.09769138e+02
602             	3.09770590e+02
603             	3.09771488e+02
604             	3.09771858e+02
605             	3.09772248e+02
606             	3.09772699e+02
607             	3.09773329e+02
608             	3.09774062e+02
609             	3.09774985e+02
610             	3.09776044e+02
611             	3.09777385e+02
612             	3.09778720e+02
613             	3.09779823e+02
614             	3.09780253e+02
615             	3.09780507e+02
616             	3.09780782e+02
617             	3.09781035e+02
618             	3.09781161e+02
619             	3.09781295e+02
620             	3.09781499e+02
621             	3.09781748e+02
622             	3.09782061e+02
623             	3.09782428e+02
624             	3.09782798e+02
625             	3.09783215e+02
626             	3.09783812e+02
627             	3.09784262e+02
628             	3.09784736e+02
629             	3.09785276e+02
630             	3.09785932e+02
631             	3.09786686e+02
632             	3.09787483e+02
633             	3.09788310e+02
634             	3.09789123e+02
635             	3.09789982e+02
636             	3.09790659e+02
637             	3.09791241e+02
638             	3.09791743e+02
639             	3.09792154e+02
640             	3.09792559e+02
641             	3.09792815e+02
642             	3.09793150e+02
643             	3.09793629e+02
644             	3.09794041e+02
645             	3.09794193e+02
646             	3.09794221e+02
647             	3.09794305e+02
648             	3.09794439e+02
649             	3.09794598e+02
650             	3.09794702e+02
651             	3.09794852e+02
652             	3.09795004e+02
653             	3.09795301e+02
654             	3.09795613e+02
655             	3.09795924e+02
656             	3.09796351e+02
657             	3.09796850e+02
658             	3.09797454e+02
659             	3.09798078e+02
660             	3.09798750e+02
661             	3.09799518e+02
662             	3.09800327e+02
663             	3.09800909e+02
664             	3.09801329e+02
665             	3.09801632e+02
666             	3.09801794e+02
667             	3.09801946e+02
668             	3.09802165e+02
669             	3.09802337e+02
670             	3.09802634e+02
671             	3.09803085e+02
672             	3.09803624e+02
673             	3.09804105e+02
674             	3.09804507e+02
675             	3.09804775e+02
676             	3.09804997e+02
677             	3.09805185e+02
678             	3.09805397e+02
679             	3.09805617e+02
680             	3.09805875e+02
681             	3.09806137e+02
682             	3.09806426e+02
683             	3.09806710e+02
684             	3.09807004e+02
685             	3.09807318e+02
686             	3.09807582e+02
687             	3.09807827e+02
688             	3.09808243e+02
689             	3.09808517e+02
690             	3.09808726e+02
691             	3.09809004e+02
692             	3.09809345e+02
693             	3.09809752e+02
694             	3.09810194e+02
695             	3.09810682e+02
696             	3.09811210e+02
697             	3.09811904e+02
698             	3.09812454e+02
699             	3.09812930e+02
700             	3.09813210e+02
701             	3.09813362e+02
702             	3.09813620e+02
703             	3.09813962e+02
704             	3.09814285e+02
705             	3.09814443e+02
706             	3.09814626e+02
707             	3.09814824e+02
708             	3.09815004e+02
709             	3.09815113e+02
710             	3.09815161e+02
711             	3.09815210e+02
712             	3.09815273e+02
713             	3.09815392e+02
714             	3.09815471e+02
715             	3.09815520e+02
716             	3.09815577e+02
717             	3.09815676e+02
718             	3.09815811e+02
719             	3.09815951e+02
720             	3.09816115e+02
721             	3.09816324e+02
722             	3.09816675e+02
723             	3.09816833e+02
724             	3.09816905e+02
725             	3.09816999e+02
726             	3.09817064e+02
727             	3.09817238e+02
728             	3.09817493e+02
729             	3.09817777e+02
730             	3.09818089e+02
731             	3.09818453e+02
732             	3.09818953e+02
733             	3.09819564e+02
734             	3.09820111e+02
735             	3.09820513e+02
736             	3.09820743e+02
737             	3.09820840e+02
738             	3.09820848e+02
739             	3.09820823e+02
740             	3.09820735e+02
741             	3.09820638e+02
742             	3.09820518e+02
743             	3.09820263e+02
744             	3.09819992e+02
745             	3.09819716e+02
746             	3.09819465e+02
747             	3.09819338e+02
748             	3.09819235e+02
749             	3.09819159e+02
750             	3.09819216e+02
751             	3.09819426e+02
752             	3.09819772e+02
753             	3.09820223e+02
754             	3.09820595e+02
755             	3.09821005e+02
756             	3.09821409e+02
757             	3.09821777e+02
758             	3.09822004e+02
759             	3.09822262e+02
760             	3.09822516e+02
761             	3.09822703e+02
762             	3.09822869e+02
763             	3.09822890e+02
764             	3.09822877e+02
765             	3.09822872e+02
766             	3.09822787e+02
767             	3.09822673e+02
768             	3.09822522e+02
769             	3.09822366e+02
770             	3.09822267e+02
771             	3.09822267e+02
772             	3.09822232e+02
773             	3.09822193e+02
774             	3.09822202e+02
775             	3.09822255e+02
776             	3.09822344e+02
777             	3.09822524e+02
778             	3.09822745e+02
779             	3.09822995e+02
780             	3.09823251e+02
781             	3.09823550e+02
782             	3.09823818e+02
783             	3.09823978e+02
784             	3.09824081e+02
785             	3.09824136e+02
786             	3.09824173e+02
787             	3.09824249e+02
788             	3.09824412e+02
789             	3.09824569e+02
790             	3.09824780e+02
791             	3.09824950e+02
792             	3.09825094e+02
793             	3.09825092e+02
794             	3.09825143e+02
795             	3.09825224e+02
796             	3.09825215e+02
797             	3.09825109e+02
798             	3.09824959e+02
799             	3.09824731e+02
800             	3.09824582e+02
801             	3.09824562e+02
802             	3.09824464e+02
803             	3.09824374e+02
804             	3.09824364e+02
805             	3.09824457e+02
806             	3.09824625e+02
807             	3.09824939e+02
808             	3.09825347e+02
809             	3.09825768e+02
810             	3.09826236e+02
811             	3.09826607e+02
812             	3.09827077e+02
813             	3.09827648e+02
814             	3.09828115e+02
815             	3.09828369e+02
816             	3.09828334e+02
817             	3.09828212e+02
818             	3.09828070e+02
819             	3.09827907e+02
820             	3.09827684e+02
821             	3.09827511e+02
822             	3.09827323e+02
823             	3.09827259e+02
824             	3.09827289e+02
825             	3.09827536e+02
826             	3.09827679e+02
827             	3.09827790e+02
828             	3.09827844e+02
829             	3.09827906e+02
830             	3.09827974e+02
831             	3.09828057e+02
832             	3.09828189e+02
833             	3.09828361e+02
834             	3.09828511e+02
835             	3.09828677e+02
836             	3.09829158e+02
837             	3.09829896e+02
838             	3.09830533e+02
839             	3.09830741e+02
840             	3.09830547e+02
841             	3.09830238e+02
842             	3.09829914e+02
843             	3.09829648e+02
844             	3.09829407e+02
845             	3.09829253e+02
846             	3.09829147e+02
847             	3.09829151e+02
848             	3.09829157e+02
849             	3.09829230e+02
850             	3.09829266e+02
851             	3.09829290e+02
852             	3.09829277e+02
853             	3.09829273e+02
854             	3.09829203e+02
855             	3.09829180e+02
856             	3.09829134e+02
857             	3.09829111e+02
858             	3.09829167e+02
859             	3.09829316e+02
860             	3.09829560e+02
861             	3.09829872e+02
862             	3.09830268e+02
863             	3.09830598e+02
864             	3.09830807e+02
865             	3.09831011e+02
866             	3.09831096e+02
867             	3.09831185e+02
868             	3.09831306e+02
869             	3.09831383e+02
870             	3.09831421e+02
871             	3.09831401e+02
872             	3.09831335e+02
873             	3.09831218e+02
874             	3.09831171e+02
875             	3.09831086e+02
876             	3.09831018e+02
877             	3.09830991e+02
878             	3.09831004e+02
879             	3.09831071e+02
880             	3.09831195e+02
881             	3.09831417e+02
882             	3.09831661e+02
883             	3.09831915e+02
884             	3.09832180e+02
885             	3.09832405e+02
886             	3.09832605e+02
887             	3.09832788e+02
888             	3.09832976e+02
889             	3.09833168e+02
890             	3.09833377e+02
891             	3.09833589e+02
892             	3.09833771e+02
893             	3.09833897e+02
894             	3.09833970e+02
895             	3.09834012e+02
896             	3.09834025e+02
897             	3.09834011e+02
898             	3.09834067e+02
899             	3.09834165e+02
900             	3.09834311e+02
901             	3.09834366e+02
902             	3.09834454e+02
903             	3.09834564e+02
904             	3.09834667e+02
905             	3.09834751e+02
906             	3.09834819e+02
907             	3.09834880e+02
908             	3.09834922e+02
909             	3.09834968e+02
910             	3.09834966e+02
911             	3.09834949e+02
912             	3.09834966e+02
913             	3.09835029e+02
914             	3.09835085e+02
915             	3.09835222e+02
916             	3.09835391e+02
917             	3.09835545e+02
918             	3.09835775e+02
919             	3.09835921e+02
920             	3.09836009e+02
921             	3.09836100e+02
922             	3.09836226e+02
923             	3.09836418e+02
924             	3.09836654e+02
925             	3.09836907e+02
926             	3.09837019e+02
927             	3.09837099e+02
928             	3.09837340e+02
929             	3.09837677e+02
930             	3.09837842e+02
931             	3.09837916e+02
932             	3.09837949e+02
933             	3.09837866e+02
934             	3.09837747e+02
935             	3.09837579e+02
936             	3.09837433e+02
937             	3.09837313e+02
938             	3.09837224e+02
939             	3.09837318e+02
940             	3.09837320e+02
941             	3.09837290e+02
942             	3.09837327e+02
943             	3.09837423e+02
944             	3.09837606e+02
945             	3.09837869e+02
946             	3.09838185e+02
947             	3.09838566e+02
948             	3.09839075e+02
949             	3.09839669e+02
950             	3.09840086e+02
951             	3.09840308e+02
952             	3.09840473e+02
953             	3.09840648e+02
954             	3.09840776e+02
955             	3.09840763e+02
956             	3.09840785e+02
957             	3.09840770e+02
958             	3.09840806e+02
959             	3.09840870e+02
960             	3.09840912e+02
961             	3.09840874e+02
962             	3.09840768e+02
963             	3.09840669e+02
964             	3.09840554e+02
965             	3.09840471e+02
966             	3.09840390e+02
967             	3.09840362e+02
968             	3.09840349e+02
969             	3.09840423e+02
970             	3.09840502e+02
971             	3.09840677e+02
972             	3.09840855e+02
973             	3.09841014e+02
974             	3.09841178e+02
975             	3.09841368e+02
976             	3.09841597e+02
977             	3.09841815e+02
978             	3.09842088e+02
979             	3.09842360e+02
980             	3.09842514e+02
981             	3.09842720e+02
982             	3.09842884e+02
983             	3.09842989e+02
984             	3.09843138e+02
985             	3.09843308e+02
986             	3.09843438e+02
987             	3.09843441e+02
988             	3.09843334e+02
989             	3.09843210e+02
990             	3.09843114e+02
991             	3.09842986e+02
992             	3.09842856e+02
993             	3.09842688e+02
994             	3.09842553e+02
995             	3.09842420e+02
996             	3.09842367e+02
997             	3.09842511e+02
998             	3.09842595e+02
999             	3.09842620e+02
1000            	3.09842737e+02
1001            	3.09842905e+02
1002            	3.09843177e+02
1003            	3.09843459e+02
1004            	3.09843733e+02
1005            	3.09844011e+02
1006            	3.09844292e+02
1007            	3.09844495e+02
1008            	3.09844720e+02
1009            	3.09844963e+02
1010            	3.09845166e+02
1011            	3.09845387e+02
1012            	3.09845602e+02
1013            	3.09845708e+02
1014            	3.09845614e+02
1015            	3.09845470e+02
1016            	3.09845382e+02
1017            	3.09845238e+02
1018            	3.09845079e+02
1019            	3.09844918e+02
1020            	3.09844794e+02
1021            	3.09844694e+02
1022            	3.09844625e+02
1023            	3.09844592e+02
1024            	3.09844583e+02
1025            	3.09844639e+02
1026            	3.09844625e+02
1027            	3.09844601e+02
1028            	3.09844679e+02
1029            	3.09844681e+02
1030            	3.09844695e+02
1031            	3.09844759e+02
1032            	3.09844857e+02
1033            	3.09844963e+02
1034            	3.09845206e+02
1035            	3.09845586e+02
1036            	3.09845887e+02
1037            	3.09846048e+02
1038            	3.09846297e+02
1039            	3.09846631e+02
1040            	3.09846914e+02
1041            	3.09847112e+02
1042            	3.09847188e+02
1043            	3.09847205e+02
1044            	3.09847117e+02
1045            	3.09846947e+02
1046            	3.09846765e+02
1047            	3.09846597e+02
1048            	3.09846431e+02
1049            	3.09846546e+02
1050            	3.09846452e+02
1051            	3.09846243e+02
1052            	3.09846062e+02
1053            	3.09845940e+02
1054            	3.09845922e+02
1055            	3.09846045e+02
1056            	3.09846242e+02
1057            	3.09846363e+02
1058            	3.09846546e+02
1059            	3.09846719e+02
1060            	3.09846837e+02
1061            	3.09846842e+02
1062            	3.09846948e+02
1063            	3.09847103e+02
1064            	3.09847271e+02
1065            	3.09847316e+02
1066            	3.09847186e+02
1067            	3.09847095e+02
1068            	3.09846943e+02
1069            	3.09846589e+02
1070            	3.09846198e+02
1071            	3.09845851e+02
1072            	3.09845605e+02
1073            	3.09845475e+02
1074            	3.09845470e+02
1075            	3.09845609e+02
1076            	3.09846094e+02
1077            	3.09846700e+02
1078            	3.09846991e+02
1079            	3.09847010e+02
1080            	3.09846965e+02
1081            	3.09846872e+02
1082            	3.09846793e+02
1083            	3.09846714e+02
1084            	3.09846554e+02
1085            	3.09846449e+02
1086            	3.09846425e+02
1087            	3.09846432e+02
1088            	3.09846516e+02
1089            	3.09846590e+02
1090            	3.09846582e+02
1091            	3.09846477e+02
1092            	3.09846287e+02
1093            	3.09846159e+02
1094            	3.09845906e+02
1095            	3.09845640e+02
1096            	3.09845409e+02
1097            	3.09845217e+02
1098            	3.09845133e+02
1099            	3.09845138e+02
1100            	3.09845260e+02
1101            	3.09845462e+02
1102            	3.09845769e+02
1103            	3.09846148e+02
1104            	3.09846520e+02
1105            	3.09846825e+02
1106            	3.09847053e+02
1107            	3.09847212e+02
1108            	3.09847212e+02
1109            	3.09847228e+02
1110            	3.09847288e+02
1111            	3.09847318e+02
1112            	3.09847290e+02
1113            	3.09847246e+02
1114            	3.09847162e+02
1115            	3.09847068e+02
1116            	3.09846921e+02
1117            	3.09846798e+02
1118            	3.09846643e+02
1119            	3.09846581e+02
1120            	3.09846455e+02
1121            	3.09846349e+02
1122            	3.09846272e+02
1123            	3.09846285e+02
1124            	3.09846345e+02
1125            	3.09846509e+02
1126            	3.09846691e+02
1127            	3.09846800e+02
1128            	3.09846937e+02
1129            	3.09847163e+02
1130            	3.09847407e+02
1131            	3.09847616e+02
1132            	3.09847691e+02
1133            	3.09847727e+02
1134            	3.09847745e+02
1135            	3.09847747e+02
1136            	3.09847725e+02
1137            	3.09847678e+02
1138            	3.09847570e+02
1139            	3.09847464e+02
1140            	3.09847488e+02
1141            	3.09847463e+02
1142            	3.09847458e+02
1143            	3.09847501e+02
1144            	3.09847597e+02
1145            	3.09847724e+02
1146            	3.09847894e+02
1147            	3.09848091e+02
1148            	3.09848387e+02
1149            	3.09848613e+02
1150            	3.09848726e+02
1151            	3.09848768e+02
1152            	3.09848785e+02
1153            	3.09848734e+02
1154            	3.09848744e+02
1155            	3.09848813e+02
1156            	3.09848901e+02
1157            	3.09848932e+02
1158            	3.09848928e+02
1159            	3.09848907e+02
1160            	3.09848892e+02
1161            	3.09848846e+02
1162            	3.09848814e+02
1163            	3.09848754e+02
1164            	3.09848726e+02
1165            	3.09848678e+02
1166            	3.09848700e+02
1167            	3.09848736e+02
1168            	3.09848847e+02
1169            	3.09848963e+02
1170            	3.09849119e+02
1171            	3.09849279e+02
1172            	3.09849453e+02
1173            	3.09849542e+02
1174            	3.09849614e+02
1175            	3.09849669e+02
1176            	3.09849730e+02
1177            	3.09849777e+02
1178            	3.09849860e+02
1179            	3.09849971e+02
1180            	3.09850098e+02
1181            	3.09850273e+02
1182            	3.09850418e+02
1183            	3.09850529e+02
1184            	3.09850558e+02
1185            	3.09850548e+02
1186            	3.09850520e+02
1187            	3.09850509e+02
1188            	3.09850513e+02
1189            	3.09850530e+02
1190            	3.09850541e+02
1191            	3.09850568e+02
1192            	3.09850575e+02
1193            	3.09850590e+02
1194            	3.09850584e+02
1195            	3.09850624e+02
1196            	3.09850664e+02
1197            	3.09850761e+02
1198            	3.09850859e+02
1199            	3.09850991e+02
1200            	3.09851135e+02
1201            	3.09851290e+02
1202            	3.09851461e+02
1203            	3.09851644e+02
1204            	3.09851826e+02
1205            	3.09852016e+02
1206            	3.09852204e+02
1207            	3.09852339e+02
1208            	3.09852463e+02
1209            	3.09852536e+02
1210            	3.09852673e+02
1211            	3.09852833e+02
1212            	3.09853042e+02
1213            	3.09853256e+02
1214            	3.09853434e+02
1215            	3.09853529e+02
1216            	3.09853557e+02
1217            	3.09853556e+02
1218            	3.09853528e+02
1219            	3.09853524e+02
1220            	3.09853499e+02
1221            	3.09853471e+02
1222            	3.09853414e+02
1223            	3.09853335e+02
1224            	3.09853262e+02
1225            	3.09853220e+02
1226            	3.09853179e+02
1227            	3.09853169e+02
1228            	3.09853154e+02
1229            	3.09853178e+02
1230            	3.09853186e+02
1231            	3.09853218e+02
1232            	3.09853242e+02
1233            	3.09853286e+02
1234            	3.09853340e+02
1235            	3.09853432e+02
1236            	3.09853494e+02
1237            	3.09853547e+02
1238            	3.09853628e+02
1239            	3.09853740e+02
1240            	3.09853809e+02
1241            	3.09853860e+02
1242            	3.09853861e+02
1243            	3.09853868e+02
1244            	3.09853864e+02
1245            	3.09853870e+02
1246            	3.09853845e+02
1247            	3.09853863e+02
1248            	3.09853866e+02
1249            	3.09853860e+02
1250            	3.09853906e+02
1251            	3.09853964e+02
1252            	3.09854084e+02
1253            	3.09854237e+02
1254            	3.09854411e+02
1255            	3.09854617e+02
1256            	3.09854790e+02
1257            	3.09854873e+02
1258            	3.09854934e+02
1259            	3.09854885e+02
1260            	3.09854861e+02
1261            	3.09854879e+02
1262            	3.09854907e+02
1263            	3.09854884e+02
1264            	3.09854839e+02
1265            	3.09854755e+02
1266            	3.09854655e+02
1267            	3.09854536e+02
1268            	3.09854444e+02
1269            	3.09854360e+02
1270            	3.09854293e+02
1271            	3.09854250e+02
1272            	3.09854307e+02
1273            	3.09854341e+02
1274            	3.09854346e+02
1275            	3.09854409e+02
1276            	3.09854484e+02
1277            	3.09854607e+02
1278            	3.09854749e+02
1279            	3.09854901e+02
1280            	3.09855033e+02
1281            	3.09855168e+02
1282            	3.09855303e+02
1283            	3.09855446e+02
1284            	3.09855576e+02
1285            	3.09855697e+02
1286            	3.09855781e+02
1287            	3.09855849e+02
1288            	3.09855886e+02
1289            	3.09855918e+02
1290            	3.09855924e+02
1291            	3.09855927e+02
1292            	3.09855892e+02
1293            	3.09855880e+02
1294            	3.09855843e+02
1295            	3.09855832e+02
1296            	3.09855811e+02
1297            	3.09855756e+02
1298            	3.09855744e+02
1299            	3.09855795e+02
1300            	3.09855851e+02
1301            	3.09855913e+02
1302            	3.09855959e+02
1303            	3.09856000e+02
1304            	3.09856065e+02
1305            	3.09856084e+02
1306            	3.09856089e+02
1307            	3.09856095e+02
1308            	3.09856111e+02
1309            	3.09856138e+02
1310            	3.09856185e+02
1311            	3.09856263e+02
1312            	3.09856369e+02
1313            	3.09856434e+02
1314            	3.09856462e+02
1315            	3.09856478e+02
1316            	3.09856470e+02
1317            	3.09856444e+02
1318            	3.09856342e+02
1319            	3.09856296e+02
1320            	3.09856310e+02
1321            	3.09856342e+02
1322            	3.09856389e+02
1323            	3.09856390e+02
1324            	3.09856411e+02
1325            	3.09856403e+02
1326            	3.09856400e+02
1327            	3.09856348e+02
1328            	3.09856314e+02
1329            	3.09856258e+02
1330            	3.09856236e+02
1331            	3.09856213e+02
1332            	3.09856200e+02
1333            	3.09856196e+02
1334            	3.09856194e+02
1335            	3.09856192e+02
1336            	3.09856191e+02
1337            	3.09856187e+02
1338            	3.09856189e+02
1339            	3.09856201e+02
1340            	3.09856224e+02
1341            	3.09856239e+02
1342            	3.09856292e+02
1343            	3.09856329e+02
1344            	3.09856389e+02
1345            	3.09856447e+02
1346            	3.09856526e+02
1347            	3.09856590e+02
1348            	3.09856662e+02
1349            	3.09856712e+02
1350            	3.09856766e+02
1351            	3.09856781e+02
1352            	3.09856800e+02
1353            	3.09856785e+02
1354            	3.09856795e+02
1355            	3.09856750e+02
1356            	3.09856730e+02
1357            	3.09856728e+02
1358            	3.09856713e+02
1359            	3.09856689e+02
1360            	3.09856672e+02
1361            	3.09856680e+02
1362            	3.09856678e+02
1363            	3.09856656e+02
1364            	3.09856641e+02
1365            	3.09856619e+02
1366            	3.09856630e+02
1367            	3.09856658e+02
1368            	3.09856699e+02
1369            	3.09856760e+02
1370            	3.09856826e+02
1371            	3.09856902e+02
1372            	3.09857012e+02
1373            	3.09857119e+02
1374            	3.09857174e+02
1375            	3.09857194e+02
1376            	3.09857200e+02
1377            	3.09857190e+02
1378            	3.09857178e+02
1379            	3.09857166e+02
1380            	3.09857168e+02
1381            	3.09857192e+02
1382            	3.09857240e+02
1383            	3.09857285e+02
1384            	3.09857335e+02
1385            	3.09857363e+02
1386            	3.09857396e+02
1387            	3.09857425e+02
1388            	3.09857461e+02
1389            	3.09857475e+02
1390            	3.09857500e+02
1391            	3.09857508e+02
1392            	3.09857544e+02
1393            	3.09857579e+02
1394            	3.09857654e+02
1395            	3.09857711e+02
1396            	3.09857780e+02
1397            	3.09857813e+02
1398            	3.09857867e+02
1399            	3.09857894e+02
1400            	3.09857912e+02
1401            	3.09857909e+02
1402            	3.09857925e+02
1403            	3.09857928e+02
1404            	3.09857960e+02
1405            	3.09857980e+02
1406            	3.09858018e+02
1407            	3.09858042e+02
1408            	3.09858063e+02
1409            	3.09858071e+02
1410            	3.09858082e+02
1411            	3.09858084e+02
1412            	3.09858117e+02
1413            	3.09858137e+02
1414            	3.09858157e+02
1415            	3.09858180e+02
1416            	3.09858237e+02
1417            	3.09858281e+02
1418            	3.09858348e+02
1419            	3.09858396e+02
1420            	3.09858450e+02
1421            	3.09858477e+02
1422            	3.09858521e+02
1423            	3.09858542e+02
1424            	3.09858595e+02
1425            	3.09858641e+02
1426            	3.09858721e+02
1427            	3.09858771e+02
1428            	3.09858821e+02
1429            	3.09858850e+02
1430            	3.09858889e+02
1431            	3.09858906e+02
1432            	3.09858947e+02
1433            	3.09858973e+02
1434            	3.09859004e+02
1435            	3.09859032e+02
1436            	3.09859058e+02
1437            	3.09859090e+02
1438            	3.09859107e+02
1439            	3.09859132e+02
1440            	3.09859161e+02
1441            	3.09859189e+02
1442            	3.09859201e+02
1443            	3.09859210e+02
1444            	3.09859203e+02
1445            	3.09859201e+02
1446            	3.09859182e+02
1447            	3.09859191e+02
1448            	3.09859199e+02
1449            	3.09859232e+02
1450            	3.09859264e+02
1451            	3.09859309e+02
1452            	3.09859328e+02
1453            	3.09859345e+02
1454            	3.09859359e+02
1455            	3.09859358e+02
1456            	3.09859367e+02
1457            	3.09859418e+02
1458            	3.09859465e+02
1459            	3.09859535e+02
1460            	3.09859591e+02
1461            	3.09859684e+02
1462            	3.09859728e+02
1463            	3.09859804e+02
1464            	3.09859796e+02
1465            	3.09859774e+02
1466            	3.09859744e+02
1467            	3.09859744e+02
1468            	3.09859745e+02
1469            	3.09859811e+02
1470            	3.09859900e+02
1471            	3.09860014e+02
1472            	3.09860124e+02
1473            	3.09860251e+02
1474            	3.09860350e+02
1475            	3.09860438e+02
1476            	3.09860502e+02
1477            	3.09860559e+02
1478            	3.09860562e+02
1479            	3.09860568e+02
1480            	3.09860564e+02
1481            	3.09860569e+02
1482            	3.09860565e+02
1483            	3.09860578e+02
1484            	3.09860577e+02
1485            	3.09860600e+02
1486            	3.09860609e+02
1487            	3.09860640e+02
1488            	3.09860649e+02
1489            	3.09860666e+02
1490            	3.09860659e+02
1491            	3.09860667e+02
1492            	3.09860664e+02
1493            	3.09860695e+02
1494            	3.09860749e+02
1495            	3.09860861e+02
1496            	3.09860954e+02
1497            	3.09861043e+02
1498            	3.09861099e+02
1499            	3.09861157e+02
1500            	3.09861181e+02
1501            	3.09861218e+02
1502            	3.09861240e+02
1503            	3.09861269e+02
1504            	3.09861265e+02
1505            	3.09861282e+02
1506            	3.09861286e+02
1507            	3.09861295e+02
1508            	3.09861271e+02
1509            	3.09861249e+02
1510            	3.09861191e+02
1511            	3.09861131e+02
1512            	3.09861096e+02
1513            	3.09861105e+02
1514            	3.09861121e+02
1515            	3.09861162e+02
1516            	3.09861190e+02
1517            	3.09861233e+02
1518            	3.09861251e+02
1519            	3.09861285e+02
1520            	3.09861308e+02
1521            	3.09861360e+02
1522            	3.09861403e+02
1523            	3.09861479e+02
1524            	3.09861537e+02
1525            	3.09861604e+02
1526            	3.09861644e+02
1527            	3.09861690e+02
1528            	3.09861760e+02
1529            	3.09861854e+02
1530            	3.09861938e+02
1531            	3.09862021e+02
1532            	3.09862077e+02
1533            	3.09862120e+02
1534            	3.09862131e+02
1535            	3.09862134e+02
1536            	3.09862114e+02
1537            	3.09862097e+02
1538            	3.09862075e+02
1539            	3.09862069e+02
1540            	3.09862075e+02
1541            	3.09862067e+02
1542            	3.09862057e+02
1543            	3.09862086e+02
1544            	3.09862105e+02
1545            	3.09862099e+02
1546            	3.09862118e+02
1547            	3.09862140e+02
1548            	3.09862119e+02
1549            	3.09862077e+02
1550            	3.09862113e+02
1551            	3.09862131e+02
1552            	3.09862186e+02
1553            	3.09862252e+02
1554            	3.09862320e+02
1555            	3.09862348e+02
1556            	3.09862357e+02
1557            	3.09862336e+02
1558            	3.09862272e+02
1559            	3.09862205e+02
1560            	3.09862221e+02
1561            	3.09862208e+02
1562            	3.09862162e+02
1563            	3.09862171e+02
1564            	3.09862190e+02
1565            	3.09862257e+02
1566            	3.09862354e+02
1567            	3.09862506e+02
1568            	3.09862668e+02
1569            	3.09862820e+02
1570            	3.09862938e+02
1571            	3.09863027e+02
1572            	3.09863040e+02
1573            	3.09863082e+02
1574            	3.09863145e+02
1575            	3.09863195e+02
1576            	3.09863215e+02
1577            	3.09863152e+02
1578            	3.09863106e+02
1579            	3.09863057e+02
1580            	3.09863011e+02
1581            	3.09862960e+02
1582            	3.09862913e+02
1583            	3.09862867e+02
1584            	3.09862813e+02
1585            	3.09862756e+02
1586            	3.09862702e+02
1587            	3.09862659e+02
1588            	3.09862630e+02
1589            	3.09862630e+02
1590            	3.09862673e+02
1591            	3.09862742e+02
1592            	3.09862828e+02
1593            	3.09862866e+02
1594            	3.09862863e+02
1595            	3.09862859e+02
1596            	3.09862843e+02
1597            	3.09862864e+02
1598            	3.09862894e+02
1599            	3.09862958e+02
1600            	3.09863017e+02
1601            	3.09863097e+02
1602            	3.09863173e+02
1603            	3.09863256e+02
1604            	3.09863313e+02
1605            	3.09863367e+02
1606            	3.09863396e+02
1607            	3.09863412e+02
1608            	3.09863398e+02
1609            	3.09863369e+02
1610            	3.09863304e+02
1611            	3.09863280e+02
1612            	3.09863293e+02
1613            	3.09863336e+02
1614            	3.09863384e+02
1615            	3.09863432e+02
1616            	3.09863451e+02
1617            	3.09863480e+02
1618            	3.09863488e+02
1619            	3.09863493e+02
1620            	3.09863487e+02
1621            	3.09863496e+02
1622            	3.09863502e+02
1623            	3.09863537e+02
1624            	3.09863591e+02
1625            	3.09863688e+02
1626            	3.09863772e+02
1627            	3.09863832e+02
1628            	3.09863886e+02
1629            	3.09863926e+02
1630            	3.09863940e+02
1631            	3.09863945e+02
1632            	3.09863924e+02
1633            	3.09863903e+02
1634            	3.09863871e+02
1635            	3.09863840e+02
1636            	3.09863804e+02
1637            	3.09863780e+02
1638            	3.09863737e+02
1639            	3.09863734e+02
1640            	3.09863670e+02
1641            	3.09863570e+02
1642            	3.09863446e+02
1643            	3.09863332e+02
1644            	3.09863232e+02
1645            	3.09863162e+02
1646            	3.09863131e+02
1647            	3.09863146e+02
1648            	3.09863195e+02
1649            	3.09863216e+02
1650            	3.09863265e+02
1651            	3.09863323e+02
1652            	3.09863411e+02
1653            	3.09863466e+02
1654            	3.09863458e+02
1655            	3.09863459e+02
1656            	3.09863432e+02
1657            	3.09863420e+02
1658            	3.09863393e+02
1659            	3.09863387e+02
1660            	3.09863429e+02
1661            	3.09863613e+02
1662            	3.09863622e+02
1663            	3.09863559e+02
1664            	3.09863486e+02
1665            	3.09863450e+02
1666            	3.09863446e+02
1667            	3.09863452e+02
1668            	3.09863488e+02
1669            	3.09863577e+02
1670            	3.09863584e+02
1671            	3.09863599e+02
1672            	3.09863657e+02
1673            	3.09863684e+02
1674            	3.09863681e+02
1675            	3.09863697e+02
1676            	3.09863717e+02
1677            	3.09863716e+02
1678            	3.09863661e+02
1679            	3.09863555e+02
1680            	3.09863430e+02
1681            	3.09863297e+02
1682            	3.09863184e+02
1683            	3.09863086e+02
1684            	3.09863028e+02
1685            	3.09862998e+02
1686            	3.09863010e+02
1687            	3.09863057e+02
1688            	3.09863128e+02
1689            	3.09863229e+02
1690            	3.09863378e+02
1691            	3.09863419e+02
1692            	3.09863409e+02
1693            	3.09863394e+02
1694            	3.09863382e+02
1695            	3.09863435e+02
1696            	3.09863567e+02
1697            	3.09863737e+02
1698            	3.09863876e+02
1699            	3.09863978e+02
1700            	3.09864060e+02
1701            	3.09864131e+02
1702            	3.09864205e+02
1703            	3.09864199e+02
1704            	3.09864129e+02
1705            	3.09864083e+02
1706            	3.09864055e+02
1707            	3.09864010e+02
1708            	3.09863914e+02
1709            	3.09863797e+02
1710            	3.09863660e+02
1711            	3.09863523e+02
1712            	3.09863410e+02
1713            	3.09863322e+02
1714            	3.09863240e+02
1715            	3.09863180e+02
1716            	3.09863103e+02
1717            	3.09863007e+02
1718            	3.09862942e+02
1719            	3.09862915e+02
1720            	3.09863004e+02
1721            	3.09863034e+02
1722            	3.09863153e+02
1723            	3.09863134e+02
1724            	3.09863092e+02
1725            	3.09863024e+02
1726            	3.09862984e+02
1727            	3.09862947e+02
1728            	3.09862982e+02
1729            	3.09863115e+02
1730            	3.09863349e+02
1731            	3.09863635e+02
1732            	3.09863851e+02
1733            	3.09863939e+02
1734            	3.09863922e+02
1735            	3.09863851e+02
1736            	3.09863755e+02
1737            	3.09863607e+02
1738            	3.09863532e+02
1739            	3.09863474e+02
1740            	3.09863431e+02
1741            	3.09863348e+02
1742            	3.09863293e+02
1743            	3.09863243e+02
1744            	3.09863223e+02
1745            	3.09863136e+02
1746            	3.09863090e+02
1747            	3.09863074e+02
1748            	3.09863110e+02
1749            	3.09863168e+02
1750            	3.09863246e+02
1751            	3.09863332e+02
1752            	3.09863337e+02
1753            	3.09863333e+02
1754            	3.09863305e+02
1755            	3.09863258e+02
1756            	3.09863229e+02
1757            	3.09863307e+02
1758            	3.09863483e+02
1759            	3.09863852e+02
1760            	3.09864313e+02
1761            	3.09864609e+02
1762            	3.09865124e+02
1763            	3.09865059e+02
1764            	3.09864671e+02
1765            	3.09864287e+02
1766            	3.09863989e+02
1767            	3.09863735e+02
1768            	3.09863609e+02
1769            	3.09863567e+02
1770            	3.09863657e+02
1771            	3.09863701e+02
1772            	3.09863747e+02
1773            	3.09863754e+02
1774            	3.09863638e+02
1775            	3.09863358e+02
1776            	3.09863118e+02
1777            	3.09862931e+02
1778            	3.09862741e+02
1779            	3.09862534e+02
1780            	3.09862281e+02
1781            	3.09862057e+02
1782            	3.09861816e+02
1783            	3.09861596e+02
1784            	3.09861357e+02
1785            	3.09861133e+02
1786            	3.09860976e+02
1787            	3.09860878e+02
1788            	3.09860867e+02
1789            	3.09860922e+02
1790            	3.09861043e+02
1791            	3.09861283e+02
1792            	3.09861679e+02
1793            	3.09862015e+02
1794            	3.09862171e+02
1795            	3.09862161e+02
1796            	3.09862051e+02
1797            	3.09861903e+02
1798            	3.09861728e+02
1799            	3.09861458e+02
1800            	3.09861264e+02
1801            	3.09861205e+02
1802            	3.09861076e+02
1803            	3.09860919e+02
1804            	3.09860744e+02
1805            	3.09860527e+02
1806            	3.09860280e+02
1807            	3.09860041e+02
1808            	3.09859799e+02
1809            	3.09859532e+02
1810            	3.09859332e+02
1811            	3.09859122e+02
1812            	3.09859013e+02
1813            	3.09858908e+02
1814            	3.09858857e+02
1815            	3.09858797e+02
1816            	3.09858804e+02
1817            	3.09858821e+02
1818            	3.09858785e+02
1819            	3.09858770e+02
1820            	3.09858762e+02
1821            	3.09858763e+02
1822            	3.09858807e+02
1823            	3.09858892e+02
1824            	3.09858980e+02
1825            	3.09859020e+02
1826            	3.09858979e+02
1827            	3.09858878e+02
1828            	3.09858732e+02
1829            	3.09858565e+02
1830            	3.09858405e+02
1831            	3.09858237e+02
1832            	3.09858070e+02
1833            	3.09857849e+02
1834            	3.09857667e+02
1835            	3.09857424e+02
1836            	3.09857228e+02
1837            	3.09857084e+02
1838            	3.09856988e+02
1839            	3.09856888e+02
1840            	3.09856817e+02
1841            	3.09856732e+02
1842            	3.09856620e+02
1843            	3.09856504e+02
1844            	3.09856422e+02
1845            	3.09856350e+02
1846            	3.09856298e+02
1847            	3.09856241e+02
1848            	3.09856203e+02
1849            	3.09856154e+02
1850            	3.09856138e+02
1851            	3.09856163e+02
1852            	3.09856256e+02
1853            	3.09856374e+02
1854            	3.09856432e+02
1855            	3.09856361e+02
1856            	3.09856225e+02
1857            	3.09856037e+02
1858            	3.09855834e+02
1859            	3.09855629e+02
1860            	3.09855451e+02
1861            	3.09855303e+02
1862            	3.09855209e+02
1863            	3.09855121e+02
1864            	3.09855027e+02
1865            	3.09854910e+02
1866            	3.09854707e+02
1867            	3.09854527e+02
1868            	3.09854345e+02
1869            	3.09854191e+02
1870            	3.09854023e+02
1871            	3.09853886e+02
1872            	3.09853764e+02
1873            	3.09853697e+02
1874            	3.09853641e+02
1875            	3.09853619e+02
1876            	3.09853579e+02
1877            	3.09853590e+02
1878            	3.09853645e+02
1879            	3.09853698e+02
1880            	3.09853727e+02
1881            	3.09853723e+02
1882            	3.09853680e+02
1883            	3.09853576e+02
1884            	3.09853435e+02
1885            	3.09853302e+02
1886            	3.09853232e+02
1887            	3.09853161e+02
1888            	3.09853131e+02
1889            	3.09853179e+02
1890            	3.09853208e+02
1891            	3.09853280e+02
1892            	3.09853399e+02
1893            	3.09853551e+02
1894            	3.09853675e+02
1895            	3.09853764e+02
1896            	3.09853830e+02
1897            	3.09853878e+02
1898            	3.09853913e+02
1899            	3.09853941e+02
1900            	3.09853946e+02
1901            	3.09853846e+02
1902            	3.09853697e+02
1903            	3.09853622e+02
1904            	3.09853563e+02
1905            	3.09853483e+02
1906            	3.09853362e+02
1907            	3.09853215e+02
1908            	3.09853026e+02
1909            	3.09852842e+02
1910            	3.09852666e+02
1911            	3.09852522e+02
1912            	3.09852413e+02
1913            	3.09852350e+02
1914            	3.09852321e+02
1915            	3.09852327e+02
1916            	3.09852345e+02
1917            	3.09852353e+02
1918            	3.09852353e+02
1919            	3.09852352e+02
1920            	3.09852481e+02
1921            	3.09852537e+02
1922            	3.09852481e+02
1923            	3.09852437e+02
1924            	3.09852391e+02
1925            	3.09852393e+02
1926            	3.09852404e+02
1927            	3.09852468e+02
1928            	3.09852560e+02
1929            	3.09852687e+02
1930            	3.09852775e+02
1931            	3.09852818e+02
1932            	3.09852777e+02
1933            	3.09852677e+02
1934            	3.09852545e+02
1935            	3.09852396e+02
1936            	3.09852260e+02
1937            	3.09852163e+02
1938            	3.09852091e+02
1939            	3.09852070e+02
1940            	3.09852041e+02
1941            	3.09852056e+02
1942            	3.09852072e+02
1943            	3.09852130e+02
1944            	3.09852188e+02
1945            	3.09852263e+02
1946            	3.09852364e+02
1947            	3.09852484e+02
1948            	3.09852621e+02
1949            	3.09852819e+02
1950            	3.09852979e+02
1951            	3.09853137e+02
1952            	3.09853270e+02
1953            	3.09853397e+02
1954            	3.09853527e+02
1955            	3.09853618e+02
1956            	3.09853683e+02
1957            	3.09853721e+02
1958            	3.09853761e+02
1959            	3.09853803e+02
1960            	3.09853839e+02
1961            	3.09853784e+02
1962            	3.09853763e+02
1963            	3.09853816e+02
1964            	3.09853820e+02
1965            	3.09853771e+02
1966            	3.09853746e+02
1967            	3.09853697e+02
1968            	3.09853666e+02
1969            	3.09853606e+02
1970            	3.09853598e+02
1971            	3.09853504e+02
1972            	3.09853432e+02
1973            	3.09853325e+02
1974            	3.09853251e+02
1975            	3.09853168e+02
1976            	3.09853137e+02
1977            	3.09853113e+02
1978            	3.09853127e+02
1979            	3.09853202e+02
1980            	3.09853303e+02
1981            	3.09853383e+02
1982            	3.09853446e+02
1983            	3.09853507e+02
1984            	3.09853571e+02
1985            	3.09853631e+02
1986            	3.09853679e+02
1987            	3.09853710e+02
1988            	3.09853737e+02
1989            	3.09853760e+02
1990            	3.09853782e+02
1991            	3.09853760e+02
1992            	3.09853779e+02
1993            	3.09853930e+02
1994            	3.09854137e+02
1995            	3.09854318e+02
1996            	3.09854365e+02
1997            	3.09854301e+02
1998            	3.09854167e+02
1999            	3.09853976e+02
2000            	3.09853911e+02
