# Region        : cellZone fluid
# Cells         : 8763
# Volume        : 1.64117138e+01
# Time          	volAverage(T)
1               	2.99999922e+02
2               	2.99999939e+02
3               	3.00000245e+02
4               	3.00000707e+02
5               	3.00000985e+02
6               	3.00001288e+02
7               	3.00001774e+02
8               	3.00002356e+02
9               	3.00002928e+02
10              	3.00003722e+02
11              	3.00004426e+02
12              	3.00005267e+02
13              	3.00006116e+02
14              	3.00007147e+02
15              	3.00007967e+02
16              	3.00008714e+02
17              	3.00009562e+02
18              	3.00010318e+02
19              	3.00011092e+02
20              	3.00012093e+02
21              	3.00013570e+02
22              	3.00014585e+02
23              	3.00015698e+02
24              	3.00017097e+02
25              	3.00018179e+02
26              	3.00018827e+02
27              	3.00020150e+02
28              	3.00021300e+02
29              	3.00021878e+02
30              	3.00022861e+02
31              	3.00023472e+02
32              	3.00023997e+02
33              	3.00024733e+02
34              	3.00026032e+02
35              	3.00027082e+02
36              	3.00028587e+02
37              	3.00029990e+02
38              	3.00031371e+02
39              	3.00032536e+02
40              	3.00033941e+02
41              	3.00035956e+02
42              	3.00037772e+02
43              	3.00038934e+02
44              	3.00041060e+02
45              	3.00042230e+02
46              	3.00042692e+02
47              	3.00043314e+02
48              	3.00044115e+02
49              	3.00045270e+02
50              	3.00046506e+02
51              	3.00047318e+02
52              	3.00049114e+02
53              	3.00051034e+02
54              	3.00052426e+02
55              	3.00054196e+02
56              	3.00055803e+02
57              	3.00057802e+02
58              	3.00058960e+02
59              	3.00060839e+02
60              	3.00062369e+02
61              	3.00063139e+02
62              	3.00064044e+02
63              	3.00065584e+02
64              	3.00067539e+02
65              	3.00068252e+02
66              	3.00069814e+02
67              	3.00071330e+02
68              	3.00072972e+02
69              	3.00074915e+02
70              	3.00076861e+02
71              	3.00078157e+02
72              	3.00079225e+02
73              	3.00081400e+02
74              	3.00082771e+02
75              	3.00084083e+02
76              	3.00084792e+02
77              	3.00085782e+02
78              	3.00086551e+02
79              	3.00087608e+02
80              	3.00088399e+02
81              	3.00088694e+02
82              	3.00088810e+02
83              	3.00089876e+02
84              	3.00091183e+02
85              	3.00091973e+02
86              	3.00093884e+02
87              	3.00095520e+02
88              	3.00097255e+02
89              	3.00099454e+02
90              	3.00101621e+02
91              	3.00103107e+02
92              	3.00105036e+02
93              	3.00107525e+02
94              	3.00109786e+02
95              	3.00110564e+02
96              	3.00111094e+02
97              	3.00111759e+02
98              	3.00112524e+02
99              	3.00113016e+02
100             	3.00114639e+02
101             	3.00115623e+02
102             	3.00116788e+02
103             	3.00117928e+02
104             	3.00119120e+02
105             	3.00120695e+02
106             	3.00122486e+02
107             	3.00124462e+02
108             	3.00125547e+02
109             	3.00126439e+02
110             	3.00128444e+02
111             	3.00129232e+02
112             	3.00130485e+02
113             	3.00131147e+02
114             	3.00132213e+02
115             	3.00132864e+02
116             	3.00133194e+02
117             	3.00133422e+02
118             	3.00133679e+02
119             	3.00133828e+02
120             	3.00134806e+02
121             	3.00135129e+02
122             	3.00135564e+02
123             	3.00135926e+02
124             	3.00136579e+02
125             	3.00137544e+02
126             	3.00138555e+02
127             	3.00139131e+02
128             	3.00139961e+02
129             	3.00140700e+02
130             	3.00141514e+02
131             	3.00141804e+02
132             	3.00143382e+02
133             	3.00144857e+02
134             	3.00145837e+02
135             	3.00146708e+02
136             	3.00147558e+02
137             	3.00148230e+02
138             	3.00148810e+02
139             	3.00150216e+02
140             	3.00150827e+02
141             	3.00151176e+02
142             	3.00151833e+02
143             	3.00152350e+02
144             	3.00152995e+02
145             	3.00153790e+02
146             	3.00154819e+02
147             	3.00155832e+02
148             	3.00156984e+02
149             	3.00158145e+02
150             	3.00159029e+02
151             	3.00159910e+02
152             	3.00160200e+02
153             	3.00160804e+02
154             	3.00161261e+02
155             	3.00161729e+02
156             	3.00162097e+02
157             	3.00162428e+02
158             	3.00162757e+02
159             	3.00163101e+02
160             	3.00163422e+02
161             	3.00163857e+02
162             	3.00164547e+02
163             	3.00164924e+02
164             	3.00165049e+02
165             	3.00165139e+02
166             	3.00165162e+02
167             	3.00165426e+02
168             	3.00165703e+02
169             	3.00165943e+02
170             	3.00166189e+02
171             	3.00166507e+02
172             	3.00166908e+02
173             	3.00167318e+02
174             	3.00167441e+02
175             	3.00167489e+02
176             	3.00167837e+02
177             	3.00168211e+02
178             	3.00168498e+02
179             	3.00168933e+02
180             	3.00169261e+02
181             	3.00169602e+02
182             	3.00170428e+02
183             	3.00171110e+02
184             	3.00172078e+02
185             	3.00172458e+02
186             	3.00173404e+02
187             	3.00173852e+02
188             	3.00174782e+02
189             	3.00175198e+02
190             	3.00175637e+02
191             	3.00176458e+02
192             	3.00177076e+02
193             	3.00177530e+02
194             	3.00177844e+02
195             	3.00177843e+02
196             	3.00178044e+02
197             	3.00178453e+02
198             	3.00178852e+02
199             	3.00178880e+02
200             	3.00179109e+02
201             	3.00179384e+02
202             	3.00179660e+02
203             	3.00179921e+02
204             	3.00180264e+02
205             	3.00180553e+02
206             	3.00180928e+02
207             	3.00181133e+02
208             	3.00181113e+02
209             	3.00180978e+02
210             	3.00180880e+02
211             	3.00180835e+02
212             	3.00180947e+02
213             	3.00180948e+02
214             	3.00181148e+02
215             	3.00181513e+02
216             	3.00181783e+02
217             	3.00182089e+02
218             	3.00182011e+02
219             	3.00182329e+02
220             	3.00181981e+02
221             	3.00182253e+02
222             	3.00181942e+02
223             	3.00181648e+02
224             	3.00181633e+02
225             	3.00181834e+02
226             	3.00182059e+02
227             	3.00182304e+02
228             	3.00182734e+02
229             	3.00183390e+02
230             	3.00184163e+02
231             	3.00184807e+02
232             	3.00185335e+02
233             	3.00185687e+02
234             	3.00186415e+02
235             	3.00186963e+02
236             	3.00187669e+02
237             	3.00188269e+02
238             	3.00188860e+02
239             	3.00189301e+02
240             	3.00189620e+02
241             	3.00189802e+02
242             	3.00190295e+02
243             	3.00191176e+02
244             	3.00191280e+02
245             	3.00191426e+02
246             	3.00191642e+02
247             	3.00191786e+02
248             	3.00191735e+02
249             	3.00191761e+02
250             	3.00191690e+02
251             	3.00191864e+02
252             	3.00192089e+02
253             	3.00191997e+02
254             	3.00192157e+02
255             	3.00192517e+02
256             	3.00192933e+02
257             	3.00193294e+02
258             	3.00193545e+02
259             	3.00193624e+02
260             	3.00193654e+02
261             	3.00194031e+02
262             	3.00194061e+02
263             	3.00193989e+02
264             	3.00193964e+02
265             	3.00194194e+02
266             	3.00194271e+02
267             	3.00194098e+02
268             	3.00194352e+02
269             	3.00194785e+02
270             	3.00195154e+02
271             	3.00195818e+02
272             	3.00196067e+02
273             	3.00196495e+02
274             	3.00196492e+02
275             	3.00197315e+02
276             	3.00197741e+02
277             	3.00197740e+02
278             	3.00197825e+02
279             	3.00198479e+02
280             	3.00199210e+02
281             	3.00199691e+02
282             	3.00199539e+02
283             	3.00200377e+02
284             	3.00200894e+02
285             	3.00201101e+02
286             	3.00201667e+02
287             	3.00202236e+02
288             	3.00202327e+02
289             	3.00203030e+02
290             	3.00203363e+02
291             	3.00204083e+02
292             	3.00203856e+02
293             	3.00203795e+02
294             	3.00204219e+02
295             	3.00204468e+02
296             	3.00204262e+02
297             	3.00203757e+02
298             	3.00203280e+02
299             	3.00203124e+02
300             	3.00203344e+02
301             	3.00203215e+02
302             	3.00203803e+02
303             	3.00204183e+02
304             	3.00204184e+02
305             	3.00203995e+02
306             	3.00203977e+02
307             	3.00204079e+02
308             	3.00203704e+02
309             	3.00203583e+02
310             	3.00203795e+02
311             	3.00204144e+02
312             	3.00204382e+02
313             	3.00204181e+02
314             	3.00203768e+02
315             	3.00203594e+02
316             	3.00203707e+02
317             	3.00204067e+02
318             	3.00204166e+02
319             	3.00204156e+02
320             	3.00204417e+02
321             	3.00204718e+02
322             	3.00205052e+02
323             	3.00204812e+02
324             	3.00205203e+02
325             	3.00205449e+02
326             	3.00205869e+02
327             	3.00206292e+02
328             	3.00206806e+02
329             	3.00207426e+02
330             	3.00207903e+02
331             	3.00208485e+02
332             	3.00208862e+02
333             	3.00209081e+02
334             	3.00209194e+02
335             	3.00209611e+02
336             	3.00210237e+02
337             	3.00210226e+02
338             	3.00210353e+02
339             	3.00210483e+02
340             	3.00210941e+02
341             	3.00211172e+02
342             	3.00211105e+02
343             	3.00211133e+02
344             	3.00211643e+02
345             	3.00211465e+02
346             	3.00211645e+02
347             	3.00211683e+02
348             	3.00211751e+02
349             	3.00212003e+02
350             	3.00212671e+02
351             	3.00212997e+02
352             	3.00212592e+02
353             	3.00212261e+02
354             	3.00212673e+02
355             	3.00212682e+02
356             	3.00212354e+02
357             	3.00212192e+02
358             	3.00211792e+02
359             	3.00211680e+02
360             	3.00212136e+02
361             	3.00212416e+02
362             	3.00212560e+02
363             	3.00212730e+02
364             	3.00212820e+02
365             	3.00213101e+02
366             	3.00213375e+02
367             	3.00213566e+02
368             	3.00213344e+02
369             	3.00213259e+02
370             	3.00213642e+02
371             	3.00213818e+02
372             	3.00214015e+02
373             	3.00214431e+02
374             	3.00214707e+02
375             	3.00214606e+02
376             	3.00214533e+02
377             	3.00214591e+02
378             	3.00214756e+02
379             	3.00215890e+02
380             	3.00216213e+02
381             	3.00216618e+02
382             	3.00217240e+02
383             	3.00217739e+02
384             	3.00217728e+02
385             	3.00218242e+02
386             	3.00218262e+02
387             	3.00218136e+02
388             	3.00218083e+02
389             	3.00217951e+02
390             	3.00217812e+02
391             	3.00218105e+02
392             	3.00218107e+02
393             	3.00218032e+02
394             	3.00218211e+02
395             	3.00218268e+02
396             	3.00218062e+02
397             	3.00217646e+02
398             	3.00217800e+02
399             	3.00217473e+02
400             	3.00217215e+02
401             	3.00217012e+02
402             	3.00216501e+02
403             	3.00216144e+02
404             	3.00216031e+02
405             	3.00215965e+02
406             	3.00215935e+02
407             	3.00215941e+02
408             	3.00216020e+02
409             	3.00216064e+02
410             	3.00216209e+02
411             	3.00215693e+02
412             	3.00215991e+02
413             	3.00216224e+02
414             	3.00216359e+02
415             	3.00216561e+02
416             	3.00216609e+02
417             	3.00216748e+02
418             	3.00216887e+02
419             	3.00217036e+02
420             	3.00217218e+02
421             	3.00217427e+02
422             	3.00217615e+02
423             	3.00217825e+02
424             	3.00218316e+02
425             	3.00218408e+02
426             	3.00218594e+02
427             	3.00218805e+02
428             	3.00219010e+02
429             	3.00219223e+02
430             	3.00219415e+02
431             	3.00219615e+02
432             	3.00219664e+02
433             	3.00219837e+02
434             	3.00219998e+02
435             	3.00219801e+02
436             	3.00219913e+02
437             	3.00219901e+02
438             	3.00219875e+02
439             	3.00219764e+02
440             	3.00219622e+02
441             	3.00219495e+02
442             	3.00219614e+02
443             	3.00219912e+02
444             	3.00220060e+02
445             	3.00220172e+02
446             	3.00220199e+02
447             	3.00220541e+02
448             	3.00220733e+02
449             	3.00220567e+02
450             	3.00220162e+02
451             	3.00220102e+02
452             	3.00220118e+02
453             	3.00220064e+02
454             	3.00219854e+02
455             	3.00219917e+02
456             	3.00220068e+02
457             	3.00220102e+02
458             	3.00220040e+02
459             	3.00219896e+02
460             	3.00219779e+02
461             	3.00220026e+02
462             	3.00220269e+02
463             	3.00220048e+02
464             	3.00219897e+02
465             	3.00220039e+02
466             	3.00220187e+02
467             	3.00220137e+02
468             	3.00220145e+02
469             	3.00220352e+02
470             	3.00221024e+02
471             	3.00221348e+02
472             	3.00221844e+02
473             	3.00222183e+02
474             	3.00222166e+02
475             	3.00222281e+02
476             	3.00222852e+02
477             	3.00222665e+02
478             	3.00223040e+02
479             	3.00222847e+02
480             	3.00222854e+02
481             	3.00222526e+02
482             	3.00222154e+02
483             	3.00221800e+02
484             	3.00222054e+02
485             	3.00222697e+02
486             	3.00222729e+02
487             	3.00223005e+02
488             	3.00222832e+02
489             	3.00222562e+02
490             	3.00222616e+02
491             	3.00222810e+02
492             	3.00222418e+02
493             	3.00222034e+02
494             	3.00222431e+02
495             	3.00222931e+02
496             	3.00223038e+02
497             	3.00222605e+02
498             	3.00222397e+02
499             	3.00222071e+02
500             	3.00222873e+02
501             	3.00223142e+02
502             	3.00223615e+02
503             	3.00224375e+02
504             	3.00225378e+02
505             	3.00224099e+02
506             	3.00224642e+02
507             	3.00224078e+02
508             	3.00223979e+02
509             	3.00224203e+02
510             	3.00223833e+02
511             	3.00224078e+02
512             	3.00224945e+02
513             	3.00225063e+02
514             	3.00225605e+02
515             	3.00226632e+02
516             	3.00227425e+02
517             	3.00227624e+02
518             	3.00227883e+02
519             	3.00228700e+02
520             	3.00228320e+02
521             	3.00228725e+02
522             	3.00229705e+02
523             	3.00230640e+02
524             	3.00230806e+02
525             	3.00230298e+02
526             	3.00229852e+02
527             	3.00229687e+02
528             	3.00229999e+02
529             	3.00229864e+02
530             	3.00230174e+02
531             	3.00230474e+02
532             	3.00230002e+02
533             	3.00229562e+02
534             	3.00229729e+02
535             	3.00230433e+02
536             	3.00230223e+02
537             	3.00229944e+02
538             	3.00230065e+02
539             	3.00230050e+02
540             	3.00229786e+02
541             	3.00229531e+02
542             	3.00229119e+02
543             	3.00229091e+02
544             	3.00229018e+02
545             	3.00228950e+02
546             	3.00228694e+02
547             	3.00228715e+02
548             	3.00228716e+02
549             	3.00228977e+02
550             	3.00227983e+02
551             	3.00227684e+02
552             	3.00227232e+02
553             	3.00227352e+02
554             	3.00226896e+02
555             	3.00226585e+02
556             	3.00226502e+02
557             	3.00227727e+02
558             	3.00228086e+02
559             	3.00229174e+02
560             	3.00229675e+02
561             	3.00229868e+02
562             	3.00229720e+02
563             	3.00230449e+02
564             	3.00230987e+02
565             	3.00231862e+02
566             	3.00231791e+02
567             	3.00233159e+02
568             	3.00233945e+02
569             	3.00233270e+02
570             	3.00233198e+02
571             	3.00233283e+02
572             	3.00234290e+02
573             	3.00234572e+02
574             	3.00235400e+02
575             	3.00236552e+02
576             	3.00237540e+02
577             	3.00238588e+02
578             	3.00238213e+02
579             	3.00237021e+02
580             	3.00237763e+02
581             	3.00237558e+02
582             	3.00236649e+02
583             	3.00235482e+02
584             	3.00234648e+02
585             	3.00234662e+02
586             	3.00234174e+02
587             	3.00234287e+02
588             	3.00234624e+02
589             	3.00234261e+02
590             	3.00233909e+02
591             	3.00233459e+02
592             	3.00233247e+02
593             	3.00232915e+02
594             	3.00233477e+02
595             	3.00233388e+02
596             	3.00232849e+02
597             	3.00232699e+02
598             	3.00233261e+02
599             	3.00233527e+02
600             	3.00233801e+02
601             	3.00233547e+02
602             	3.00233327e+02
603             	3.00232929e+02
604             	3.00233335e+02
605             	3.00233893e+02
606             	3.00233573e+02
607             	3.00233816e+02
608             	3.00234675e+02
609             	3.00235030e+02
610             	3.00234940e+02
611             	3.00235157e+02
612             	3.00235253e+02
613             	3.00235549e+02
614             	3.00235485e+02
615             	3.00235324e+02
616             	3.00236242e+02
617             	3.00236497e+02
618             	3.00237107e+02
619             	3.00237956e+02
620             	3.00238109e+02
621             	3.00238026e+02
622             	3.00238553e+02
623             	3.00237793e+02
624             	3.00238205e+02
625             	3.00237644e+02
626             	3.00237916e+02
627             	3.00237444e+02
628             	3.00236444e+02
629             	3.00235919e+02
630             	3.00236913e+02
631             	3.00237143e+02
632             	3.00237526e+02
633             	3.00238160e+02
634             	3.00238366e+02
635             	3.00238416e+02
636             	3.00239342e+02
637             	3.00239058e+02
638             	3.00239293e+02
639             	3.00238714e+02
640             	3.00239327e+02
641             	3.00238654e+02
642             	3.00237097e+02
643             	3.00237705e+02
644             	3.00238500e+02
645             	3.00237570e+02
646             	3.00237424e+02
647             	3.00237236e+02
648             	3.00236577e+02
649             	3.00235907e+02
650             	3.00235711e+02
651             	3.00235934e+02
652             	3.00236172e+02
653             	3.00236939e+02
654             	3.00236980e+02
655             	3.00238515e+02
656             	3.00239429e+02
657             	3.00239185e+02
658             	3.00239036e+02
659             	3.00238674e+02
660             	3.00238027e+02
661             	3.00237939e+02
662             	3.00239388e+02
663             	3.00239153e+02
664             	3.00239317e+02
665             	3.00240327e+02
666             	3.00241102e+02
667             	3.00242117e+02
668             	3.00242476e+02
669             	3.00243129e+02
670             	3.00242797e+02
671             	3.00243795e+02
672             	3.00243775e+02
673             	3.00243961e+02
674             	3.00243854e+02
675             	3.00243379e+02
676             	3.00242252e+02
677             	3.00242024e+02
678             	3.00241624e+02
679             	3.00241904e+02
680             	3.00241660e+02
681             	3.00241718e+02
682             	3.00241186e+02
683             	3.00241555e+02
684             	3.00241770e+02
685             	3.00241792e+02
686             	3.00241672e+02
687             	3.00241307e+02
688             	3.00240601e+02
689             	3.00239959e+02
690             	3.00239488e+02
691             	3.00239400e+02
692             	3.00239514e+02
693             	3.00239607e+02
694             	3.00239867e+02
695             	3.00240086e+02
696             	3.00240516e+02
697             	3.00240572e+02
698             	3.00240572e+02
699             	3.00239894e+02
700             	3.00239369e+02
701             	3.00238677e+02
702             	3.00238472e+02
703             	3.00239166e+02
704             	3.00239143e+02
705             	3.00239390e+02
706             	3.00239917e+02
707             	3.00240480e+02
708             	3.00241245e+02
709             	3.00241473e+02
710             	3.00242140e+02
711             	3.00242607e+02
712             	3.00242510e+02
713             	3.00242514e+02
714             	3.00242661e+02
715             	3.00243131e+02
716             	3.00243417e+02
717             	3.00243534e+02
718             	3.00243852e+02
719             	3.00244025e+02
720             	3.00244209e+02
721             	3.00244132e+02
722             	3.00243718e+02
723             	3.00243146e+02
724             	3.00242968e+02
725             	3.00243096e+02
726             	3.00242478e+02
727             	3.00241978e+02
728             	3.00241635e+02
729             	3.00241409e+02
730             	3.00241238e+02
731             	3.00241261e+02
732             	3.00241040e+02
733             	3.00240875e+02
734             	3.00240797e+02
735             	3.00240862e+02
736             	3.00240317e+02
737             	3.00240122e+02
738             	3.00239780e+02
739             	3.00239325e+02
740             	3.00238985e+02
741             	3.00238778e+02
742             	3.00238771e+02
743             	3.00238510e+02
744             	3.00238422e+02
745             	3.00238452e+02
746             	3.00238615e+02
747             	3.00238678e+02
748             	3.00238637e+02
749             	3.00238456e+02
750             	3.00238493e+02
751             	3.00238327e+02
752             	3.00238649e+02
753             	3.00238652e+02
754             	3.00238850e+02
755             	3.00239017e+02
756             	3.00239282e+02
757             	3.00239570e+02
758             	3.00239914e+02
759             	3.00240218e+02
760             	3.00240506e+02
761             	3.00240698e+02
762             	3.00240877e+02
763             	3.00240900e+02
764             	3.00241105e+02
765             	3.00241163e+02
766             	3.00241195e+02
767             	3.00241073e+02
768             	3.00241040e+02
769             	3.00240886e+02
770             	3.00240780e+02
771             	3.00240659e+02
772             	3.00240590e+02
773             	3.00240397e+02
774             	3.00240281e+02
775             	3.00240174e+02
776             	3.00239952e+02
777             	3.00239689e+02
778             	3.00239342e+02
779             	3.00238978e+02
780             	3.00238568e+02
781             	3.00237974e+02
782             	3.00237538e+02
783             	3.00237063e+02
784             	3.00236480e+02
785             	3.00235884e+02
786             	3.00235307e+02
787             	3.00234796e+02
788             	3.00234478e+02
789             	3.00234025e+02
790             	3.00233795e+02
791             	3.00233705e+02
792             	3.00233480e+02
793             	3.00233580e+02
794             	3.00233416e+02
795             	3.00233568e+02
796             	3.00233675e+02
797             	3.00233815e+02
798             	3.00233965e+02
799             	3.00234228e+02
800             	3.00234383e+02
801             	3.00234621e+02
802             	3.00234889e+02
803             	3.00235173e+02
804             	3.00235471e+02
805             	3.00235770e+02
806             	3.00236062e+02
807             	3.00236340e+02
808             	3.00236581e+02
809             	3.00236661e+02
810             	3.00236876e+02
811             	3.00236989e+02
812             	3.00237031e+02
813             	3.00236960e+02
814             	3.00236815e+02
815             	3.00236580e+02
816             	3.00236281e+02
817             	3.00236129e+02
818             	3.00235762e+02
819             	3.00235483e+02
820             	3.00235370e+02
821             	3.00235229e+02
822             	3.00235144e+02
823             	3.00235108e+02
824             	3.00235067e+02
825             	3.00235042e+02
826             	3.00235000e+02
827             	3.00234925e+02
828             	3.00234945e+02
829             	3.00234717e+02
830             	3.00234691e+02
831             	3.00234657e+02
832             	3.00234622e+02
833             	3.00234555e+02
834             	3.00234475e+02
835             	3.00234348e+02
836             	3.00234206e+02
837             	3.00234073e+02
838             	3.00233962e+02
839             	3.00233888e+02
840             	3.00233879e+02
841             	3.00233842e+02
842             	3.00233917e+02
843             	3.00233975e+02
844             	3.00233945e+02
845             	3.00233803e+02
846             	3.00233829e+02
847             	3.00233756e+02
848             	3.00233756e+02
849             	3.00233810e+02
850             	3.00233942e+02
851             	3.00234062e+02
852             	3.00234225e+02
853             	3.00234440e+02
854             	3.00234705e+02
855             	3.00235008e+02
856             	3.00235319e+02
857             	3.00235511e+02
858             	3.00235690e+02
859             	3.00235867e+02
860             	3.00236004e+02
861             	3.00236092e+02
862             	3.00236075e+02
863             	3.00236000e+02
864             	3.00235937e+02
865             	3.00235712e+02
866             	3.00235479e+02
867             	3.00235244e+02
868             	3.00234995e+02
869             	3.00234768e+02
870             	3.00234522e+02
871             	3.00234281e+02
872             	3.00234054e+02
873             	3.00233803e+02
874             	3.00233551e+02
875             	3.00233295e+02
876             	3.00233045e+02
877             	3.00232800e+02
878             	3.00232556e+02
879             	3.00232332e+02
880             	3.00232104e+02
881             	3.00231861e+02
882             	3.00231651e+02
883             	3.00231486e+02
884             	3.00231347e+02
885             	3.00231254e+02
886             	3.00231309e+02
887             	3.00231362e+02
888             	3.00231347e+02
889             	3.00231309e+02
890             	3.00231284e+02
891             	3.00231212e+02
892             	3.00231251e+02
893             	3.00231306e+02
894             	3.00231384e+02
895             	3.00231505e+02
896             	3.00231688e+02
897             	3.00231927e+02
898             	3.00232179e+02
899             	3.00232455e+02
900             	3.00232814e+02
901             	3.00233161e+02
902             	3.00233510e+02
903             	3.00233846e+02
904             	3.00234156e+02
905             	3.00234442e+02
906             	3.00234706e+02
907             	3.00234920e+02
908             	3.00235057e+02
909             	3.00235088e+02
910             	3.00235045e+02
911             	3.00234949e+02
912             	3.00234824e+02
913             	3.00234684e+02
914             	3.00234586e+02
915             	3.00234462e+02
916             	3.00234351e+02
917             	3.00234242e+02
918             	3.00234104e+02
919             	3.00233953e+02
920             	3.00233779e+02
921             	3.00233596e+02
922             	3.00233396e+02
923             	3.00233191e+02
924             	3.00232973e+02
925             	3.00232745e+02
926             	3.00232511e+02
927             	3.00232293e+02
928             	3.00232052e+02
929             	3.00231810e+02
930             	3.00231542e+02
931             	3.00231310e+02
932             	3.00231054e+02
933             	3.00230841e+02
934             	3.00230655e+02
935             	3.00230462e+02
936             	3.00230298e+02
937             	3.00230195e+02
938             	3.00230159e+02
939             	3.00230186e+02
940             	3.00230292e+02
941             	3.00230479e+02
942             	3.00230757e+02
943             	3.00231069e+02
944             	3.00231361e+02
945             	3.00231666e+02
946             	3.00231963e+02
947             	3.00232278e+02
948             	3.00232571e+02
949             	3.00232932e+02
950             	3.00233199e+02
951             	3.00233561e+02
952             	3.00233887e+02
953             	3.00234164e+02
954             	3.00234379e+02
955             	3.00234644e+02
956             	3.00234841e+02
957             	3.00234954e+02
958             	3.00235005e+02
959             	3.00234924e+02
960             	3.00234770e+02
961             	3.00234559e+02
962             	3.00234327e+02
963             	3.00234113e+02
964             	3.00233983e+02
965             	3.00233786e+02
966             	3.00233642e+02
967             	3.00233516e+02
968             	3.00233388e+02
969             	3.00233223e+02
970             	3.00233050e+02
971             	3.00232905e+02
972             	3.00232732e+02
973             	3.00232546e+02
974             	3.00232294e+02
975             	3.00232077e+02
976             	3.00231841e+02
977             	3.00231590e+02
978             	3.00231364e+02
979             	3.00231142e+02
980             	3.00230945e+02
981             	3.00230753e+02
982             	3.00230549e+02
983             	3.00230372e+02
984             	3.00230247e+02
985             	3.00230189e+02
986             	3.00230176e+02
987             	3.00230241e+02
988             	3.00230380e+02
989             	3.00230584e+02
990             	3.00230846e+02
991             	3.00231099e+02
992             	3.00231385e+02
993             	3.00231654e+02
994             	3.00231939e+02
995             	3.00232245e+02
996             	3.00232611e+02
997             	3.00232980e+02
998             	3.00233343e+02
999             	3.00233696e+02
1000            	3.00234034e+02
1001            	3.00234349e+02
1002            	3.00234631e+02
1003            	3.00234861e+02
1004            	3.00235038e+02
1005            	3.00235131e+02
1006            	3.00235126e+02
1007            	3.00235005e+02
1008            	3.00234872e+02
1009            	3.00234759e+02
1010            	3.00234674e+02
1011            	3.00234552e+02
1012            	3.00234368e+02
1013            	3.00234249e+02
1014            	3.00234051e+02
1015            	3.00233897e+02
1016            	3.00233755e+02
1017            	3.00233607e+02
1018            	3.00233462e+02
1019            	3.00233316e+02
1020            	3.00233167e+02
1021            	3.00233019e+02
1022            	3.00232870e+02
1023            	3.00232755e+02
1024            	3.00232673e+02
1025            	3.00232572e+02
1026            	3.00232479e+02
1027            	3.00232347e+02
1028            	3.00232184e+02
1029            	3.00232034e+02
1030            	3.00231932e+02
1031            	3.00231894e+02
1032            	3.00231846e+02
1033            	3.00231841e+02
1034            	3.00231918e+02
1035            	3.00232057e+02
1036            	3.00232178e+02
1037            	3.00232296e+02
1038            	3.00232441e+02
1039            	3.00232625e+02
1040            	3.00232842e+02
1041            	3.00233083e+02
1042            	3.00233356e+02
1043            	3.00233670e+02
1044            	3.00234000e+02
1045            	3.00234351e+02
1046            	3.00234698e+02
1047            	3.00235029e+02
1048            	3.00235333e+02
1049            	3.00235589e+02
1050            	3.00235746e+02
1051            	3.00235966e+02
1052            	3.00236060e+02
1053            	3.00236096e+02
1054            	3.00236006e+02
1055            	3.00235825e+02
1056            	3.00235571e+02
1057            	3.00235308e+02
1058            	3.00235138e+02
1059            	3.00234929e+02
1060            	3.00234737e+02
1061            	3.00234602e+02
1062            	3.00234487e+02
1063            	3.00234373e+02
1064            	3.00234250e+02
1065            	3.00234093e+02
1066            	3.00233944e+02
1067            	3.00233801e+02
1068            	3.00233697e+02
1069            	3.00233640e+02
1070            	3.00233573e+02
1071            	3.00233505e+02
1072            	3.00233424e+02
1073            	3.00233386e+02
1074            	3.00233334e+02
1075            	3.00233284e+02
1076            	3.00233286e+02
1077            	3.00233267e+02
1078            	3.00233285e+02
1079            	3.00233305e+02
1080            	3.00233280e+02
1081            	3.00233235e+02
1082            	3.00233203e+02
1083            	3.00233180e+02
1084            	3.00233172e+02
1085            	3.00233201e+02
1086            	3.00233282e+02
1087            	3.00233420e+02
1088            	3.00233604e+02
1089            	3.00233834e+02
1090            	3.00234105e+02
1091            	3.00234408e+02
1092            	3.00234711e+02
1093            	3.00235068e+02
1094            	3.00235397e+02
1095            	3.00235702e+02
1096            	3.00235975e+02
1097            	3.00236216e+02
1098            	3.00236417e+02
1099            	3.00236534e+02
1100            	3.00236587e+02
1101            	3.00236496e+02
1102            	3.00236316e+02
1103            	3.00236106e+02
1104            	3.00235871e+02
1105            	3.00235673e+02
1106            	3.00235485e+02
1107            	3.00235327e+02
1108            	3.00235152e+02
1109            	3.00234979e+02
1110            	3.00234796e+02
1111            	3.00234611e+02
1112            	3.00234438e+02
1113            	3.00234271e+02
1114            	3.00234100e+02
1115            	3.00233935e+02
1116            	3.00233773e+02
1117            	3.00233600e+02
1118            	3.00233450e+02
1119            	3.00233296e+02
1120            	3.00233174e+02
1121            	3.00233020e+02
1122            	3.00232818e+02
1123            	3.00232651e+02
1124            	3.00232495e+02
1125            	3.00232374e+02
1126            	3.00232295e+02
1127            	3.00232264e+02
1128            	3.00232298e+02
1129            	3.00232390e+02
1130            	3.00232566e+02
1131            	3.00232774e+02
1132            	3.00232959e+02
1133            	3.00233124e+02
1134            	3.00233317e+02
1135            	3.00233536e+02
1136            	3.00233766e+02
1137            	3.00234025e+02
1138            	3.00234315e+02
1139            	3.00234646e+02
1140            	3.00234989e+02
1141            	3.00235331e+02
1142            	3.00235637e+02
1143            	3.00235879e+02
1144            	3.00236194e+02
1145            	3.00236443e+02
1146            	3.00236628e+02
1147            	3.00236722e+02
1148            	3.00236728e+02
1149            	3.00236607e+02
1150            	3.00236389e+02
1151            	3.00236186e+02
1152            	3.00235981e+02
1153            	3.00235803e+02
1154            	3.00235549e+02
1155            	3.00235323e+02
1156            	3.00235079e+02
1157            	3.00234878e+02
1158            	3.00234672e+02
1159            	3.00234477e+02
1160            	3.00234280e+02
1161            	3.00234058e+02
1162            	3.00233843e+02
1163            	3.00233615e+02
1164            	3.00233410e+02
1165            	3.00233187e+02
1166            	3.00232997e+02
1167            	3.00232788e+02
1168            	3.00232597e+02
1169            	3.00232306e+02
1170            	3.00232092e+02
1171            	3.00231875e+02
1172            	3.00231683e+02
1173            	3.00231534e+02
1174            	3.00231412e+02
1175            	3.00231291e+02
1176            	3.00231215e+02
1177            	3.00231197e+02
1178            	3.00231236e+02
1179            	3.00231361e+02
1180            	3.00231564e+02
1181            	3.00231776e+02
1182            	3.00232004e+02
1183            	3.00232266e+02
1184            	3.00232549e+02
1185            	3.00232833e+02
1186            	3.00233216e+02
1187            	3.00233451e+02
1188            	3.00233690e+02
1189            	3.00234096e+02
1190            	3.00234434e+02
1191            	3.00234725e+02
1192            	3.00234970e+02
1193            	3.00235158e+02
1194            	3.00235288e+02
1195            	3.00235321e+02
1196            	3.00235344e+02
1197            	3.00235184e+02
1198            	3.00235004e+02
1199            	3.00234791e+02
1200            	3.00234617e+02
1201            	3.00234430e+02
1202            	3.00234218e+02
1203            	3.00234004e+02
1204            	3.00233801e+02
1205            	3.00233613e+02
1206            	3.00233425e+02
1207            	3.00233229e+02
1208            	3.00233036e+02
1209            	3.00232842e+02
1210            	3.00232647e+02
1211            	3.00232448e+02
1212            	3.00232278e+02
1213            	3.00232090e+02
1214            	3.00231941e+02
1215            	3.00231783e+02
1216            	3.00231635e+02
1217            	3.00231475e+02
1218            	3.00231256e+02
1219            	3.00231052e+02
1220            	3.00230908e+02
1221            	3.00230813e+02
1222            	3.00230736e+02
1223            	3.00230702e+02
1224            	3.00230723e+02
1225            	3.00230832e+02
1226            	3.00231000e+02
1227            	3.00231153e+02
1228            	3.00231315e+02
1229            	3.00231510e+02
1230            	3.00231714e+02
1231            	3.00231976e+02
1232            	3.00232238e+02
1233            	3.00232608e+02
1234            	3.00232973e+02
1235            	3.00233334e+02
1236            	3.00233662e+02
1237            	3.00233884e+02
1238            	3.00234231e+02
1239            	3.00234502e+02
1240            	3.00234714e+02
1241            	3.00234871e+02
1242            	3.00234935e+02
1243            	3.00234923e+02
1244            	3.00234802e+02
1245            	3.00234558e+02
1246            	3.00234306e+02
1247            	3.00234073e+02
1248            	3.00233881e+02
1249            	3.00233675e+02
1250            	3.00233507e+02
1251            	3.00233358e+02
1252            	3.00233169e+02
1253            	3.00232966e+02
1254            	3.00232785e+02
1255            	3.00232606e+02
1256            	3.00232443e+02
1257            	3.00232267e+02
1258            	3.00232098e+02
1259            	3.00231939e+02
1260            	3.00231787e+02
1261            	3.00231645e+02
1262            	3.00231521e+02
1263            	3.00231390e+02
1264            	3.00231164e+02
1265            	3.00231051e+02
1266            	3.00230932e+02
1267            	3.00230851e+02
1268            	3.00230828e+02
1269            	3.00230898e+02
1270            	3.00230961e+02
1271            	3.00231024e+02
1272            	3.00231134e+02
1273            	3.00231222e+02
1274            	3.00231287e+02
1275            	3.00231371e+02
1276            	3.00231494e+02
1277            	3.00231663e+02
1278            	3.00231878e+02
1279            	3.00232136e+02
1280            	3.00232412e+02
1281            	3.00232707e+02
1282            	3.00233004e+02
1283            	3.00233293e+02
1284            	3.00233652e+02
1285            	3.00233922e+02
1286            	3.00234216e+02
1287            	3.00234456e+02
1288            	3.00234640e+02
1289            	3.00234766e+02
1290            	3.00234788e+02
1291            	3.00234702e+02
1292            	3.00234516e+02
1293            	3.00234300e+02
1294            	3.00234109e+02
1295            	3.00233912e+02
1296            	3.00233722e+02
1297            	3.00233537e+02
1298            	3.00233345e+02
1299            	3.00233164e+02
1300            	3.00232996e+02
1301            	3.00232838e+02
1302            	3.00232707e+02
1303            	3.00232553e+02
1304            	3.00232408e+02
1305            	3.00232273e+02
1306            	3.00232143e+02
1307            	3.00232045e+02
1308            	3.00231936e+02
1309            	3.00231848e+02
1310            	3.00231716e+02
1311            	3.00231556e+02
1312            	3.00231452e+02
1313            	3.00231338e+02
1314            	3.00231259e+02
1315            	3.00231255e+02
1316            	3.00231269e+02
1317            	3.00231305e+02
1318            	3.00231404e+02
1319            	3.00231505e+02
1320            	3.00231549e+02
1321            	3.00231591e+02
1322            	3.00231660e+02
1323            	3.00231765e+02
1324            	3.00231919e+02
1325            	3.00232119e+02
1326            	3.00232362e+02
1327            	3.00232644e+02
1328            	3.00232961e+02
1329            	3.00233280e+02
1330            	3.00233590e+02
1331            	3.00233985e+02
1332            	3.00234263e+02
1333            	3.00234606e+02
1334            	3.00234876e+02
1335            	3.00235083e+02
1336            	3.00235222e+02
1337            	3.00235257e+02
1338            	3.00235190e+02
1339            	3.00234998e+02
1340            	3.00234756e+02
1341            	3.00234518e+02
1342            	3.00234291e+02
1343            	3.00234190e+02
1344            	3.00234052e+02
1345            	3.00233931e+02
1346            	3.00233779e+02
1347            	3.00233594e+02
1348            	3.00233418e+02
1349            	3.00233283e+02
1350            	3.00233113e+02
1351            	3.00232975e+02
1352            	3.00232879e+02
1353            	3.00232769e+02
1354            	3.00232652e+02
1355            	3.00232525e+02
1356            	3.00232420e+02
1357            	3.00232347e+02
1358            	3.00232218e+02
1359            	3.00232130e+02
1360            	3.00232067e+02
1361            	3.00231971e+02
1362            	3.00231861e+02
1363            	3.00231770e+02
1364            	3.00231770e+02
1365            	3.00231889e+02
1366            	3.00231979e+02
1367            	3.00232026e+02
1368            	3.00232054e+02
1369            	3.00232093e+02
1370            	3.00232170e+02
1371            	3.00232292e+02
1372            	3.00232464e+02
1373            	3.00232685e+02
1374            	3.00232950e+02
1375            	3.00233249e+02
1376            	3.00233564e+02
1377            	3.00233860e+02
1378            	3.00234252e+02
1379            	3.00234612e+02
1380            	3.00234939e+02
1381            	3.00235213e+02
1382            	3.00235470e+02
1383            	3.00235661e+02
1384            	3.00235770e+02
1385            	3.00235816e+02
1386            	3.00235745e+02
1387            	3.00235538e+02
1388            	3.00235285e+02
1389            	3.00235039e+02
1390            	3.00234839e+02
1391            	3.00234610e+02
1392            	3.00234403e+02
1393            	3.00234211e+02
1394            	3.00234036e+02
1395            	3.00233866e+02
1396            	3.00233685e+02
1397            	3.00233550e+02
1398            	3.00233376e+02
1399            	3.00233222e+02
1400            	3.00233082e+02
1401            	3.00232959e+02
1402            	3.00232847e+02
1403            	3.00232750e+02
1404            	3.00232685e+02
1405            	3.00232611e+02
1406            	3.00232534e+02
1407            	3.00232442e+02
1408            	3.00232339e+02
1409            	3.00232166e+02
1410            	3.00232190e+02
1411            	3.00232219e+02
1412            	3.00232283e+02
1413            	3.00232360e+02
1414            	3.00232413e+02
1415            	3.00232455e+02
1416            	3.00232524e+02
1417            	3.00232585e+02
1418            	3.00232665e+02
1419            	3.00232804e+02
1420            	3.00232987e+02
1421            	3.00233195e+02
1422            	3.00233440e+02
1423            	3.00233722e+02
1424            	3.00234037e+02
1425            	3.00234370e+02
1426            	3.00234702e+02
1427            	3.00234983e+02
1428            	3.00235224e+02
1429            	3.00235517e+02
1430            	3.00235733e+02
1431            	3.00235889e+02
1432            	3.00235939e+02
1433            	3.00235884e+02
1434            	3.00235749e+02
1435            	3.00235530e+02
1436            	3.00235285e+02
1437            	3.00235069e+02
1438            	3.00234859e+02
1439            	3.00234662e+02
1440            	3.00234466e+02
1441            	3.00234241e+02
1442            	3.00234044e+02
1443            	3.00233891e+02
1444            	3.00233759e+02
1445            	3.00233698e+02
1446            	3.00233684e+02
1447            	3.00233581e+02
1448            	3.00233491e+02
1449            	3.00233419e+02
1450            	3.00233359e+02
1451            	3.00233300e+02
1452            	3.00233240e+02
1453            	3.00233210e+02
1454            	3.00233156e+02
1455            	3.00233110e+02
1456            	3.00233129e+02
1457            	3.00233216e+02
1458            	3.00233319e+02
1459            	3.00233355e+02
1460            	3.00233334e+02
1461            	3.00233284e+02
1462            	3.00233236e+02
1463            	3.00233205e+02
1464            	3.00233211e+02
1465            	3.00233242e+02
1466            	3.00233321e+02
1467            	3.00233453e+02
1468            	3.00233632e+02
1469            	3.00233858e+02
1470            	3.00234135e+02
1471            	3.00234449e+02
1472            	3.00234787e+02
1473            	3.00235120e+02
1474            	3.00235439e+02
1475            	3.00235718e+02
1476            	3.00235948e+02
1477            	3.00236197e+02
1478            	3.00236368e+02
1479            	3.00236457e+02
1480            	3.00236418e+02
1481            	3.00236298e+02
1482            	3.00236116e+02
1483            	3.00235885e+02
1484            	3.00235642e+02
1485            	3.00235421e+02
1486            	3.00235216e+02
1487            	3.00235020e+02
1488            	3.00234820e+02
1489            	3.00234634e+02
1490            	3.00234451e+02
1491            	3.00234299e+02
1492            	3.00234167e+02
1493            	3.00234055e+02
1494            	3.00233970e+02
1495            	3.00233905e+02
1496            	3.00233844e+02
1497            	3.00233800e+02
1498            	3.00233780e+02
1499            	3.00233772e+02
1500            	3.00233722e+02
1501            	3.00233666e+02
1502            	3.00233685e+02
1503            	3.00233720e+02
1504            	3.00233812e+02
1505            	3.00233862e+02
1506            	3.00233839e+02
1507            	3.00233785e+02
1508            	3.00233740e+02
1509            	3.00233683e+02
1510            	3.00233633e+02
1511            	3.00233603e+02
1512            	3.00233613e+02
1513            	3.00233652e+02
1514            	3.00233731e+02
1515            	3.00233858e+02
1516            	3.00234045e+02
1517            	3.00234288e+02
1518            	3.00234562e+02
1519            	3.00234852e+02
1520            	3.00235153e+02
1521            	3.00235448e+02
1522            	3.00235710e+02
1523            	3.00235982e+02
1524            	3.00236211e+02
1525            	3.00236388e+02
1526            	3.00236474e+02
1527            	3.00236457e+02
1528            	3.00236406e+02
1529            	3.00236226e+02
1530            	3.00235989e+02
1531            	3.00235727e+02
1532            	3.00235524e+02
1533            	3.00235308e+02
1534            	3.00235093e+02
1535            	3.00234882e+02
1536            	3.00234672e+02
1537            	3.00234490e+02
1538            	3.00234315e+02
1539            	3.00234121e+02
1540            	3.00233975e+02
1541            	3.00233835e+02
1542            	3.00233697e+02
1543            	3.00233568e+02
1544            	3.00233468e+02
1545            	3.00233353e+02
1546            	3.00233243e+02
1547            	3.00233126e+02
1548            	3.00232995e+02
1549            	3.00232834e+02
1550            	3.00232682e+02
1551            	3.00232568e+02
1552            	3.00232500e+02
1553            	3.00232487e+02
1554            	3.00232528e+02
1555            	3.00232630e+02
1556            	3.00232770e+02
1557            	3.00232902e+02
1558            	3.00232980e+02
1559            	3.00233060e+02
1560            	3.00233158e+02
1561            	3.00233290e+02
1562            	3.00233469e+02
1563            	3.00233689e+02
1564            	3.00233953e+02
1565            	3.00234280e+02
1566            	3.00234611e+02
1567            	3.00234918e+02
1568            	3.00235234e+02
1569            	3.00235522e+02
1570            	3.00235841e+02
1571            	3.00236104e+02
1572            	3.00236311e+02
1573            	3.00236458e+02
1574            	3.00236525e+02
1575            	3.00236458e+02
1576            	3.00236305e+02
1577            	3.00236114e+02
1578            	3.00235897e+02
1579            	3.00235677e+02
1580            	3.00235549e+02
1581            	3.00235347e+02
1582            	3.00235130e+02
1583            	3.00234929e+02
1584            	3.00234693e+02
1585            	3.00234481e+02
1586            	3.00234235e+02
1587            	3.00233990e+02
1588            	3.00233758e+02
1589            	3.00233525e+02
1590            	3.00233314e+02
1591            	3.00233100e+02
1592            	3.00232898e+02
1593            	3.00232724e+02
1594            	3.00232542e+02
1595            	3.00232285e+02
1596            	3.00232094e+02
1597            	3.00231867e+02
1598            	3.00231650e+02
1599            	3.00231462e+02
1600            	3.00231319e+02
1601            	3.00231240e+02
1602            	3.00231160e+02
1603            	3.00231114e+02
1604            	3.00231123e+02
1605            	3.00231189e+02
1606            	3.00231331e+02
1607            	3.00231573e+02
1608            	3.00231819e+02
1609            	3.00232071e+02
1610            	3.00232346e+02
1611            	3.00232644e+02
1612            	3.00232952e+02
1613            	3.00233232e+02
1614            	3.00233642e+02
1615            	3.00233946e+02
1616            	3.00234331e+02
1617            	3.00234603e+02
1618            	3.00234944e+02
1619            	3.00235220e+02
1620            	3.00235437e+02
1621            	3.00235590e+02
1622            	3.00235654e+02
1623            	3.00235601e+02
1624            	3.00235435e+02
1625            	3.00235213e+02
1626            	3.00235015e+02
1627            	3.00234839e+02
1628            	3.00234744e+02
1629            	3.00234609e+02
1630            	3.00234450e+02
1631            	3.00234284e+02
1632            	3.00234125e+02
1633            	3.00233982e+02
1634            	3.00233863e+02
1635            	3.00233685e+02
1636            	3.00233508e+02
1637            	3.00233345e+02
1638            	3.00233193e+02
1639            	3.00233051e+02
1640            	3.00232848e+02
1641            	3.00232719e+02
1642            	3.00232622e+02
1643            	3.00232450e+02
1644            	3.00232275e+02
1645            	3.00232088e+02
1646            	3.00231942e+02
1647            	3.00231829e+02
1648            	3.00231702e+02
1649            	3.00231615e+02
1650            	3.00231574e+02
1651            	3.00231618e+02
1652            	3.00231742e+02
1653            	3.00231837e+02
1654            	3.00231932e+02
1655            	3.00232053e+02
1656            	3.00232208e+02
1657            	3.00232409e+02
1658            	3.00232655e+02
1659            	3.00232937e+02
1660            	3.00233236e+02
1661            	3.00233525e+02
1662            	3.00233928e+02
1663            	3.00234295e+02
1664            	3.00234621e+02
1665            	3.00234936e+02
1666            	3.00235226e+02
1667            	3.00235462e+02
1668            	3.00235633e+02
1669            	3.00235730e+02
1670            	3.00235737e+02
1671            	3.00235623e+02
1672            	3.00235411e+02
1673            	3.00235184e+02
1674            	3.00234968e+02
1675            	3.00234808e+02
1676            	3.00234599e+02
1677            	3.00234399e+02
1678            	3.00234171e+02
1679            	3.00234104e+02
1680            	3.00233883e+02
1681            	3.00233747e+02
1682            	3.00233643e+02
1683            	3.00233552e+02
1684            	3.00233475e+02
1685            	3.00233413e+02
1686            	3.00233338e+02
1687            	3.00233268e+02
1688            	3.00233220e+02
1689            	3.00233151e+02
1690            	3.00232910e+02
1691            	3.00232845e+02
1692            	3.00232718e+02
1693            	3.00232582e+02
1694            	3.00232480e+02
1695            	3.00232447e+02
1696            	3.00232474e+02
1697            	3.00232511e+02
1698            	3.00232483e+02
1699            	3.00232412e+02
1700            	3.00232352e+02
1701            	3.00232324e+02
1702            	3.00232343e+02
1703            	3.00232415e+02
1704            	3.00232556e+02
1705            	3.00232767e+02
1706            	3.00233032e+02
1707            	3.00233337e+02
1708            	3.00233650e+02
1709            	3.00233961e+02
1710            	3.00234270e+02
1711            	3.00234576e+02
1712            	3.00234935e+02
1713            	3.00235226e+02
1714            	3.00235462e+02
1715            	3.00235635e+02
1716            	3.00235718e+02
1717            	3.00235696e+02
1718            	3.00235594e+02
1719            	3.00235370e+02
1720            	3.00235103e+02
1721            	3.00234832e+02
1722            	3.00234650e+02
1723            	3.00234461e+02
1724            	3.00234264e+02
1725            	3.00234188e+02
1726            	3.00233966e+02
1727            	3.00233829e+02
1728            	3.00233730e+02
1729            	3.00233644e+02
1730            	3.00233577e+02
1731            	3.00233489e+02
1732            	3.00233406e+02
1733            	3.00233360e+02
1734            	3.00233293e+02
1735            	3.00233230e+02
1736            	3.00233158e+02
1737            	3.00233063e+02
1738            	3.00232966e+02
1739            	3.00232855e+02
1740            	3.00232774e+02
1741            	3.00232728e+02
1742            	3.00232768e+02
1743            	3.00232835e+02
1744            	3.00232891e+02
1745            	3.00232881e+02
1746            	3.00232835e+02
1747            	3.00232790e+02
1748            	3.00232761e+02
1749            	3.00232768e+02
1750            	3.00232819e+02
1751            	3.00232927e+02
1752            	3.00233094e+02
1753            	3.00233320e+02
1754            	3.00233595e+02
1755            	3.00233904e+02
1756            	3.00234218e+02
1757            	3.00234533e+02
1758            	3.00234840e+02
1759            	3.00235183e+02
1760            	3.00235486e+02
1761            	3.00235753e+02
1762            	3.00235969e+02
1763            	3.00236111e+02
1764            	3.00236170e+02
1765            	3.00236119e+02
1766            	3.00235983e+02
1767            	3.00235784e+02
1768            	3.00235548e+02
1769            	3.00235320e+02
1770            	3.00235104e+02
1771            	3.00234925e+02
1772            	3.00234743e+02
1773            	3.00234564e+02
1774            	3.00234490e+02
1775            	3.00234311e+02
1776            	3.00234216e+02
1777            	3.00234153e+02
1778            	3.00234081e+02
1779            	3.00234016e+02
1780            	3.00233967e+02
1781            	3.00233890e+02
1782            	3.00233840e+02
1783            	3.00233795e+02
1784            	3.00233734e+02
1785            	3.00233604e+02
1786            	3.00233451e+02
1787            	3.00233325e+02
1788            	3.00233215e+02
1789            	3.00233152e+02
1790            	3.00233117e+02
1791            	3.00233131e+02
1792            	3.00233240e+02
1793            	3.00233325e+02
1794            	3.00233354e+02
1795            	3.00233363e+02
1796            	3.00233383e+02
1797            	3.00233431e+02
1798            	3.00233520e+02
1799            	3.00233665e+02
1800            	3.00233872e+02
1801            	3.00234136e+02
1802            	3.00234433e+02
1803            	3.00234747e+02
1804            	3.00235064e+02
1805            	3.00235365e+02
1806            	3.00235652e+02
1807            	3.00235972e+02
1808            	3.00236240e+02
1809            	3.00236454e+02
1810            	3.00236619e+02
1811            	3.00236695e+02
1812            	3.00236697e+02
1813            	3.00236596e+02
1814            	3.00236426e+02
1815            	3.00236206e+02
1816            	3.00235946e+02
1817            	3.00235786e+02
1818            	3.00235587e+02
1819            	3.00235409e+02
1820            	3.00235242e+02
1821            	3.00235051e+02
1822            	3.00234876e+02
1823            	3.00234718e+02
1824            	3.00234549e+02
1825            	3.00234389e+02
1826            	3.00234229e+02
1827            	3.00234080e+02
1828            	3.00233943e+02
1829            	3.00233812e+02
1830            	3.00233677e+02
1831            	3.00233580e+02
1832            	3.00233462e+02
1833            	3.00233293e+02
1834            	3.00233121e+02
1835            	3.00232968e+02
1836            	3.00232854e+02
1837            	3.00232787e+02
1838            	3.00232778e+02
1839            	3.00232841e+02
1840            	3.00232976e+02
1841            	3.00233059e+02
1842            	3.00233100e+02
1843            	3.00233150e+02
1844            	3.00233221e+02
1845            	3.00233329e+02
1846            	3.00233485e+02
1847            	3.00233681e+02
1848            	3.00233917e+02
1849            	3.00234179e+02
1850            	3.00234480e+02
1851            	3.00234775e+02
1852            	3.00235049e+02
1853            	3.00235393e+02
1854            	3.00235690e+02
1855            	3.00235959e+02
1856            	3.00236186e+02
1857            	3.00236360e+02
1858            	3.00236456e+02
1859            	3.00236484e+02
1860            	3.00236381e+02
1861            	3.00236177e+02
1862            	3.00235921e+02
1863            	3.00235668e+02
1864            	3.00235465e+02
1865            	3.00235252e+02
1866            	3.00235054e+02
1867            	3.00234877e+02
1868            	3.00234717e+02
1869            	3.00234550e+02
1870            	3.00234391e+02
1871            	3.00234235e+02
1872            	3.00234063e+02
1873            	3.00233879e+02
1874            	3.00233699e+02
1875            	3.00233527e+02
1876            	3.00233362e+02
1877            	3.00233218e+02
1878            	3.00233069e+02
1879            	3.00232942e+02
1880            	3.00232713e+02
1881            	3.00232557e+02
1882            	3.00232383e+02
1883            	3.00232204e+02
1884            	3.00232048e+02
1885            	3.00231932e+02
1886            	3.00231856e+02
1887            	3.00231831e+02
1888            	3.00231856e+02
1889            	3.00231981e+02
1890            	3.00232133e+02
1891            	3.00232300e+02
1892            	3.00232453e+02
1893            	3.00232629e+02
1894            	3.00232827e+02
1895            	3.00233062e+02
1896            	3.00233336e+02
1897            	3.00233635e+02
1898            	3.00233935e+02
1899            	3.00234229e+02
1900            	3.00234460e+02
1901            	3.00234831e+02
1902            	3.00235140e+02
1903            	3.00235403e+02
1904            	3.00235623e+02
1905            	3.00235780e+02
1906            	3.00235858e+02
1907            	3.00235848e+02
1908            	3.00235738e+02
1909            	3.00235509e+02
1910            	3.00235248e+02
1911            	3.00235063e+02
1912            	3.00234890e+02
1913            	3.00234742e+02
1914            	3.00234556e+02
1915            	3.00234366e+02
1916            	3.00234158e+02
1917            	3.00233992e+02
1918            	3.00233853e+02
1919            	3.00233720e+02
1920            	3.00233596e+02
1921            	3.00233483e+02
1922            	3.00233379e+02
1923            	3.00233284e+02
1924            	3.00233193e+02
1925            	3.00233108e+02
1926            	3.00232986e+02
1927            	3.00232940e+02
1928            	3.00232804e+02
1929            	3.00232640e+02
1930            	3.00232508e+02
1931            	3.00232418e+02
1932            	3.00232401e+02
1933            	3.00232445e+02
1934            	3.00232530e+02
1935            	3.00232584e+02
1936            	3.00232606e+02
1937            	3.00232622e+02
1938            	3.00232659e+02
1939            	3.00232733e+02
1940            	3.00232847e+02
1941            	3.00233035e+02
1942            	3.00233236e+02
1943            	3.00233481e+02
1944            	3.00233763e+02
1945            	3.00234068e+02
1946            	3.00234362e+02
1947            	3.00234612e+02
1948            	3.00234888e+02
1949            	3.00235204e+02
1950            	3.00235452e+02
1951            	3.00235649e+02
1952            	3.00235788e+02
1953            	3.00235834e+02
1954            	3.00235774e+02
1955            	3.00235638e+02
1956            	3.00235412e+02
1957            	3.00235132e+02
1958            	3.00234853e+02
1959            	3.00234627e+02
1960            	3.00234461e+02
1961            	3.00234294e+02
1962            	3.00234140e+02
1963            	3.00233997e+02
1964            	3.00233851e+02
1965            	3.00233708e+02
1966            	3.00233573e+02
1967            	3.00233454e+02
1968            	3.00233326e+02
1969            	3.00233197e+02
1970            	3.00233134e+02
1971            	3.00233014e+02
1972            	3.00232954e+02
1973            	3.00232843e+02
1974            	3.00232747e+02
1975            	3.00232600e+02
1976            	3.00232477e+02
1977            	3.00232378e+02
1978            	3.00232320e+02
1979            	3.00232352e+02
1980            	3.00232418e+02
1981            	3.00232485e+02
1982            	3.00232569e+02
1983            	3.00232628e+02
1984            	3.00232668e+02
1985            	3.00232718e+02
1986            	3.00232783e+02
1987            	3.00232892e+02
1988            	3.00233048e+02
1989            	3.00233252e+02
1990            	3.00233492e+02
1991            	3.00233764e+02
1992            	3.00234061e+02
1993            	3.00234370e+02
1994            	3.00234648e+02
1995            	3.00235006e+02
1996            	3.00235322e+02
1997            	3.00235588e+02
1998            	3.00235838e+02
1999            	3.00236048e+02
2000            	3.00236198e+02
