# Region        : cellZone component_1
# Cells         : 27
# Volume        : 2.80841426e-02
# Time          	volAverage(T)
1               	3.10429742e+02
2               	3.20261533e+02
3               	3.25215152e+02
4               	3.27677182e+02
5               	3.29943495e+02
6               	3.32460366e+02
7               	3.35097577e+02
8               	3.37655472e+02
9               	3.40161013e+02
10              	3.42525718e+02
11              	3.44430839e+02
12              	3.45831329e+02
13              	3.46934015e+02
14              	3.47532404e+02
15              	3.48427047e+02
16              	3.49346958e+02
17              	3.50153738e+02
18              	3.50588440e+02
19              	3.50783730e+02
20              	3.51232136e+02
21              	3.52185066e+02
22              	3.53282072e+02
23              	3.54489161e+02
24              	3.55875522e+02
25              	3.57323933e+02
26              	3.58825869e+02
27              	3.59681520e+02
28              	3.61031377e+02
29              	3.61283486e+02
30              	3.61253412e+02
31              	3.60503925e+02
32              	3.59440644e+02
33              	3.58259677e+02
34              	3.56979963e+02
35              	3.55905075e+02
36              	3.54224158e+02
37              	3.53083502e+02
38              	3.52153150e+02
39              	3.51482494e+02
40              	3.51227129e+02
41              	3.51077634e+02
42              	3.50717156e+02
43              	3.50110810e+02
44              	3.49260056e+02
45              	3.48242820e+02
46              	3.46889234e+02
47              	3.45661424e+02
48              	3.44436921e+02
49              	3.43683472e+02
50              	3.43873732e+02
51              	3.44556538e+02
52              	3.44863973e+02
53              	3.45085235e+02
54              	3.45435720e+02
55              	3.45872199e+02
56              	3.46640112e+02
57              	3.47743010e+02
58              	3.48918700e+02
59              	3.49351985e+02
60              	3.49633830e+02
61              	3.49249118e+02
62              	3.48602016e+02
63              	3.47947091e+02
64              	3.47717656e+02
65              	3.47875119e+02
66              	3.48253859e+02
67              	3.48637246e+02
68              	3.49171423e+02
69              	3.49728877e+02
70              	3.50208844e+02
71              	3.50735786e+02
72              	3.51454916e+02
73              	3.52483448e+02
74              	3.53834802e+02
75              	3.55478900e+02
76              	3.57332598e+02
77              	3.59144199e+02
78              	3.60439130e+02
79              	3.61477335e+02
80              	3.62648910e+02
81              	3.63006595e+02
82              	3.62567971e+02
83              	3.61951066e+02
84              	3.61174364e+02
85              	3.60355619e+02
86              	3.59001803e+02
87              	3.58084883e+02
88              	3.57009036e+02
89              	3.55690306e+02
90              	3.54571963e+02
91              	3.53937511e+02
92              	3.53838794e+02
93              	3.53612538e+02
94              	3.53268590e+02
95              	3.52919606e+02
96              	3.52159441e+02
97              	3.51211185e+02
98              	3.50093170e+02
99              	3.49275228e+02
100             	3.48966809e+02
101             	3.49031447e+02
102             	3.48826750e+02
103             	3.48776056e+02
104             	3.48917916e+02
105             	3.49519015e+02
106             	3.50028413e+02
107             	3.50853387e+02
108             	3.51500371e+02
109             	3.51605448e+02
110             	3.51908712e+02
111             	3.51975979e+02
112             	3.52023141e+02
113             	3.51948059e+02
114             	3.51978733e+02
115             	3.52119580e+02
116             	3.52606534e+02
117             	3.53246523e+02
118             	3.53814226e+02
119             	3.54064320e+02
120             	3.54110777e+02
121             	3.53944298e+02
122             	3.54037951e+02
123             	3.54729934e+02
124             	3.55574562e+02
125             	3.56583837e+02
126             	3.57761688e+02
127             	3.58952391e+02
128             	3.59669435e+02
129             	3.59939564e+02
130             	3.60235483e+02
131             	3.60456572e+02
132             	3.59979404e+02
133             	3.59405921e+02
134             	3.58743770e+02
135             	3.58271965e+02
136             	3.57492721e+02
137             	3.57105211e+02
138             	3.56593490e+02
139             	3.56032133e+02
140             	3.55723215e+02
141             	3.55688608e+02
142             	3.55859567e+02
143             	3.56103719e+02
144             	3.56311175e+02
145             	3.56365770e+02
146             	3.56293484e+02
147             	3.56445683e+02
148             	3.56947288e+02
149             	3.57527460e+02
150             	3.58154017e+02
151             	3.58615844e+02
152             	3.59005361e+02
153             	3.59278048e+02
154             	3.59342166e+02
155             	3.59283817e+02
156             	3.59266503e+02
157             	3.59413625e+02
158             	3.59530312e+02
159             	3.59690476e+02
160             	3.59998246e+02
161             	3.60507308e+02
162             	3.61065070e+02
163             	3.61470261e+02
164             	3.61951101e+02
165             	3.62222166e+02
166             	3.62565232e+02
167             	3.62910438e+02
168             	3.63362188e+02
169             	3.63643471e+02
170             	3.64112579e+02
171             	3.64742450e+02
172             	3.64713226e+02
173             	3.64828841e+02
174             	3.64720431e+02
175             	3.64709356e+02
176             	3.64520038e+02
177             	3.64213183e+02
178             	3.63599928e+02
179             	3.63131428e+02
180             	3.62721177e+02
181             	3.62320995e+02
182             	3.61784513e+02
183             	3.61504034e+02
184             	3.61461503e+02
185             	3.61610066e+02
186             	3.61875644e+02
187             	3.62232164e+02
188             	3.62320344e+02
189             	3.62501645e+02
190             	3.62468737e+02
191             	3.62652691e+02
192             	3.62920291e+02
193             	3.63303307e+02
194             	3.63423019e+02
195             	3.63542589e+02
196             	3.63442639e+02
197             	3.63606813e+02
198             	3.63766166e+02
199             	3.63604771e+02
200             	3.63516088e+02
201             	3.63508469e+02
202             	3.63777621e+02
203             	3.64270950e+02
204             	3.64823433e+02
205             	3.65504723e+02
206             	3.66041792e+02
207             	3.66717843e+02
208             	3.67001608e+02
209             	3.67023091e+02
210             	3.67283554e+02
211             	3.67356081e+02
212             	3.67422580e+02
213             	3.67195231e+02
214             	3.66954563e+02
215             	3.66781923e+02
216             	3.66661923e+02
217             	3.66406788e+02
218             	3.66202418e+02
219             	3.66097386e+02
220             	3.66106833e+02
221             	3.66217796e+02
222             	3.66207353e+02
223             	3.66349230e+02
224             	3.66104044e+02
225             	3.66069478e+02
226             	3.65948371e+02
227             	3.66030501e+02
228             	3.66009884e+02
229             	3.66144989e+02
230             	3.66431428e+02
231             	3.66650492e+02
232             	3.66909046e+02
233             	3.66901941e+02
234             	3.66972195e+02
235             	3.66904444e+02
236             	3.67047238e+02
237             	3.67113985e+02
238             	3.67395147e+02
239             	3.67407402e+02
240             	3.67659700e+02
241             	3.67708652e+02
242             	3.67983366e+02
243             	3.68088298e+02
244             	3.68428783e+02
245             	3.68584544e+02
246             	3.68681500e+02
247             	3.68790821e+02
248             	3.68870601e+02
249             	3.69185268e+02
250             	3.69224032e+02
251             	3.69212549e+02
252             	3.69176136e+02
253             	3.69326062e+02
254             	3.69245757e+02
255             	3.69326059e+02
256             	3.69307446e+02
257             	3.69435060e+02
258             	3.69343243e+02
259             	3.69454609e+02
260             	3.69372296e+02
261             	3.69545484e+02
262             	3.69470019e+02
263             	3.69436621e+02
264             	3.69440013e+02
265             	3.69418694e+02
266             	3.69351176e+02
267             	3.69494594e+02
268             	3.69413067e+02
269             	3.69475698e+02
270             	3.69333572e+02
271             	3.69359087e+02
272             	3.69235891e+02
273             	3.69292292e+02
274             	3.69257500e+02
275             	3.69428536e+02
276             	3.69304226e+02
277             	3.69417086e+02
278             	3.69248729e+02
279             	3.69302198e+02
280             	3.69123296e+02
281             	3.69187693e+02
282             	3.69070832e+02
283             	3.69201464e+02
284             	3.69125856e+02
285             	3.69289430e+02
286             	3.69122395e+02
287             	3.69151117e+02
288             	3.69027878e+02
289             	3.69115504e+02
290             	3.68934674e+02
291             	3.68950594e+02
292             	3.69051844e+02
293             	3.69000452e+02
294             	3.68963992e+02
295             	3.68971457e+02
296             	3.69032563e+02
297             	3.69145138e+02
298             	3.69247898e+02
299             	3.69286036e+02
300             	3.69276677e+02
301             	3.69293111e+02
302             	3.69324403e+02
303             	3.69352982e+02
304             	3.69362107e+02
305             	3.69365289e+02
306             	3.69375677e+02
307             	3.69595749e+02
308             	3.69798879e+02
309             	3.69762191e+02
310             	3.69687213e+02
311             	3.69636059e+02
312             	3.69623235e+02
313             	3.69634653e+02
314             	3.69640863e+02
315             	3.69644504e+02
316             	3.69651551e+02
317             	3.69662820e+02
318             	3.69680323e+02
319             	3.69697104e+02
320             	3.69710294e+02
321             	3.69722198e+02
322             	3.69733878e+02
323             	3.69744167e+02
324             	3.69751091e+02
325             	3.69755442e+02
326             	3.69761855e+02
327             	3.69766112e+02
328             	3.69769183e+02
329             	3.69770709e+02
330             	3.69773483e+02
331             	3.69775871e+02
332             	3.69779009e+02
333             	3.69780593e+02
334             	3.69778323e+02
335             	3.69776522e+02
336             	3.69770731e+02
337             	3.69766764e+02
338             	3.69761846e+02
339             	3.69757561e+02
340             	3.69753444e+02
341             	3.69748294e+02
342             	3.69741602e+02
343             	3.69733800e+02
344             	3.69725343e+02
345             	3.69742164e+02
346             	3.69760200e+02
347             	3.69784791e+02
348             	3.69788813e+02
349             	3.69783611e+02
350             	3.69778955e+02
351             	3.69739077e+02
352             	3.69699844e+02
353             	3.69669534e+02
354             	3.69646055e+02
355             	3.69626281e+02
356             	3.69608593e+02
357             	3.69571705e+02
358             	3.69539490e+02
359             	3.69516427e+02
360             	3.69501689e+02
361             	3.69492686e+02
362             	3.69487860e+02
363             	3.69486137e+02
364             	3.69487418e+02
365             	3.69490866e+02
366             	3.69495782e+02
367             	3.69502513e+02
368             	3.69510249e+02
369             	3.69518933e+02
370             	3.69529593e+02
371             	3.69541212e+02
372             	3.69551388e+02
373             	3.69559127e+02
374             	3.69567726e+02
375             	3.69577650e+02
376             	3.69829126e+02
377             	3.69827841e+02
378             	3.70036859e+02
379             	3.69968072e+02
380             	3.70105539e+02
381             	3.70032702e+02
382             	3.70213504e+02
383             	3.70114894e+02
384             	3.70238269e+02
385             	3.70113946e+02
386             	3.70241897e+02
387             	3.70101200e+02
388             	3.70206277e+02
389             	3.70043262e+02
390             	3.70098544e+02
391             	3.69936591e+02
392             	3.70002716e+02
393             	3.69843648e+02
394             	3.69919366e+02
395             	3.69757264e+02
396             	3.69812065e+02
397             	3.69673389e+02
398             	3.69767390e+02
399             	3.69645584e+02
400             	3.69763524e+02
401             	3.69663078e+02
402             	3.69806458e+02
403             	3.69718613e+02
404             	3.69876821e+02
405             	3.69795025e+02
406             	3.69739157e+02
407             	3.69730021e+02
408             	3.69753224e+02
409             	3.69797833e+02
410             	3.69833712e+02
411             	3.69860356e+02
412             	3.69891504e+02
413             	3.69922488e+02
414             	3.69953989e+02
415             	3.69987388e+02
416             	3.70008808e+02
417             	3.70020132e+02
418             	3.70031542e+02
419             	3.70268153e+02
420             	3.70192311e+02
421             	3.70328856e+02
422             	3.70224416e+02
423             	3.70351406e+02
424             	3.70267871e+02
425             	3.70439986e+02
426             	3.70338751e+02
427             	3.70488187e+02
428             	3.70372388e+02
429             	3.70488690e+02
430             	3.70371595e+02
431             	3.70481031e+02
432             	3.70362392e+02
433             	3.70472173e+02
434             	3.70356349e+02
435             	3.70459477e+02
436             	3.70347489e+02
437             	3.70458045e+02
438             	3.70333311e+02
439             	3.70439450e+02
440             	3.70311678e+02
441             	3.70415388e+02
442             	3.70286691e+02
443             	3.70387566e+02
444             	3.70264909e+02
445             	3.70371880e+02
446             	3.70263288e+02
447             	3.70383467e+02
448             	3.70273872e+02
449             	3.70389178e+02
450             	3.70266581e+02
451             	3.70372500e+02
452             	3.70256907e+02
453             	3.70372178e+02
454             	3.70253028e+02
455             	3.70356710e+02
456             	3.70237443e+02
457             	3.70346510e+02
458             	3.70232472e+02
459             	3.70338357e+02
460             	3.70230791e+02
461             	3.70343608e+02
462             	3.70239734e+02
463             	3.70367843e+02
464             	3.70265287e+02
465             	3.70391848e+02
466             	3.70287552e+02
467             	3.70412348e+02
468             	3.70301029e+02
469             	3.70424805e+02
470             	3.70320253e+02
471             	3.70442809e+02
472             	3.70339448e+02
473             	3.70461425e+02
474             	3.70355828e+02
475             	3.70481524e+02
476             	3.70373238e+02
477             	3.70490357e+02
478             	3.70374090e+02
479             	3.70481667e+02
480             	3.70362943e+02
481             	3.70476921e+02
482             	3.70357069e+02
483             	3.70465081e+02
484             	3.70344221e+02
485             	3.70448866e+02
486             	3.70329929e+02
487             	3.70443844e+02
488             	3.70325772e+02
489             	3.70434338e+02
490             	3.70316493e+02
491             	3.70427203e+02
492             	3.70310230e+02
493             	3.70429724e+02
494             	3.70311766e+02
495             	3.70427628e+02
496             	3.70312829e+02
497             	3.70426443e+02
498             	3.70314349e+02
499             	3.70441309e+02
500             	3.70328292e+02
501             	3.70455621e+02
502             	3.70336703e+02
503             	3.70444794e+02
504             	3.70323136e+02
505             	3.70439961e+02
506             	3.70320182e+02
507             	3.70431341e+02
508             	3.70313220e+02
509             	3.70423507e+02
510             	3.70307201e+02
511             	3.70426070e+02
512             	3.70315823e+02
513             	3.70436664e+02
514             	3.70328577e+02
515             	3.70454666e+02
516             	3.70346167e+02
517             	3.70478109e+02
518             	3.70365603e+02
519             	3.70485172e+02
520             	3.70371761e+02
521             	3.70489680e+02
522             	3.70376503e+02
523             	3.70500187e+02
524             	3.70386500e+02
525             	3.70502885e+02
526             	3.70388279e+02
527             	3.70501583e+02
528             	3.70384663e+02
529             	3.70501805e+02
530             	3.70382968e+02
531             	3.70493970e+02
532             	3.70373890e+02
533             	3.70485235e+02
534             	3.70361883e+02
535             	3.70474130e+02
536             	3.70351870e+02
537             	3.70460656e+02
538             	3.70340795e+02
539             	3.70450953e+02
540             	3.70333040e+02
541             	3.70452472e+02
542             	3.70334795e+02
543             	3.70449122e+02
544             	3.70330712e+02
545             	3.70444879e+02
546             	3.70324562e+02
547             	3.70441388e+02
548             	3.70323230e+02
549             	3.70437349e+02
550             	3.70319964e+02
551             	3.70432752e+02
552             	3.70316468e+02
553             	3.70437891e+02
554             	3.70323620e+02
555             	3.70442421e+02
556             	3.70328693e+02
557             	3.70446154e+02
558             	3.70331754e+02
559             	3.70457337e+02
560             	3.70343132e+02
561             	3.70463572e+02
562             	3.70348331e+02
563             	3.70464899e+02
564             	3.70349881e+02
565             	3.70473354e+02
566             	3.70359765e+02
567             	3.70481085e+02
568             	3.70367255e+02
569             	3.70485388e+02
570             	3.70369652e+02
571             	3.70493537e+02
572             	3.70378186e+02
573             	3.70497280e+02
574             	3.70380552e+02
575             	3.70495520e+02
576             	3.70376173e+02
577             	3.70496879e+02
578             	3.70378076e+02
579             	3.70493125e+02
580             	3.70373787e+02
581             	3.70486331e+02
582             	3.70366459e+02
583             	3.70486362e+02
584             	3.70366878e+02
585             	3.70481075e+02
586             	3.70361508e+02
587             	3.70474306e+02
588             	3.70354397e+02
589             	3.70473167e+02
590             	3.70355081e+02
591             	3.70473218e+02
592             	3.70356392e+02
593             	3.70473275e+02
594             	3.70356130e+02
595             	3.70480813e+02
596             	3.70363419e+02
597             	3.70482483e+02
598             	3.70365251e+02
599             	3.70481599e+02
600             	3.70361896e+02
601             	3.70482267e+02
602             	3.70363304e+02
603             	3.70478939e+02
604             	3.70359680e+02
605             	3.70472787e+02
606             	3.70353697e+02
607             	3.70474969e+02
608             	3.70356456e+02
609             	3.70472768e+02
610             	3.70355513e+02
611             	3.70472457e+02
612             	3.70355086e+02
613             	3.70479435e+02
614             	3.70362382e+02
615             	3.70481134e+02
616             	3.70364399e+02
617             	3.70482893e+02
618             	3.70363977e+02
619             	3.70485802e+02
620             	3.70367968e+02
621             	3.70486183e+02
622             	3.70368993e+02
623             	3.70484540e+02
624             	3.70366450e+02
625             	3.70488618e+02
626             	3.70370011e+02
627             	3.70486138e+02
628             	3.70367891e+02
629             	3.70483141e+02
630             	3.70364024e+02
631             	3.70485686e+02
632             	3.70367111e+02
633             	3.70484326e+02
634             	3.70366469e+02
635             	3.70482521e+02
636             	3.70363956e+02
637             	3.70486541e+02
638             	3.70368282e+02
639             	3.70485842e+02
640             	3.70368026e+02
641             	3.70484066e+02
642             	3.70366041e+02
643             	3.70489452e+02
644             	3.70370786e+02
645             	3.70487345e+02
646             	3.70369503e+02
647             	3.70484641e+02
648             	3.70365878e+02
649             	3.70487462e+02
650             	3.70368024e+02
651             	3.70482966e+02
652             	3.70363700e+02
653             	3.70477542e+02
654             	3.70357941e+02
655             	3.70477460e+02
656             	3.70359199e+02
657             	3.70477088e+02
658             	3.70359640e+02
659             	3.70475730e+02
660             	3.70357217e+02
661             	3.70479862e+02
662             	3.70361824e+02
663             	3.70479606e+02
664             	3.70362278e+02
665             	3.70478613e+02
666             	3.70360838e+02
667             	3.70484048e+02
668             	3.70367241e+02
669             	3.70486473e+02
670             	3.70369743e+02
671             	3.70486352e+02
672             	3.70368574e+02
673             	3.70492190e+02
674             	3.70374528e+02
675             	3.70492559e+02
676             	3.70374259e+02
677             	3.70489104e+02
678             	3.70370369e+02
679             	3.70492427e+02
680             	3.70374033e+02
681             	3.70490948e+02
682             	3.70372673e+02
683             	3.70487432e+02
684             	3.70368745e+02
685             	3.70489772e+02
686             	3.70372522e+02
687             	3.70491591e+02
688             	3.70374764e+02
689             	3.70491869e+02
690             	3.70373936e+02
691             	3.70497038e+02
692             	3.70379659e+02
693             	3.70499140e+02
694             	3.70380891e+02
695             	3.70495563e+02
696             	3.70376729e+02
697             	3.70499238e+02
698             	3.70380394e+02
699             	3.70496240e+02
700             	3.70377047e+02
701             	3.70489679e+02
702             	3.70371333e+02
703             	3.70494038e+02
704             	3.70375448e+02
705             	3.70492069e+02
706             	3.70373142e+02
707             	3.70487521e+02
708             	3.70368508e+02
709             	3.70491058e+02
710             	3.70372725e+02
711             	3.70490332e+02
712             	3.70372596e+02
713             	3.70488314e+02
714             	3.70370077e+02
715             	3.70492962e+02
716             	3.70375037e+02
717             	3.70493429e+02
718             	3.70375145e+02
719             	3.70490171e+02
720             	3.70370924e+02
721             	3.70492831e+02
722             	3.70374102e+02
723             	3.70490828e+02
724             	3.70372941e+02
725             	3.70488428e+02
726             	3.70370010e+02
727             	3.70492479e+02
728             	3.70374874e+02
729             	3.70493168e+02
730             	3.70375976e+02
731             	3.70492087e+02
732             	3.70374155e+02
733             	3.70497467e+02
734             	3.70379626e+02
735             	3.70497331e+02
736             	3.70379404e+02
737             	3.70494838e+02
738             	3.70376215e+02
739             	3.70498823e+02
740             	3.70380624e+02
741             	3.70497619e+02
742             	3.70379782e+02
743             	3.70495691e+02
744             	3.70377455e+02
745             	3.70501043e+02
746             	3.70383448e+02
747             	3.70501882e+02
748             	3.70383579e+02
749             	3.70498731e+02
750             	3.70379243e+02
751             	3.70500765e+02
752             	3.70381220e+02
753             	3.70497070e+02
754             	3.70378106e+02
755             	3.70492435e+02
756             	3.70372939e+02
757             	3.70494351e+02
758             	3.70375238e+02
759             	3.70490797e+02
760             	3.70372925e+02
761             	3.70487143e+02
762             	3.70370335e+02
763             	3.70495646e+02
764             	3.70379489e+02
765             	3.70500198e+02
766             	3.70382076e+02
767             	3.70497164e+02
768             	3.70379522e+02
769             	3.70503839e+02
770             	3.70386377e+02
771             	3.70503817e+02
772             	3.70385925e+02
773             	3.70500726e+02
774             	3.70382027e+02
775             	3.70502458e+02
776             	3.70384312e+02
777             	3.70501666e+02
778             	3.70383519e+02
779             	3.70498433e+02
780             	3.70378898e+02
781             	3.70500410e+02
782             	3.70381098e+02
783             	3.70497925e+02
784             	3.70379310e+02
785             	3.70494076e+02
786             	3.70375487e+02
787             	3.70498292e+02
788             	3.70379865e+02
789             	3.70497418e+02
790             	3.70378455e+02
791             	3.70492529e+02
792             	3.70373071e+02
793             	3.70494925e+02
794             	3.70375626e+02
795             	3.70491417e+02
796             	3.70372581e+02
797             	3.70486239e+02
798             	3.70368401e+02
799             	3.70492039e+02
800             	3.70374238e+02
801             	3.70491903e+02
802             	3.70374612e+02
803             	3.70491429e+02
804             	3.70374195e+02
805             	3.70498918e+02
806             	3.70381807e+02
807             	3.70500745e+02
808             	3.70383795e+02
809             	3.70500700e+02
810             	3.70381745e+02
811             	3.70502998e+02
812             	3.70384604e+02
813             	3.70501599e+02
814             	3.70382638e+02
815             	3.70495410e+02
816             	3.70376159e+02
817             	3.70496659e+02
818             	3.70378287e+02
819             	3.70495057e+02
820             	3.70377359e+02
821             	3.70492813e+02
822             	3.70374315e+02
823             	3.70497794e+02
824             	3.70379416e+02
825             	3.70497921e+02
826             	3.70378808e+02
827             	3.70492757e+02
828             	3.70373531e+02
829             	3.70495470e+02
830             	3.70376738e+02
831             	3.70492890e+02
832             	3.70374443e+02
833             	3.70488540e+02
834             	3.70369416e+02
835             	3.70490446e+02
836             	3.70371854e+02
837             	3.70487867e+02
838             	3.70370064e+02
839             	3.70485706e+02
840             	3.70367644e+02
841             	3.70490714e+02
842             	3.70373164e+02
843             	3.70491537e+02
844             	3.70374581e+02
845             	3.70490915e+02
846             	3.70373602e+02
847             	3.70497575e+02
848             	3.70380290e+02
849             	3.70499180e+02
850             	3.70381152e+02
851             	3.70496145e+02
852             	3.70376679e+02
853             	3.70498094e+02
854             	3.70378968e+02
855             	3.70494957e+02
856             	3.70376069e+02
857             	3.70490105e+02
858             	3.70370525e+02
859             	3.70491421e+02
860             	3.70372384e+02
861             	3.70487471e+02
862             	3.70369816e+02
863             	3.70485792e+02
864             	3.70367758e+02
865             	3.70490574e+02
866             	3.70372940e+02
867             	3.70491192e+02
868             	3.70374050e+02
869             	3.70490787e+02
870             	3.70373280e+02
871             	3.70496874e+02
872             	3.70379725e+02
873             	3.70498744e+02
874             	3.70380953e+02
875             	3.70495958e+02
876             	3.70377706e+02
877             	3.70500764e+02
878             	3.70382796e+02
879             	3.70499990e+02
880             	3.70381344e+02
881             	3.70495918e+02
882             	3.70376284e+02
883             	3.70497688e+02
884             	3.70378480e+02
885             	3.70494566e+02
886             	3.70375678e+02
887             	3.70490091e+02
888             	3.70371133e+02
889             	3.70493341e+02
890             	3.70375574e+02
891             	3.70494035e+02
892             	3.70376480e+02
893             	3.70492806e+02
894             	3.70374725e+02
895             	3.70498469e+02
896             	3.70379867e+02
897             	3.70497058e+02
898             	3.70379251e+02
899             	3.70495061e+02
900             	3.70376495e+02
901             	3.70498663e+02
902             	3.70380488e+02
903             	3.70497622e+02
904             	3.70379567e+02
905             	3.70494872e+02
906             	3.70376106e+02
907             	3.70498410e+02
908             	3.70381239e+02
909             	3.70500518e+02
910             	3.70382639e+02
911             	3.70498383e+02
912             	3.70380098e+02
913             	3.70503475e+02
914             	3.70386484e+02
915             	3.70506724e+02
916             	3.70388699e+02
917             	3.70504015e+02
918             	3.70384885e+02
919             	3.70507230e+02
920             	3.70387963e+02
921             	3.70504041e+02
922             	3.70384846e+02
923             	3.70497698e+02
924             	3.70379520e+02
925             	3.70501178e+02
926             	3.70383818e+02
927             	3.70502326e+02
928             	3.70385299e+02
929             	3.70502345e+02
930             	3.70384180e+02
931             	3.70508197e+02
932             	3.70388622e+02
933             	3.70504615e+02
934             	3.70385990e+02
935             	3.70500845e+02
936             	3.70381813e+02
937             	3.70503311e+02
938             	3.70384877e+02
939             	3.70501549e+02
940             	3.70383443e+02
941             	3.70498320e+02
942             	3.70379388e+02
943             	3.70501409e+02
944             	3.70382124e+02
945             	3.70498207e+02
946             	3.70379206e+02
947             	3.70493410e+02
948             	3.70374264e+02
949             	3.70495654e+02
950             	3.70377551e+02
951             	3.70495460e+02
952             	3.70378117e+02
953             	3.70494208e+02
954             	3.70376583e+02
955             	3.70500702e+02
956             	3.70383509e+02
957             	3.70503805e+02
958             	3.70385571e+02
959             	3.70500454e+02
960             	3.70380774e+02
961             	3.70502652e+02
962             	3.70382970e+02
963             	3.70498607e+02
964             	3.70379565e+02
965             	3.70491757e+02
966             	3.70373505e+02
967             	3.70497064e+02
968             	3.70380058e+02
969             	3.70498642e+02
970             	3.70381823e+02
971             	3.70498921e+02
972             	3.70381317e+02
973             	3.70505965e+02
974             	3.70387876e+02
975             	3.70505780e+02
976             	3.70387611e+02
977             	3.70502110e+02
978             	3.70383298e+02
979             	3.70505236e+02
980             	3.70386362e+02
981             	3.70503761e+02
982             	3.70384279e+02
983             	3.70497121e+02
984             	3.70377013e+02
985             	3.70497310e+02
986             	3.70378441e+02
987             	3.70495118e+02
988             	3.70377437e+02
989             	3.70493425e+02
990             	3.70375153e+02
991             	3.70498094e+02
992             	3.70380595e+02
993             	3.70499399e+02
994             	3.70382545e+02
995             	3.70499708e+02
996             	3.70381028e+02
997             	3.70503777e+02
998             	3.70385061e+02
999             	3.70501706e+02
1000            	3.70382998e+02
1001            	3.70497452e+02
1002            	3.70377786e+02
1003            	3.70498260e+02
1004            	3.70378702e+02
1005            	3.70494428e+02
1006            	3.70375178e+02
1007            	3.70488681e+02
1008            	3.70370171e+02
1009            	3.70492178e+02
1010            	3.70374624e+02
1011            	3.70493261e+02
1012            	3.70376643e+02
1013            	3.70494022e+02
1014            	3.70375998e+02
1015            	3.70501376e+02
1016            	3.70382595e+02
1017            	3.70499237e+02
1018            	3.70380422e+02
1019            	3.70494881e+02
1020            	3.70375439e+02
1021            	3.70495803e+02
1022            	3.70377570e+02
1023            	3.70493935e+02
1024            	3.70375859e+02
1025            	3.70488696e+02
1026            	3.70371230e+02
1027            	3.70495601e+02
1028            	3.70378311e+02
1029            	3.70497250e+02
1030            	3.70378042e+02
1031            	3.70491859e+02
1032            	3.70373311e+02
1033            	3.70496429e+02
1034            	3.70378657e+02
1035            	3.70496158e+02
1036            	3.70378235e+02
1037            	3.70493152e+02
1038            	3.70374557e+02
1039            	3.70496400e+02
1040            	3.70378060e+02
1041            	3.70494818e+02
1042            	3.70376324e+02
1043            	3.70491340e+02
1044            	3.70372102e+02
1045            	3.70493777e+02
1046            	3.70374848e+02
1047            	3.70491328e+02
1048            	3.70373049e+02
1049            	3.70488206e+02
1050            	3.70369745e+02
1051            	3.70491924e+02
1052            	3.70373645e+02
1053            	3.70489911e+02
1054            	3.70372731e+02
1055            	3.70489316e+02
1056            	3.70371747e+02
1057            	3.70495346e+02
1058            	3.70378016e+02
1059            	3.70497430e+02
1060            	3.70379540e+02
1061            	3.70494926e+02
1062            	3.70376106e+02
1063            	3.70498121e+02
1064            	3.70379706e+02
1065            	3.70496699e+02
1066            	3.70378422e+02
1067            	3.70492841e+02
1068            	3.70373966e+02
1069            	3.70496407e+02
1070            	3.70378181e+02
1071            	3.70495942e+02
1072            	3.70377660e+02
1073            	3.70493126e+02
1074            	3.70374141e+02
1075            	3.70496645e+02
1076            	3.70378687e+02
1077            	3.70497104e+02
1078            	3.70379413e+02
1079            	3.70494947e+02
1080            	3.70376892e+02
1081            	3.70500606e+02
1082            	3.70383295e+02
1083            	3.70502310e+02
1084            	3.70385233e+02
1085            	3.70501548e+02
1086            	3.70383765e+02
1087            	3.70507804e+02
1088            	3.70390551e+02
1089            	3.70509778e+02
1090            	3.70392117e+02
1091            	3.70507733e+02
1092            	3.70388839e+02
1093            	3.70511865e+02
1094            	3.70393503e+02
1095            	3.70510886e+02
1096            	3.70392248e+02
1097            	3.70507096e+02
1098            	3.70388232e+02
1099            	3.70511331e+02
1100            	3.70393074e+02
1101            	3.70510973e+02
1102            	3.70392481e+02
1103            	3.70507574e+02
1104            	3.70388338e+02
1105            	3.70511054e+02
1106            	3.70392768e+02
1107            	3.70510561e+02
1108            	3.70392259e+02
1109            	3.70507781e+02
1110            	3.70388631e+02
1111            	3.70511286e+02
1112            	3.70393052e+02
1113            	3.70511084e+02
1114            	3.70392776e+02
1115            	3.70508037e+02
1116            	3.70388917e+02
1117            	3.70511245e+02
1118            	3.70392787e+02
1119            	3.70510148e+02
1120            	3.70391974e+02
1121            	3.70507325e+02
1122            	3.70388608e+02
1123            	3.70510569e+02
1124            	3.70392695e+02
1125            	3.70511176e+02
1126            	3.70393599e+02
1127            	3.70509618e+02
1128            	3.70391204e+02
1129            	3.70514220e+02
1130            	3.70396092e+02
1131            	3.70513973e+02
1132            	3.70396019e+02
1133            	3.70511808e+02
1134            	3.70392465e+02
1135            	3.70514061e+02
1136            	3.70395271e+02
1137            	3.70512515e+02
1138            	3.70393692e+02
1139            	3.70508025e+02
1140            	3.70387993e+02
1141            	3.70508620e+02
1142            	3.70388922e+02
1143            	3.70504540e+02
1144            	3.70385328e+02
1145            	3.70499274e+02
1146            	3.70379955e+02
1147            	3.70501865e+02
1148            	3.70383268e+02
1149            	3.70500485e+02
1150            	3.70382182e+02
1151            	3.70497412e+02
1152            	3.70378607e+02
1153            	3.70501593e+02
1154            	3.70383496e+02
1155            	3.70501669e+02
1156            	3.70383576e+02
1157            	3.70499200e+02
1158            	3.70380882e+02
1159            	3.70504501e+02
1160            	3.70386915e+02
1161            	3.70505860e+02
1162            	3.70388217e+02
1163            	3.70504268e+02
1164            	3.70386244e+02
1165            	3.70510340e+02
1166            	3.70392856e+02
1167            	3.70511754e+02
1168            	3.70394008e+02
1169            	3.70510028e+02
1170            	3.70391901e+02
1171            	3.70515824e+02
1172            	3.70398185e+02
1173            	3.70517109e+02
1174            	3.70399155e+02
1175            	3.70514865e+02
1176            	3.70396611e+02
1177            	3.70520569e+02
1178            	3.70402962e+02
1179            	3.70521787e+02
1180            	3.70404054e+02
1181            	3.70520260e+02
1182            	3.70402209e+02
1183            	3.70526468e+02
1184            	3.70408453e+02
1185            	3.70526911e+02
1186            	3.70408740e+02
1187            	3.70524263e+02
1188            	3.70405609e+02
1189            	3.70529193e+02
1190            	3.70410948e+02
1191            	3.70529091e+02
1192            	3.70410652e+02
1193            	3.70526039e+02
1194            	3.70407119e+02
1195            	3.70530343e+02
1196            	3.70411980e+02
1197            	3.70530468e+02
1198            	3.70411779e+02
1199            	3.70527001e+02
1200            	3.70407237e+02
1201            	3.70530048e+02
1202            	3.70410580e+02
1203            	3.70527153e+02
1204            	3.70407444e+02
1205            	3.70521627e+02
1206            	3.70401637e+02
1207            	3.70523717e+02
1208            	3.70404537e+02
1209            	3.70521637e+02
1210            	3.70402920e+02
1211            	3.70518370e+02
1212            	3.70399093e+02
1213            	3.70522166e+02
1214            	3.70403751e+02
1215            	3.70522285e+02
1216            	3.70403737e+02
1217            	3.70519468e+02
1218            	3.70400235e+02
1219            	3.70523063e+02
1220            	3.70404487e+02
1221            	3.70522559e+02
1222            	3.70404305e+02
1223            	3.70519966e+02
1224            	3.70400515e+02
1225            	3.70522587e+02
1226            	3.70403691e+02
1227            	3.70520674e+02
1228            	3.70401918e+02
1229            	3.70516885e+02
1230            	3.70397604e+02
1231            	3.70519649e+02
1232            	3.70400459e+02
1233            	3.70516722e+02
1234            	3.70398367e+02
1235            	3.70514217e+02
1236            	3.70395490e+02
1237            	3.70518487e+02
1238            	3.70400019e+02
1239            	3.70517681e+02
1240            	3.70399536e+02
1241            	3.70515198e+02
1242            	3.70396279e+02
1243            	3.70518612e+02
1244            	3.70399760e+02
1245            	3.70516822e+02
1246            	3.70398141e+02
1247            	3.70512988e+02
1248            	3.70393575e+02
1249            	3.70515477e+02
1250            	3.70396299e+02
1251            	3.70512822e+02
1252            	3.70393771e+02
1253            	3.70508962e+02
1254            	3.70388646e+02
1255            	3.70508866e+02
1256            	3.70388859e+02
1257            	3.70504682e+02
1258            	3.70385185e+02
1259            	3.70498855e+02
1260            	3.70379180e+02
1261            	3.70499963e+02
1262            	3.70381396e+02
1263            	3.70498513e+02
1264            	3.70380712e+02
1265            	3.70496809e+02
1266            	3.70378300e+02
1267            	3.70501521e+02
1268            	3.70383123e+02
1269            	3.70501057e+02
1270            	3.70383023e+02
1271            	3.70498578e+02
1272            	3.70379999e+02
1273            	3.70502620e+02
1274            	3.70384820e+02
1275            	3.70502718e+02
1276            	3.70385057e+02
1277            	3.70500755e+02
1278            	3.70382465e+02
1279            	3.70505813e+02
1280            	3.70387939e+02
1281            	3.70506162e+02
1282            	3.70387689e+02
1283            	3.70502519e+02
1284            	3.70382673e+02
1285            	3.70504165e+02
1286            	3.70385519e+02
1287            	3.70502929e+02
1288            	3.70384428e+02
1289            	3.70499042e+02
1290            	3.70380106e+02
1291            	3.70502520e+02
1292            	3.70384340e+02
1293            	3.70501259e+02
1294            	3.70383389e+02
1295            	3.70499025e+02
1296            	3.70380489e+02
1297            	3.70503902e+02
1298            	3.70385948e+02
1299            	3.70504094e+02
1300            	3.70386257e+02
1301            	3.70502186e+02
1302            	3.70384209e+02
1303            	3.70507940e+02
1304            	3.70390561e+02
1305            	3.70509662e+02
1306            	3.70392155e+02
1307            	3.70508211e+02
1308            	3.70390194e+02
1309            	3.70514553e+02
1310            	3.70396679e+02
1311            	3.70515150e+02
1312            	3.70396474e+02
1313            	3.70511450e+02
1314            	3.70392635e+02
1315            	3.70515952e+02
1316            	3.70397874e+02
1317            	3.70516286e+02
1318            	3.70398017e+02
1319            	3.70513419e+02
1320            	3.70395019e+02
1321            	3.70518997e+02
1322            	3.70401220e+02
1323            	3.70520068e+02
1324            	3.70402136e+02
1325            	3.70518460e+02
1326            	3.70400064e+02
1327            	3.70524254e+02
1328            	3.70406352e+02
1329            	3.70525272e+02
1330            	3.70407211e+02
1331            	3.70523007e+02
1332            	3.70404461e+02
1333            	3.70528078e+02
1334            	3.70410295e+02
1335            	3.70528190e+02
1336            	3.70410455e+02
1337            	3.70526957e+02
1338            	3.70408488e+02
1339            	3.70532184e+02
1340            	3.70413888e+02
1341            	3.70532386e+02
1342            	3.70413499e+02
1343            	3.70528431e+02
1344            	3.70408663e+02
1345            	3.70531319e+02
1346            	3.70411779e+02
1347            	3.70528197e+02
1348            	3.70408323e+02
1349            	3.70522209e+02
1350            	3.70401801e+02
1351            	3.70523291e+02
1352            	3.70403675e+02
1353            	3.70520803e+02
1354            	3.70401375e+02
1355            	3.70515827e+02
1356            	3.70395881e+02
1357            	3.70518141e+02
1358            	3.70399368e+02
1359            	3.70517408e+02
1360            	3.70398885e+02
1361            	3.70514484e+02
1362            	3.70395661e+02
1363            	3.70519177e+02
1364            	3.70400987e+02
1365            	3.70519955e+02
1366            	3.70401628e+02
1367            	3.70517119e+02
1368            	3.70398167e+02
1369            	3.70521548e+02
1370            	3.70403460e+02
1371            	3.70522075e+02
1372            	3.70403858e+02
1373            	3.70518543e+02
1374            	3.70400667e+02
1375            	3.70525604e+02
1376            	3.70408090e+02
1377            	3.70527126e+02
1378            	3.70408860e+02
1379            	3.70524611e+02
1380            	3.70404614e+02
1381            	3.70526129e+02
1382            	3.70407141e+02
1383            	3.70524092e+02
1384            	3.70405055e+02
1385            	3.70519430e+02
1386            	3.70399668e+02
1387            	3.70520853e+02
1388            	3.70401290e+02
1389            	3.70517286e+02
1390            	3.70397957e+02
1391            	3.70511799e+02
1392            	3.70392241e+02
1393            	3.70514019e+02
1394            	3.70395419e+02
1395            	3.70513019e+02
1396            	3.70394930e+02
1397            	3.70510795e+02
1398            	3.70392427e+02
1399            	3.70516033e+02
1400            	3.70397964e+02
1401            	3.70516699e+02
1402            	3.70397516e+02
1403            	3.70511409e+02
1404            	3.70392012e+02
1405            	3.70513971e+02
1406            	3.70394521e+02
1407            	3.70510039e+02
1408            	3.70391124e+02
1409            	3.70504491e+02
1410            	3.70385842e+02
1411            	3.70508396e+02
1412            	3.70390950e+02
1413            	3.70509626e+02
1414            	3.70392817e+02
1415            	3.70511189e+02
1416            	3.70390959e+02
1417            	3.70511512e+02
1418            	3.70392541e+02
1419            	3.70509674e+02
1420            	3.70390845e+02
1421            	3.70505143e+02
1422            	3.70385817e+02
1423            	3.70506585e+02
1424            	3.70388373e+02
1425            	3.70505104e+02
1426            	3.70387865e+02
1427            	3.70503715e+02
1428            	3.70386237e+02
1429            	3.70510897e+02
1430            	3.70393386e+02
1431            	3.70513363e+02
1432            	3.70394163e+02
1433            	3.70508884e+02
1434            	3.70388582e+02
1435            	3.70509293e+02
1436            	3.70390016e+02
1437            	3.70506261e+02
1438            	3.70387389e+02
1439            	3.70501259e+02
1440            	3.70382166e+02
1441            	3.70503266e+02
1442            	3.70384793e+02
1443            	3.70501731e+02
1444            	3.70383330e+02
1445            	3.70498282e+02
1446            	3.70378747e+02
1447            	3.70500644e+02
1448            	3.70381073e+02
1449            	3.70497369e+02
1450            	3.70378489e+02
1451            	3.70492935e+02
1452            	3.70374353e+02
1453            	3.70495406e+02
1454            	3.70378317e+02
1455            	3.70497328e+02
1456            	3.70380743e+02
1457            	3.70498332e+02
1458            	3.70380268e+02
1459            	3.70504572e+02
1460            	3.70384368e+02
1461            	3.70499344e+02
1462            	3.70380463e+02
1463            	3.70493710e+02
1464            	3.70375153e+02
1465            	3.70497225e+02
1466            	3.70379235e+02
1467            	3.70495608e+02
1468            	3.70377200e+02
1469            	3.70492112e+02
1470            	3.70373244e+02
1471            	3.70494930e+02
1472            	3.70376565e+02
1473            	3.70494138e+02
1474            	3.70377346e+02
1475            	3.70494597e+02
1476            	3.70377881e+02
1477            	3.70503528e+02
1478            	3.70385392e+02
1479            	3.70503343e+02
1480            	3.70384762e+02
1481            	3.70499167e+02
1482            	3.70379466e+02
1483            	3.70500486e+02
1484            	3.70380698e+02
1485            	3.70495814e+02
1486            	3.70377804e+02
1487            	3.70492812e+02
1488            	3.70373895e+02
1489            	3.70495196e+02
1490            	3.70377390e+02
1491            	3.70495386e+02
1492            	3.70378233e+02
1493            	3.70495209e+02
1494            	3.70377289e+02
1495            	3.70501171e+02
1496            	3.70381869e+02
1497            	3.70497726e+02
1498            	3.70379507e+02
1499            	3.70494802e+02
1500            	3.70375531e+02
1501            	3.70496108e+02
1502            	3.70377046e+02
1503            	3.70490993e+02
1504            	3.70373675e+02
1505            	3.70489829e+02
1506            	3.70371551e+02
1507            	3.70493450e+02
1508            	3.70375040e+02
1509            	3.70492471e+02
1510            	3.70374735e+02
1511            	3.70491077e+02
1512            	3.70372991e+02
1513            	3.70495868e+02
1514            	3.70378259e+02
1515            	3.70496474e+02
1516            	3.70378307e+02
1517            	3.70492829e+02
1518            	3.70374149e+02
1519            	3.70496485e+02
1520            	3.70378010e+02
1521            	3.70494928e+02
1522            	3.70376669e+02
1523            	3.70491723e+02
1524            	3.70372811e+02
1525            	3.70494701e+02
1526            	3.70376060e+02
1527            	3.70492431e+02
1528            	3.70373927e+02
1529            	3.70488205e+02
1530            	3.70369535e+02
1531            	3.70491741e+02
1532            	3.70373905e+02
1533            	3.70490819e+02
1534            	3.70373906e+02
1535            	3.70490881e+02
1536            	3.70373456e+02
1537            	3.70497695e+02
1538            	3.70380070e+02
1539            	3.70497821e+02
1540            	3.70379652e+02
1541            	3.70494942e+02
1542            	3.70376359e+02
1543            	3.70499030e+02
1544            	3.70381360e+02
1545            	3.70499220e+02
1546            	3.70381778e+02
1547            	3.70497843e+02
1548            	3.70379688e+02
1549            	3.70503401e+02
1550            	3.70385366e+02
1551            	3.70503421e+02
1552            	3.70384721e+02
1553            	3.70499433e+02
1554            	3.70380634e+02
1555            	3.70503527e+02
1556            	3.70385284e+02
1557            	3.70503194e+02
1558            	3.70384875e+02
1559            	3.70499687e+02
1560            	3.70381223e+02
1561            	3.70504453e+02
1562            	3.70386878e+02
1563            	3.70505831e+02
1564            	3.70388246e+02
1565            	3.70504637e+02
1566            	3.70386857e+02
1567            	3.70511429e+02
1568            	3.70394207e+02
1569            	3.70513729e+02
1570            	3.70396222e+02
1571            	3.70512358e+02
1572            	3.70394379e+02
1573            	3.70518742e+02
1574            	3.70401334e+02
1575            	3.70520544e+02
1576            	3.70402803e+02
1577            	3.70518866e+02
1578            	3.70400629e+02
1579            	3.70524535e+02
1580            	3.70406550e+02
1581            	3.70525035e+02
1582            	3.70406661e+02
1583            	3.70522032e+02
1584            	3.70403163e+02
1585            	3.70526265e+02
1586            	3.70408056e+02
1587            	3.70526810e+02
1588            	3.70408421e+02
1589            	3.70524355e+02
1590            	3.70405356e+02
1591            	3.70529083e+02
1592            	3.70410368e+02
1593            	3.70528598e+02
1594            	3.70409761e+02
1595            	3.70525140e+02
1596            	3.70406144e+02
1597            	3.70529689e+02
1598            	3.70411519e+02
1599            	3.70530320e+02
1600            	3.70412100e+02
1601            	3.70527882e+02
1602            	3.70409384e+02
1603            	3.70533622e+02
1604            	3.70415442e+02
1605            	3.70534421e+02
1606            	3.70416039e+02
1607            	3.70531931e+02
1608            	3.70413202e+02
1609            	3.70537267e+02
1610            	3.70419248e+02
1611            	3.70538192e+02
1612            	3.70419897e+02
1613            	3.70535689e+02
1614            	3.70416964e+02
1615            	3.70540783e+02
1616            	3.70422483e+02
1617            	3.70541206e+02
1618            	3.70422410e+02
1619            	3.70537681e+02
1620            	3.70418292e+02
1621            	3.70541517e+02
1622            	3.70422472e+02
1623            	3.70540120e+02
1624            	3.70420719e+02
1625            	3.70535515e+02
1626            	3.70415794e+02
1627            	3.70538620e+02
1628            	3.70419417e+02
1629            	3.70537412e+02
1630            	3.70417851e+02
1631            	3.70532369e+02
1632            	3.70412416e+02
1633            	3.70535240e+02
1634            	3.70415943e+02
1635            	3.70533523e+02
1636            	3.70414197e+02
1637            	3.70529229e+02
1638            	3.70409845e+02
1639            	3.70533177e+02
1640            	3.70414584e+02
1641            	3.70533054e+02
1642            	3.70414502e+02
1643            	3.70530443e+02
1644            	3.70411748e+02
1645            	3.70536127e+02
1646            	3.70418007e+02
1647            	3.70537026e+02
1648            	3.70418739e+02
1649            	3.70534847e+02
1650            	3.70416274e+02
1651            	3.70540579e+02
1652            	3.70422417e+02
1653            	3.70541385e+02
1654            	3.70422903e+02
1655            	3.70538668e+02
1656            	3.70419796e+02
1657            	3.70543768e+02
1658            	3.70425302e+02
1659            	3.70543727e+02
1660            	3.70424952e+02
1661            	3.70540455e+02
1662            	3.70421443e+02
1663            	3.70545091e+02
1664            	3.70426423e+02
1665            	3.70544710e+02
1666            	3.70425718e+02
1667            	3.70540823e+02
1668            	3.70421253e+02
1669            	3.70544281e+02
1670            	3.70425344e+02
1671            	3.70543213e+02
1672            	3.70423918e+02
1673            	3.70538798e+02
1674            	3.70419052e+02
1675            	3.70541867e+02
1676            	3.70422593e+02
1677            	3.70540262e+02
1678            	3.70420879e+02
1679            	3.70535627e+02
1680            	3.70416036e+02
1681            	3.70539067e+02
1682            	3.70420114e+02
1683            	3.70537876e+02
1684            	3.70418773e+02
1685            	3.70533672e+02
1686            	3.70414359e+02
1687            	3.70537429e+02
1688            	3.70418793e+02
1689            	3.70537092e+02
1690            	3.70418434e+02
1691            	3.70534137e+02
1692            	3.70415355e+02
1693            	3.70539058e+02
1694            	3.70420733e+02
1695            	3.70539119e+02
1696            	3.70420493e+02
1697            	3.70535872e+02
1698            	3.70416966e+02
1699            	3.70540496e+02
1700            	3.70422234e+02
1701            	3.70540979e+02
1702            	3.70422492e+02
1703            	3.70537838e+02
1704            	3.70418950e+02
1705            	3.70542658e+02
1706            	3.70424368e+02
1707            	3.70542688e+02
1708            	3.70423970e+02
1709            	3.70539152e+02
1710            	3.70419929e+02
1711            	3.70542948e+02
1712            	3.70424124e+02
1713            	3.70542008e+02
1714            	3.70422815e+02
1715            	3.70537498e+02
1716            	3.70417830e+02
1717            	3.70540573e+02
1718            	3.70421444e+02
1719            	3.70538888e+02
1720            	3.70419570e+02
1721            	3.70534219e+02
1722            	3.70414650e+02
1723            	3.70537405e+02
1724            	3.70418475e+02
1725            	3.70536380e+02
1726            	3.70417382e+02
1727            	3.70532311e+02
1728            	3.70413031e+02
1729            	3.70536327e+02
1730            	3.70417762e+02
1731            	3.70535970e+02
1732            	3.70417285e+02
1733            	3.70532652e+02
1734            	3.70413738e+02
1735            	3.70537331e+02
1736            	3.70418984e+02
1737            	3.70537440e+02
1738            	3.70418851e+02
1739            	3.70534260e+02
1740            	3.70415327e+02
1741            	3.70538844e+02
1742            	3.70420483e+02
1743            	3.70538880e+02
1744            	3.70420279e+02
1745            	3.70535730e+02
1746            	3.70416794e+02
1747            	3.70540227e+02
1748            	3.70421767e+02
1749            	3.70540057e+02
1750            	3.70421298e+02
1751            	3.70536400e+02
1752            	3.70417249e+02
1753            	3.70540485e+02
1754            	3.70421948e+02
1755            	3.70540048e+02
1756            	3.70421286e+02
1757            	3.70536489e+02
1758            	3.70417367e+02
1759            	3.70540453e+02
1760            	3.70421822e+02
1761            	3.70539991e+02
1762            	3.70421083e+02
1763            	3.70536045e+02
1764            	3.70416747e+02
1765            	3.70539731e+02
1766            	3.70421023e+02
1767            	3.70538984e+02
1768            	3.70420104e+02
1769            	3.70535237e+02
1770            	3.70416016e+02
1771            	3.70539112e+02
1772            	3.70420490e+02
1773            	3.70538630e+02
1774            	3.70419770e+02
1775            	3.70534876e+02
1776            	3.70415614e+02
1777            	3.70538721e+02
1778            	3.70420028e+02
1779            	3.70537963e+02
1780            	3.70419066e+02
1781            	3.70534144e+02
1782            	3.70414951e+02
1783            	3.70538056e+02
1784            	3.70419480e+02
1785            	3.70537744e+02
1786            	3.70419045e+02
1787            	3.70534331e+02
1788            	3.70415364e+02
1789            	3.70538773e+02
1790            	3.70420411e+02
1791            	3.70538635e+02
1792            	3.70420026e+02
1793            	3.70535402e+02
1794            	3.70416454e+02
1795            	3.70539783e+02
1796            	3.70421349e+02
1797            	3.70539532e+02
1798            	3.70421011e+02
1799            	3.70536483e+02
1800            	3.70417734e+02
1801            	3.70541387e+02
1802            	3.70423137e+02
1803            	3.70541475e+02
1804            	3.70422915e+02
1805            	3.70538279e+02
1806            	3.70419351e+02
1807            	3.70542630e+02
1808            	3.70424226e+02
1809            	3.70542570e+02
1810            	3.70423919e+02
1811            	3.70539244e+02
1812            	3.70420154e+02
1813            	3.70543320e+02
1814            	3.70424679e+02
1815            	3.70542574e+02
1816            	3.70423622e+02
1817            	3.70538693e+02
1818            	3.70419349e+02
1819            	3.70542258e+02
1820            	3.70423373e+02
1821            	3.70541233e+02
1822            	3.70422057e+02
1823            	3.70536641e+02
1824            	3.70417057e+02
1825            	3.70539822e+02
1826            	3.70420891e+02
1827            	3.70538526e+02
1828            	3.70419428e+02
1829            	3.70534282e+02
1830            	3.70414873e+02
1831            	3.70537814e+02
1832            	3.70419114e+02
1833            	3.70537128e+02
1834            	3.70418240e+02
1835            	3.70533201e+02
1836            	3.70413980e+02
1837            	3.70537053e+02
1838            	3.70418507e+02
1839            	3.70536717e+02
1840            	3.70418049e+02
1841            	3.70533479e+02
1842            	3.70414604e+02
1843            	3.70538200e+02
1844            	3.70419967e+02
1845            	3.70538695e+02
1846            	3.70420298e+02
1847            	3.70535950e+02
1848            	3.70417216e+02
1849            	3.70540886e+02
1850            	3.70422716e+02
1851            	3.70541260e+02
1852            	3.70422795e+02
1853            	3.70538297e+02
1854            	3.70419443e+02
1855            	3.70542877e+02
1856            	3.70424560e+02
1857            	3.70543092e+02
1858            	3.70424519e+02
1859            	3.70539937e+02
1860            	3.70420912e+02
1861            	3.70544240e+02
1862            	3.70425643e+02
1863            	3.70543567e+02
1864            	3.70424536e+02
1865            	3.70539375e+02
1866            	3.70419825e+02
1867            	3.70542560e+02
1868            	3.70423504e+02
1869            	3.70541217e+02
1870            	3.70421840e+02
1871            	3.70536393e+02
1872            	3.70416622e+02
1873            	3.70539456e+02
1874            	3.70420274e+02
1875            	3.70537795e+02
1876            	3.70418409e+02
1877            	3.70533106e+02
1878            	3.70413492e+02
1879            	3.70536194e+02
1880            	3.70417119e+02
1881            	3.70534919e+02
1882            	3.70415806e+02
1883            	3.70530670e+02
1884            	3.70411319e+02
1885            	3.70534525e+02
1886            	3.70415901e+02
1887            	3.70534079e+02
1888            	3.70415434e+02
1889            	3.70530857e+02
1890            	3.70412025e+02
1891            	3.70535763e+02
1892            	3.70417626e+02
1893            	3.70536579e+02
1894            	3.70418240e+02
1895            	3.70533981e+02
1896            	3.70415446e+02
1897            	3.70539583e+02
1898            	3.70421633e+02
1899            	3.70540581e+02
1900            	3.70422332e+02
1901            	3.70538222e+02
1902            	3.70419548e+02
1903            	3.70543277e+02
1904            	3.70425091e+02
1905            	3.70543747e+02
1906            	3.70425200e+02
1907            	3.70540603e+02
1908            	3.70421544e+02
1909            	3.70544918e+02
1910            	3.70426272e+02
1911            	3.70544239e+02
1912            	3.70425138e+02
1913            	3.70539972e+02
1914            	3.70420370e+02
1915            	3.70543022e+02
1916            	3.70423839e+02
1917            	3.70541297e+02
1918            	3.70421903e+02
1919            	3.70536475e+02
1920            	3.70416732e+02
1921            	3.70539277e+02
1922            	3.70420187e+02
1923            	3.70537692e+02
1924            	3.70418498e+02
1925            	3.70533306e+02
1926            	3.70413781e+02
1927            	3.70536621e+02
1928            	3.70417810e+02
1929            	3.70535782e+02
1930            	3.70416893e+02
1931            	3.70532014e+02
1932            	3.70412896e+02
1933            	3.70536278e+02
1934            	3.70417831e+02
1935            	3.70536107e+02
1936            	3.70417505e+02
1937            	3.70532984e+02
1938            	3.70414118e+02
1939            	3.70537676e+02
1940            	3.70419354e+02
1941            	3.70537834e+02
1942            	3.70419270e+02
1943            	3.70534645e+02
1944            	3.70415799e+02
1945            	3.70539394e+02
1946            	3.70421102e+02
1947            	3.70539413e+02
1948            	3.70420902e+02
1949            	3.70536347e+02
1950            	3.70417493e+02
1951            	3.70540896e+02
1952            	3.70422506e+02
1953            	3.70540764e+02
1954            	3.70422133e+02
1955            	3.70537356e+02
1956            	3.70418411e+02
1957            	3.70541796e+02
1958            	3.70423352e+02
1959            	3.70541422e+02
1960            	3.70422704e+02
1961            	3.70537884e+02
1962            	3.70418839e+02
1963            	3.70542010e+02
1964            	3.70423449e+02
1965            	3.70541485e+02
1966            	3.70422711e+02
1967            	3.70537829e+02
1968            	3.70418749e+02
1969            	3.70541991e+02
1970            	3.70423515e+02
1971            	3.70541516e+02
1972            	3.70422751e+02
1973            	3.70537813e+02
1974            	3.70418705e+02
1975            	3.70541837e+02
1976            	3.70423225e+02
1977            	3.70541188e+02
1978            	3.70422349e+02
1979            	3.70537371e+02
1980            	3.70418124e+02
1981            	3.70541104e+02
1982            	3.70422350e+02
1983            	3.70540067e+02
1984            	3.70420690e+02
1985            	3.70535312e+02
1986            	3.70416098e+02
1987            	3.70539047e+02
1988            	3.70420189e+02
1989            	3.70531211e+02
1990            	3.70412461e+02
1991            	3.70528776e+02
1992            	3.70411359e+02
1993            	3.70528699e+02
1994            	3.70411075e+02
1995            	3.70530843e+02
1996            	3.70413735e+02
1997            	3.70530193e+02
1998            	3.70412197e+02
1999            	3.70535806e+02
2000            	3.70417610e+02
