/*--------------------------------*- C++ -*----------------------------------*\
| =========                 |                                                 |
| \\      /  F ield         | OpenFOAM: The Open Source CFD Toolbox           |
|  \\    /   O peration     | Version:  2506                                  |
|   \\  /    A nd           | Website:  www.openfoam.com                      |
|    \\/     M anipulation  |                                                 |
\*---------------------------------------------------------------------------*/
FoamFile
{
    version     2.0;
    format      binary;
    arch        "LSB;label=32;scalar=64";
    class       faceSet;
    location    "constant/polyMesh/sets";
    object      walls;
}
// * * * * * * * * * * * * * * * * * * * * * * * * * * * * * * * * * * * * * //


424
(
1027
1028
1031
1034
1037
1038
1051
1055
1064
1158
1162
1172
1182
1213
1215
1218
1252
1255
1258
1262
1265
1269
1273
1277
1309
1313
294
1320
1324
304
1329
1332
310
311
1336
333
334
337
338
341
1366
342
1369
1371
347
1374
1376
356
359
367
1394
1395
371
374
378
381
1413
1414
411
416
419
421
427
430
433
436
438
440
1467
1469
1471
1473
1475
1477
1478
1481
1482
459
461
463
466
469
471
473
476
479
481
484
485
486
487
1513
492
495
497
499
502
505
508
1533
510
1537
513
514
1540
516
1542
519
1544
522
1547
524
1549
1550
526
527
529
530
531
532
535
536
537
538
539
541
1566
1567
543
4641
545
1570
547
548
1573
551
1576
1577
554
557
1582
560
1585
561
564
1591
567
568
1593
1595
571
1597
573
1599
575
1601
1602
578
1604
581
584
585
586
587
588
589
590
592
593
594
597
599
602
603
606
608
610
612
614
616
617
619
621
623
625
627
628
631
632
634
636
638
640
643
644
646
648
650
652
654
655
658
661
662
664
667
1692
668
1693
670
1696
673
676
678
681
682
684
686
1713
689
690
691
692
5812
693
694
1720
696
1723
699
702
704
706
1732
708
1734
710
712
714
715
717
718
719
721
723
1749
725
727
1752
730
732
1758
734
736
738
741
742
744
745
747
750
753
755
757
759
760
763
1788
766
1792
768
771
1796
773
775
1800
777
1803
779
781
784
786
1812
788
789
1815
792
795
1823
799
802
805
808
810
813
1838
816
1841
817
819
1844
821
822
824
1850
826
827
1853
829
832
834
1859
837
839
1865
841
843
845
846
849
852
855
1882
858
861
864
867
868
870
872
873
1899
875
1900
877
1902
879
1905
882
1908
884
1909
885
886
888
889
891
892
893
1918
894
895
896
1921
897
898
1923
899
900
1925
901
902
1927
1928
905
1930
906
1931
1932
909
1934
911
1936
913
914
915
916
917
918
919
920
928
932
939
1965
943
1968
1969
945
949
951
952
953
1979
955
957
1982
1987
1988
1990
966
1992
970
1995
1997
974
976
978
980
2005
981
2007
983
984
986
2011
2013
989
2014
990
2015
991
992
2023
)


// ************************************************************************* //
