# Region        : cellZone fluid
# Cells         : 8512
# Volume        : 1.62758205e+01
# Time          	volAverage(T)
1               	2.99999926e+02
2               	2.99999937e+02
3               	3.00000176e+02
4               	3.00000533e+02
5               	3.00000816e+02
6               	3.00001127e+02
7               	3.00001515e+02
8               	3.00001945e+02
9               	3.00002355e+02
10              	3.00002978e+02
11              	3.00003638e+02
12              	3.00004419e+02
13              	3.00005382e+02
14              	3.00006244e+02
15              	3.00007175e+02
16              	3.00008222e+02
17              	3.00009321e+02
18              	3.00010444e+02
19              	3.00011474e+02
20              	3.00012478e+02
21              	3.00013530e+02
22              	3.00015150e+02
23              	3.00016337e+02
24              	3.00017316e+02
25              	3.00018516e+02
26              	3.00019360e+02
27              	3.00020097e+02
28              	3.00020848e+02
29              	3.00021650e+02
30              	3.00022759e+02
31              	3.00023764e+02
32              	3.00024971e+02
33              	3.00026490e+02
34              	3.00028026e+02
35              	3.00029341e+02
36              	3.00030980e+02
37              	3.00033392e+02
38              	3.00034801e+02
39              	3.00036928e+02
40              	3.00038572e+02
41              	3.00039787e+02
42              	3.00041262e+02
43              	3.00042731e+02
44              	3.00044246e+02
45              	3.00045132e+02
46              	3.00046616e+02
47              	3.00047926e+02
48              	3.00049662e+02
49              	3.00051226e+02
50              	3.00052132e+02
51              	3.00053761e+02
52              	3.00055658e+02
53              	3.00058178e+02
54              	3.00060367e+02
55              	3.00062186e+02
56              	3.00064003e+02
57              	3.00065263e+02
58              	3.00066472e+02
59              	3.00067847e+02
60              	3.00069224e+02
61              	3.00070524e+02
62              	3.00072042e+02
63              	3.00073450e+02
64              	3.00074905e+02
65              	3.00075993e+02
66              	3.00077811e+02
67              	3.00079281e+02
68              	3.00080877e+02
69              	3.00082305e+02
70              	3.00083380e+02
71              	3.00084180e+02
72              	3.00084846e+02
73              	3.00086598e+02
74              	3.00087613e+02
75              	3.00089208e+02
76              	3.00090531e+02
77              	3.00092296e+02
78              	3.00093589e+02
79              	3.00094737e+02
80              	3.00095922e+02
81              	3.00097309e+02
82              	3.00098083e+02
83              	3.00099023e+02
84              	3.00100160e+02
85              	3.00101349e+02
86              	3.00102535e+02
87              	3.00103679e+02
88              	3.00105157e+02
89              	3.00106643e+02
90              	3.00107950e+02
91              	3.00109098e+02
92              	3.00110493e+02
93              	3.00112033e+02
94              	3.00113517e+02
95              	3.00114879e+02
96              	3.00116461e+02
97              	3.00118007e+02
98              	3.00119188e+02
99              	3.00120294e+02
100             	3.00121360e+02
101             	3.00122499e+02
102             	3.00124075e+02
103             	3.00125092e+02
104             	3.00126259e+02
105             	3.00127756e+02
106             	3.00128726e+02
107             	3.00129743e+02
108             	3.00130703e+02
109             	3.00131964e+02
110             	3.00133170e+02
111             	3.00134284e+02
112             	3.00135465e+02
113             	3.00136715e+02
114             	3.00137980e+02
115             	3.00139265e+02
116             	3.00140538e+02
117             	3.00141841e+02
118             	3.00143248e+02
119             	3.00144219e+02
120             	3.00145196e+02
121             	3.00146101e+02
122             	3.00147024e+02
123             	3.00147667e+02
124             	3.00148334e+02
125             	3.00148947e+02
126             	3.00149779e+02
127             	3.00150619e+02
128             	3.00151465e+02
129             	3.00152081e+02
130             	3.00152723e+02
131             	3.00153084e+02
132             	3.00153280e+02
133             	3.00153554e+02
134             	3.00153732e+02
135             	3.00154357e+02
136             	3.00154850e+02
137             	3.00155079e+02
138             	3.00155439e+02
139             	3.00156089e+02
140             	3.00156729e+02
141             	3.00157192e+02
142             	3.00157795e+02
143             	3.00158351e+02
144             	3.00158704e+02
145             	3.00159145e+02
146             	3.00159986e+02
147             	3.00160596e+02
148             	3.00161393e+02
149             	3.00162034e+02
150             	3.00162624e+02
151             	3.00163216e+02
152             	3.00163535e+02
153             	3.00163848e+02
154             	3.00164188e+02
155             	3.00164503e+02
156             	3.00164849e+02
157             	3.00165472e+02
158             	3.00165996e+02
159             	3.00166298e+02
160             	3.00166666e+02
161             	3.00167111e+02
162             	3.00167703e+02
163             	3.00168389e+02
164             	3.00169070e+02
165             	3.00169752e+02
166             	3.00170167e+02
167             	3.00170276e+02
168             	3.00171031e+02
169             	3.00171516e+02
170             	3.00171710e+02
171             	3.00172065e+02
172             	3.00172818e+02
173             	3.00173765e+02
174             	3.00174135e+02
175             	3.00174489e+02
176             	3.00174759e+02
177             	3.00175007e+02
178             	3.00175236e+02
179             	3.00175490e+02
180             	3.00175831e+02
181             	3.00176151e+02
182             	3.00176552e+02
183             	3.00177251e+02
184             	3.00177841e+02
185             	3.00178079e+02
186             	3.00178452e+02
187             	3.00179189e+02
188             	3.00179510e+02
189             	3.00179731e+02
190             	3.00179791e+02
191             	3.00180001e+02
192             	3.00180145e+02
193             	3.00180408e+02
194             	3.00180687e+02
195             	3.00181160e+02
196             	3.00181234e+02
197             	3.00181432e+02
198             	3.00181814e+02
199             	3.00182682e+02
200             	3.00182916e+02
201             	3.00183311e+02
202             	3.00183791e+02
203             	3.00184366e+02
204             	3.00184989e+02
205             	3.00185619e+02
206             	3.00186289e+02
207             	3.00186968e+02
208             	3.00187316e+02
209             	3.00187589e+02
210             	3.00187807e+02
211             	3.00188324e+02
212             	3.00188724e+02
213             	3.00189153e+02
214             	3.00189459e+02
215             	3.00189887e+02
216             	3.00190797e+02
217             	3.00190947e+02
218             	3.00191611e+02
219             	3.00191867e+02
220             	3.00192143e+02
221             	3.00192462e+02
222             	3.00192806e+02
223             	3.00193252e+02
224             	3.00193772e+02
225             	3.00194172e+02
226             	3.00194427e+02
227             	3.00194403e+02
228             	3.00194344e+02
229             	3.00195021e+02
230             	3.00195418e+02
231             	3.00195648e+02
232             	3.00195694e+02
233             	3.00195804e+02
234             	3.00196487e+02
235             	3.00197035e+02
236             	3.00196936e+02
237             	3.00197195e+02
238             	3.00197655e+02
239             	3.00198217e+02
240             	3.00198735e+02
241             	3.00198995e+02
242             	3.00199095e+02
243             	3.00199169e+02
244             	3.00199848e+02
245             	3.00200286e+02
246             	3.00200433e+02
247             	3.00200511e+02
248             	3.00200821e+02
249             	3.00201875e+02
250             	3.00201631e+02
251             	3.00201619e+02
252             	3.00201740e+02
253             	3.00201911e+02
254             	3.00202178e+02
255             	3.00202366e+02
256             	3.00202599e+02
257             	3.00202931e+02
258             	3.00203327e+02
259             	3.00203681e+02
260             	3.00204149e+02
261             	3.00204076e+02
262             	3.00204219e+02
263             	3.00204629e+02
264             	3.00204805e+02
265             	3.00204903e+02
266             	3.00204944e+02
267             	3.00204920e+02
268             	3.00204858e+02
269             	3.00205160e+02
270             	3.00205828e+02
271             	3.00205666e+02
272             	3.00205754e+02
273             	3.00205987e+02
274             	3.00206193e+02
275             	3.00206494e+02
276             	3.00206964e+02
277             	3.00207303e+02
278             	3.00207615e+02
279             	3.00207780e+02
280             	3.00207611e+02
281             	3.00208027e+02
282             	3.00208095e+02
283             	3.00208057e+02
284             	3.00208048e+02
285             	3.00208212e+02
286             	3.00208294e+02
287             	3.00208415e+02
288             	3.00208484e+02
289             	3.00208479e+02
290             	3.00208303e+02
291             	3.00208431e+02
292             	3.00208475e+02
293             	3.00208585e+02
294             	3.00208575e+02
295             	3.00208617e+02
296             	3.00208670e+02
297             	3.00208937e+02
298             	3.00209268e+02
299             	3.00209685e+02
300             	3.00210132e+02
301             	3.00210489e+02
302             	3.00210671e+02
303             	3.00210515e+02
304             	3.00210837e+02
305             	3.00210987e+02
306             	3.00211156e+02
307             	3.00211365e+02
308             	3.00211515e+02
309             	3.00211639e+02
310             	3.00211681e+02
311             	3.00211680e+02
312             	3.00211636e+02
313             	3.00211644e+02
314             	3.00211655e+02
315             	3.00211833e+02
316             	3.00212308e+02
317             	3.00212092e+02
318             	3.00211917e+02
319             	3.00211928e+02
320             	3.00212022e+02
321             	3.00212222e+02
322             	3.00212455e+02
323             	3.00212428e+02
324             	3.00212479e+02
325             	3.00212559e+02
326             	3.00212567e+02
327             	3.00212609e+02
328             	3.00212800e+02
329             	3.00212966e+02
330             	3.00212995e+02
331             	3.00212887e+02
332             	3.00212675e+02
333             	3.00212713e+02
334             	3.00212821e+02
335             	3.00212863e+02
336             	3.00213157e+02
337             	3.00213356e+02
338             	3.00213394e+02
339             	3.00213564e+02
340             	3.00213865e+02
341             	3.00214153e+02
342             	3.00214427e+02
343             	3.00214827e+02
344             	3.00214926e+02
345             	3.00214888e+02
346             	3.00215330e+02
347             	3.00215498e+02
348             	3.00215678e+02
349             	3.00215835e+02
350             	3.00216051e+02
351             	3.00216235e+02
352             	3.00216391e+02
353             	3.00216487e+02
354             	3.00216464e+02
355             	3.00216384e+02
356             	3.00216329e+02
357             	3.00216471e+02
358             	3.00216714e+02
359             	3.00216831e+02
360             	3.00216831e+02
361             	3.00216909e+02
362             	3.00216960e+02
363             	3.00217056e+02
364             	3.00217080e+02
365             	3.00217111e+02
366             	3.00217149e+02
367             	3.00217181e+02
368             	3.00217237e+02
369             	3.00217336e+02
370             	3.00217363e+02
371             	3.00217199e+02
372             	3.00217084e+02
373             	3.00217314e+02
374             	3.00217402e+02
375             	3.00217436e+02
376             	3.00217474e+02
377             	3.00217475e+02
378             	3.00217358e+02
379             	3.00217280e+02
380             	3.00217390e+02
381             	3.00217613e+02
382             	3.00217469e+02
383             	3.00217527e+02
384             	3.00217598e+02
385             	3.00217849e+02
386             	3.00217976e+02
387             	3.00218039e+02
388             	3.00218130e+02
389             	3.00217931e+02
390             	3.00218243e+02
391             	3.00218379e+02
392             	3.00218404e+02
393             	3.00218295e+02
394             	3.00218278e+02
395             	3.00218209e+02
396             	3.00218216e+02
397             	3.00218393e+02
398             	3.00218320e+02
399             	3.00218439e+02
400             	3.00218309e+02
401             	3.00218288e+02
402             	3.00218324e+02
403             	3.00218433e+02
404             	3.00218339e+02
405             	3.00218085e+02
406             	3.00218367e+02
407             	3.00218494e+02
408             	3.00218526e+02
409             	3.00218564e+02
410             	3.00218538e+02
411             	3.00218530e+02
412             	3.00218513e+02
413             	3.00218446e+02
414             	3.00218325e+02
415             	3.00218250e+02
416             	3.00218303e+02
417             	3.00218401e+02
418             	3.00218499e+02
419             	3.00218290e+02
420             	3.00218253e+02
421             	3.00218319e+02
422             	3.00218434e+02
423             	3.00218425e+02
424             	3.00218255e+02
425             	3.00218327e+02
426             	3.00218624e+02
427             	3.00218765e+02
428             	3.00218813e+02
429             	3.00218835e+02
430             	3.00218764e+02
431             	3.00218902e+02
432             	3.00218880e+02
433             	3.00218898e+02
434             	3.00218720e+02
435             	3.00218712e+02
436             	3.00218732e+02
437             	3.00218725e+02
438             	3.00218773e+02
439             	3.00218827e+02
440             	3.00218869e+02
441             	3.00218819e+02
442             	3.00218796e+02
443             	3.00218739e+02
444             	3.00218460e+02
445             	3.00218654e+02
446             	3.00218715e+02
447             	3.00218717e+02
448             	3.00218633e+02
449             	3.00218586e+02
450             	3.00218563e+02
451             	3.00218488e+02
452             	3.00218497e+02
453             	3.00218347e+02
454             	3.00218420e+02
455             	3.00218303e+02
456             	3.00218251e+02
457             	3.00218259e+02
458             	3.00218306e+02
459             	3.00218384e+02
460             	3.00218499e+02
461             	3.00218619e+02
462             	3.00218686e+02
463             	3.00218831e+02
464             	3.00218912e+02
465             	3.00219000e+02
466             	3.00219041e+02
467             	3.00219102e+02
468             	3.00219162e+02
469             	3.00219167e+02
470             	3.00219198e+02
471             	3.00219182e+02
472             	3.00219098e+02
473             	3.00219030e+02
474             	3.00219203e+02
475             	3.00219323e+02
476             	3.00219367e+02
477             	3.00219315e+02
478             	3.00219210e+02
479             	3.00219117e+02
480             	3.00218960e+02
481             	3.00218937e+02
482             	3.00218908e+02
483             	3.00218871e+02
484             	3.00219094e+02
485             	3.00219056e+02
486             	3.00219139e+02
487             	3.00219185e+02
488             	3.00219095e+02
489             	3.00219064e+02
490             	3.00219042e+02
491             	3.00219041e+02
492             	3.00219101e+02
493             	3.00219304e+02
494             	3.00219512e+02
495             	3.00219532e+02
496             	3.00219516e+02
497             	3.00219468e+02
498             	3.00219424e+02
499             	3.00219387e+02
500             	3.00219333e+02
501             	3.00219258e+02
502             	3.00219164e+02
503             	3.00219147e+02
504             	3.00219128e+02
505             	3.00219330e+02
506             	3.00219218e+02
507             	3.00219171e+02
508             	3.00219155e+02
509             	3.00219141e+02
510             	3.00219141e+02
511             	3.00219089e+02
512             	3.00219102e+02
513             	3.00219038e+02
514             	3.00219027e+02
515             	3.00219029e+02
516             	3.00219021e+02
517             	3.00219038e+02
518             	3.00219059e+02
519             	3.00219077e+02
520             	3.00219073e+02
521             	3.00218990e+02
522             	3.00218925e+02
523             	3.00218988e+02
524             	3.00218952e+02
525             	3.00218896e+02
526             	3.00218858e+02
527             	3.00218834e+02
528             	3.00218783e+02
529             	3.00218683e+02
530             	3.00218605e+02
531             	3.00218499e+02
532             	3.00218478e+02
533             	3.00218427e+02
534             	3.00218528e+02
535             	3.00218461e+02
536             	3.00218468e+02
537             	3.00218392e+02
538             	3.00218316e+02
539             	3.00218285e+02
540             	3.00218266e+02
541             	3.00218257e+02
542             	3.00218247e+02
543             	3.00218253e+02
544             	3.00218261e+02
545             	3.00218255e+02
546             	3.00218263e+02
547             	3.00218263e+02
548             	3.00218235e+02
549             	3.00218137e+02
550             	3.00218259e+02
551             	3.00218264e+02
552             	3.00218240e+02
553             	3.00218260e+02
554             	3.00218250e+02
555             	3.00218233e+02
556             	3.00218169e+02
557             	3.00218115e+02
558             	3.00218147e+02
559             	3.00218154e+02
560             	3.00218141e+02
561             	3.00218126e+02
562             	3.00218133e+02
563             	3.00218011e+02
564             	3.00217943e+02
565             	3.00217881e+02
566             	3.00217831e+02
567             	3.00217824e+02
568             	3.00217835e+02
569             	3.00217824e+02
570             	3.00217762e+02
571             	3.00217844e+02
572             	3.00217827e+02
573             	3.00217709e+02
574             	3.00217658e+02
575             	3.00217591e+02
576             	3.00217527e+02
577             	3.00217468e+02
578             	3.00217436e+02
579             	3.00217376e+02
580             	3.00217358e+02
581             	3.00217359e+02
582             	3.00217382e+02
583             	3.00217478e+02
584             	3.00217414e+02
585             	3.00217408e+02
586             	3.00217396e+02
587             	3.00217438e+02
588             	3.00217497e+02
589             	3.00217541e+02
590             	3.00217504e+02
591             	3.00217536e+02
592             	3.00217527e+02
593             	3.00217525e+02
594             	3.00217541e+02
595             	3.00217588e+02
596             	3.00217620e+02
597             	3.00217627e+02
598             	3.00217617e+02
599             	3.00217607e+02
600             	3.00217593e+02
601             	3.00217567e+02
602             	3.00217546e+02
603             	3.00217556e+02
604             	3.00217567e+02
605             	3.00217603e+02
606             	3.00217531e+02
607             	3.00217499e+02
608             	3.00217509e+02
609             	3.00217505e+02
610             	3.00217467e+02
611             	3.00217414e+02
612             	3.00217358e+02
613             	3.00217249e+02
614             	3.00217284e+02
615             	3.00217249e+02
616             	3.00217242e+02
617             	3.00217210e+02
618             	3.00217190e+02
619             	3.00217185e+02
620             	3.00217182e+02
621             	3.00217162e+02
622             	3.00217175e+02
623             	3.00217076e+02
624             	3.00217072e+02
625             	3.00217039e+02
626             	3.00217036e+02
627             	3.00217044e+02
628             	3.00217086e+02
629             	3.00217127e+02
630             	3.00217172e+02
631             	3.00217218e+02
632             	3.00217240e+02
633             	3.00217167e+02
634             	3.00217141e+02
635             	3.00217195e+02
636             	3.00217209e+02
637             	3.00217159e+02
638             	3.00217118e+02
639             	3.00217090e+02
640             	3.00217101e+02
641             	3.00217120e+02
642             	3.00217109e+02
643             	3.00217084e+02
644             	3.00217049e+02
645             	3.00217086e+02
646             	3.00216974e+02
647             	3.00216891e+02
648             	3.00216824e+02
649             	3.00216769e+02
650             	3.00216743e+02
651             	3.00216735e+02
652             	3.00216641e+02
653             	3.00216696e+02
654             	3.00216715e+02
655             	3.00216714e+02
656             	3.00216696e+02
657             	3.00216650e+02
658             	3.00216594e+02
659             	3.00216558e+02
660             	3.00216546e+02
661             	3.00216543e+02
662             	3.00216532e+02
663             	3.00216517e+02
664             	3.00216487e+02
665             	3.00216485e+02
666             	3.00216518e+02
667             	3.00216544e+02
668             	3.00216551e+02
669             	3.00216577e+02
670             	3.00216603e+02
671             	3.00216630e+02
672             	3.00216654e+02
673             	3.00216675e+02
674             	3.00216684e+02
675             	3.00216685e+02
676             	3.00216708e+02
677             	3.00216716e+02
678             	3.00216717e+02
679             	3.00216713e+02
680             	3.00216706e+02
681             	3.00216702e+02
682             	3.00216634e+02
683             	3.00216658e+02
684             	3.00216683e+02
685             	3.00216680e+02
686             	3.00216662e+02
687             	3.00216641e+02
688             	3.00216612e+02
689             	3.00216594e+02
690             	3.00216590e+02
691             	3.00216569e+02
692             	3.00216554e+02
693             	3.00216508e+02
694             	3.00216462e+02
695             	3.00216419e+02
696             	3.00216450e+02
697             	3.00216376e+02
698             	3.00216345e+02
699             	3.00216335e+02
700             	3.00216315e+02
701             	3.00216322e+02
702             	3.00216337e+02
703             	3.00216350e+02
704             	3.00216364e+02
705             	3.00216387e+02
706             	3.00216390e+02
707             	3.00216350e+02
708             	3.00216409e+02
709             	3.00216445e+02
710             	3.00216453e+02
711             	3.00216458e+02
712             	3.00216464e+02
713             	3.00216481e+02
714             	3.00216505e+02
715             	3.00216509e+02
716             	3.00216515e+02
717             	3.00216522e+02
718             	3.00216535e+02
719             	3.00216541e+02
720             	3.00216539e+02
721             	3.00216569e+02
722             	3.00216566e+02
723             	3.00216554e+02
724             	3.00216543e+02
725             	3.00216522e+02
726             	3.00216515e+02
727             	3.00216461e+02
728             	3.00216407e+02
729             	3.00216355e+02
730             	3.00216307e+02
731             	3.00216279e+02
732             	3.00216254e+02
733             	3.00216232e+02
734             	3.00216206e+02
735             	3.00216191e+02
736             	3.00216198e+02
737             	3.00216186e+02
738             	3.00216188e+02
739             	3.00216193e+02
740             	3.00216177e+02
741             	3.00216182e+02
742             	3.00216196e+02
743             	3.00216211e+02
744             	3.00216233e+02
745             	3.00216259e+02
746             	3.00216243e+02
747             	3.00216168e+02
748             	3.00216225e+02
749             	3.00216260e+02
750             	3.00216265e+02
751             	3.00216248e+02
752             	3.00216262e+02
753             	3.00216248e+02
754             	3.00216271e+02
755             	3.00216296e+02
756             	3.00216314e+02
757             	3.00216318e+02
758             	3.00216300e+02
759             	3.00216292e+02
760             	3.00216312e+02
761             	3.00216295e+02
762             	3.00216274e+02
763             	3.00216246e+02
764             	3.00216244e+02
765             	3.00216235e+02
766             	3.00216218e+02
767             	3.00216195e+02
768             	3.00216188e+02
769             	3.00216185e+02
770             	3.00216181e+02
771             	3.00216074e+02
772             	3.00216120e+02
773             	3.00216151e+02
774             	3.00216172e+02
775             	3.00216172e+02
776             	3.00216172e+02
777             	3.00216186e+02
778             	3.00216192e+02
779             	3.00216184e+02
780             	3.00216176e+02
781             	3.00216180e+02
782             	3.00216208e+02
783             	3.00216201e+02
784             	3.00216208e+02
785             	3.00216233e+02
786             	3.00216244e+02
787             	3.00216265e+02
788             	3.00216280e+02
789             	3.00216298e+02
790             	3.00216312e+02
791             	3.00216346e+02
792             	3.00216369e+02
793             	3.00216377e+02
794             	3.00216381e+02
795             	3.00216376e+02
796             	3.00216366e+02
797             	3.00216353e+02
798             	3.00216354e+02
799             	3.00216296e+02
800             	3.00216311e+02
801             	3.00216314e+02
802             	3.00216310e+02
803             	3.00216295e+02
804             	3.00216268e+02
805             	3.00216232e+02
806             	3.00216201e+02
807             	3.00216219e+02
808             	3.00216241e+02
809             	3.00216180e+02
810             	3.00216143e+02
811             	3.00216118e+02
812             	3.00216107e+02
813             	3.00216121e+02
814             	3.00216135e+02
815             	3.00216080e+02
816             	3.00216136e+02
817             	3.00216171e+02
818             	3.00216201e+02
819             	3.00216200e+02
820             	3.00216219e+02
821             	3.00216240e+02
822             	3.00216261e+02
823             	3.00216276e+02
824             	3.00216292e+02
825             	3.00216302e+02
826             	3.00216289e+02
827             	3.00216306e+02
828             	3.00216311e+02
829             	3.00216317e+02
830             	3.00216333e+02
831             	3.00216348e+02
832             	3.00216360e+02
833             	3.00216355e+02
834             	3.00216359e+02
835             	3.00216360e+02
836             	3.00216365e+02
837             	3.00216340e+02
838             	3.00216311e+02
839             	3.00216279e+02
840             	3.00216248e+02
841             	3.00216219e+02
842             	3.00216191e+02
843             	3.00216168e+02
844             	3.00216138e+02
845             	3.00216112e+02
846             	3.00216101e+02
847             	3.00216091e+02
848             	3.00216091e+02
849             	3.00216095e+02
850             	3.00216093e+02
851             	3.00216099e+02
852             	3.00216102e+02
853             	3.00216103e+02
854             	3.00216102e+02
855             	3.00216106e+02
856             	3.00216109e+02
857             	3.00216130e+02
858             	3.00216135e+02
859             	3.00216150e+02
860             	3.00216165e+02
861             	3.00216172e+02
862             	3.00216184e+02
863             	3.00216197e+02
864             	3.00216208e+02
865             	3.00216212e+02
866             	3.00216216e+02
867             	3.00216218e+02
868             	3.00216218e+02
869             	3.00216217e+02
870             	3.00216215e+02
871             	3.00216209e+02
872             	3.00216202e+02
873             	3.00216188e+02
874             	3.00216175e+02
875             	3.00216161e+02
876             	3.00216144e+02
877             	3.00216123e+02
878             	3.00216107e+02
879             	3.00216097e+02
880             	3.00216086e+02
881             	3.00216073e+02
882             	3.00216068e+02
883             	3.00216069e+02
884             	3.00216074e+02
885             	3.00216107e+02
886             	3.00216135e+02
887             	3.00216135e+02
888             	3.00216142e+02
889             	3.00216156e+02
890             	3.00216176e+02
891             	3.00216197e+02
892             	3.00216210e+02
893             	3.00216237e+02
894             	3.00216253e+02
895             	3.00216271e+02
896             	3.00216275e+02
897             	3.00216306e+02
898             	3.00216324e+02
899             	3.00216332e+02
900             	3.00216331e+02
901             	3.00216331e+02
902             	3.00216335e+02
903             	3.00216323e+02
904             	3.00216334e+02
905             	3.00216330e+02
906             	3.00216335e+02
907             	3.00216317e+02
908             	3.00216300e+02
909             	3.00216283e+02
910             	3.00216253e+02
911             	3.00216226e+02
912             	3.00216194e+02
913             	3.00216163e+02
914             	3.00216127e+02
915             	3.00216077e+02
916             	3.00216036e+02
917             	3.00216011e+02
918             	3.00215995e+02
919             	3.00215996e+02
920             	3.00215975e+02
921             	3.00215963e+02
922             	3.00215964e+02
923             	3.00215975e+02
924             	3.00216004e+02
925             	3.00216048e+02
926             	3.00216086e+02
927             	3.00216118e+02
928             	3.00216152e+02
929             	3.00216190e+02
930             	3.00216233e+02
931             	3.00216271e+02
932             	3.00216298e+02
933             	3.00216331e+02
934             	3.00216353e+02
935             	3.00216321e+02
936             	3.00216378e+02
937             	3.00216425e+02
938             	3.00216456e+02
939             	3.00216479e+02
940             	3.00216487e+02
941             	3.00216484e+02
942             	3.00216459e+02
943             	3.00216442e+02
944             	3.00216403e+02
945             	3.00216375e+02
946             	3.00216339e+02
947             	3.00216306e+02
948             	3.00216289e+02
949             	3.00216290e+02
950             	3.00216307e+02
951             	3.00216232e+02
952             	3.00216157e+02
953             	3.00216125e+02
954             	3.00216126e+02
955             	3.00216130e+02
956             	3.00216092e+02
957             	3.00216105e+02
958             	3.00216096e+02
959             	3.00216110e+02
960             	3.00216157e+02
961             	3.00216130e+02
962             	3.00216143e+02
963             	3.00216238e+02
964             	3.00216307e+02
965             	3.00216366e+02
966             	3.00216400e+02
967             	3.00216430e+02
968             	3.00216462e+02
969             	3.00216488e+02
970             	3.00216519e+02
971             	3.00216551e+02
972             	3.00216564e+02
973             	3.00216579e+02
974             	3.00216670e+02
975             	3.00216671e+02
976             	3.00216675e+02
977             	3.00216666e+02
978             	3.00216659e+02
979             	3.00216635e+02
980             	3.00216667e+02
981             	3.00216625e+02
982             	3.00216606e+02
983             	3.00216572e+02
984             	3.00216545e+02
985             	3.00216526e+02
986             	3.00216507e+02
987             	3.00216489e+02
988             	3.00216473e+02
989             	3.00216437e+02
990             	3.00216421e+02
991             	3.00216399e+02
992             	3.00216357e+02
993             	3.00216317e+02
994             	3.00216288e+02
995             	3.00216281e+02
996             	3.00216291e+02
997             	3.00216290e+02
998             	3.00216296e+02
999             	3.00216316e+02
1000            	3.00216346e+02
1001            	3.00216368e+02
1002            	3.00216408e+02
1003            	3.00216456e+02
1004            	3.00216508e+02
1005            	3.00216547e+02
1006            	3.00216597e+02
1007            	3.00216647e+02
1008            	3.00216636e+02
1009            	3.00216678e+02
1010            	3.00216702e+02
1011            	3.00216719e+02
1012            	3.00216714e+02
1013            	3.00216738e+02
1014            	3.00216739e+02
1015            	3.00216734e+02
1016            	3.00216755e+02
1017            	3.00216739e+02
1018            	3.00216717e+02
1019            	3.00216690e+02
1020            	3.00216674e+02
1021            	3.00216645e+02
1022            	3.00216613e+02
1023            	3.00216570e+02
1024            	3.00216539e+02
1025            	3.00216504e+02
1026            	3.00216584e+02
1027            	3.00216520e+02
1028            	3.00216490e+02
1029            	3.00216484e+02
1030            	3.00216490e+02
1031            	3.00216504e+02
1032            	3.00216525e+02
1033            	3.00216558e+02
1034            	3.00216603e+02
1035            	3.00216673e+02
1036            	3.00216732e+02
1037            	3.00216804e+02
1038            	3.00216844e+02
1039            	3.00216856e+02
1040            	3.00216829e+02
1041            	3.00216893e+02
1042            	3.00216925e+02
1043            	3.00216971e+02
1044            	3.00217018e+02
1045            	3.00217048e+02
1046            	3.00217057e+02
1047            	3.00217062e+02
1048            	3.00217074e+02
1049            	3.00217090e+02
1050            	3.00217136e+02
1051            	3.00217072e+02
1052            	3.00217067e+02
1053            	3.00217057e+02
1054            	3.00216997e+02
1055            	3.00216950e+02
1056            	3.00216903e+02
1057            	3.00216848e+02
1058            	3.00216790e+02
1059            	3.00216733e+02
1060            	3.00216669e+02
1061            	3.00216617e+02
1062            	3.00216566e+02
1063            	3.00216516e+02
1064            	3.00216496e+02
1065            	3.00216502e+02
1066            	3.00216513e+02
1067            	3.00216523e+02
1068            	3.00216560e+02
1069            	3.00216611e+02
1070            	3.00216533e+02
1071            	3.00216650e+02
1072            	3.00216720e+02
1073            	3.00216765e+02
1074            	3.00216802e+02
1075            	3.00216833e+02
1076            	3.00216865e+02
1077            	3.00216905e+02
1078            	3.00216945e+02
1079            	3.00216982e+02
1080            	3.00217015e+02
1081            	3.00217043e+02
1082            	3.00217060e+02
1083            	3.00217104e+02
1084            	3.00217103e+02
1085            	3.00217105e+02
1086            	3.00217109e+02
1087            	3.00217115e+02
1088            	3.00217114e+02
1089            	3.00217109e+02
1090            	3.00217071e+02
1091            	3.00217073e+02
1092            	3.00217039e+02
1093            	3.00216986e+02
1094            	3.00216932e+02
1095            	3.00216880e+02
1096            	3.00216838e+02
1097            	3.00216830e+02
1098            	3.00216818e+02
1099            	3.00216818e+02
1100            	3.00216821e+02
1101            	3.00216819e+02
1102            	3.00216823e+02
1103            	3.00216820e+02
1104            	3.00216813e+02
1105            	3.00216823e+02
1106            	3.00216851e+02
1107            	3.00216913e+02
1108            	3.00216981e+02
1109            	3.00217036e+02
1110            	3.00217096e+02
1111            	3.00217156e+02
1112            	3.00217216e+02
1113            	3.00217217e+02
1114            	3.00217214e+02
1115            	3.00217274e+02
1116            	3.00217297e+02
1117            	3.00217300e+02
1118            	3.00217303e+02
1119            	3.00217309e+02
1120            	3.00217306e+02
1121            	3.00217294e+02
1122            	3.00217295e+02
1123            	3.00217246e+02
1124            	3.00217239e+02
1125            	3.00217221e+02
1126            	3.00217235e+02
1127            	3.00217360e+02
1128            	3.00217245e+02
1129            	3.00217181e+02
1130            	3.00217127e+02
1131            	3.00217069e+02
1132            	3.00217078e+02
1133            	3.00217028e+02
1134            	3.00217081e+02
1135            	3.00217077e+02
1136            	3.00217063e+02
1137            	3.00217051e+02
1138            	3.00217164e+02
1139            	3.00217202e+02
1140            	3.00217185e+02
1141            	3.00217137e+02
1142            	3.00217110e+02
1143            	3.00217147e+02
1144            	3.00217169e+02
1145            	3.00217231e+02
1146            	3.00217228e+02
1147            	3.00217447e+02
1148            	3.00217445e+02
1149            	3.00217513e+02
1150            	3.00217638e+02
1151            	3.00217780e+02
1152            	3.00217894e+02
1153            	3.00218002e+02
1154            	3.00217980e+02
1155            	3.00218063e+02
1156            	3.00218100e+02
1157            	3.00217894e+02
1158            	3.00217987e+02
1159            	3.00218016e+02
1160            	3.00218013e+02
1161            	3.00218010e+02
1162            	3.00217960e+02
1163            	3.00217912e+02
1164            	3.00217850e+02
1165            	3.00217773e+02
1166            	3.00217673e+02
1167            	3.00217573e+02
1168            	3.00217643e+02
1169            	3.00217506e+02
1170            	3.00217435e+02
1171            	3.00217401e+02
1172            	3.00217411e+02
1173            	3.00217323e+02
1174            	3.00217308e+02
1175            	3.00217269e+02
1176            	3.00217253e+02
1177            	3.00217258e+02
1178            	3.00217278e+02
1179            	3.00217333e+02
1180            	3.00217430e+02
1181            	3.00217541e+02
1182            	3.00217587e+02
1183            	3.00217608e+02
1184            	3.00217542e+02
1185            	3.00217692e+02
1186            	3.00217745e+02
1187            	3.00217750e+02
1188            	3.00217769e+02
1189            	3.00217774e+02
1190            	3.00217811e+02
1191            	3.00217843e+02
1192            	3.00217923e+02
1193            	3.00218066e+02
1194            	3.00217952e+02
1195            	3.00217948e+02
1196            	3.00217966e+02
1197            	3.00217982e+02
1198            	3.00217974e+02
1199            	3.00217940e+02
1200            	3.00217907e+02
1201            	3.00217875e+02
1202            	3.00217840e+02
1203            	3.00217796e+02
1204            	3.00217744e+02
1205            	3.00217690e+02
1206            	3.00217613e+02
1207            	3.00217404e+02
1208            	3.00217444e+02
1209            	3.00217519e+02
1210            	3.00217509e+02
1211            	3.00217448e+02
1212            	3.00217383e+02
1213            	3.00217352e+02
1214            	3.00217314e+02
1215            	3.00217268e+02
1216            	3.00217336e+02
1217            	3.00217468e+02
1218            	3.00217431e+02
1219            	3.00217498e+02
1220            	3.00217523e+02
1221            	3.00217553e+02
1222            	3.00217614e+02
1223            	3.00217678e+02
1224            	3.00217741e+02
1225            	3.00217802e+02
1226            	3.00217884e+02
1227            	3.00217950e+02
1228            	3.00217911e+02
1229            	3.00217918e+02
1230            	3.00217828e+02
1231            	3.00217937e+02
1232            	3.00217961e+02
1233            	3.00217937e+02
1234            	3.00217891e+02
1235            	3.00217845e+02
1236            	3.00217825e+02
1237            	3.00217901e+02
1238            	3.00217865e+02
1239            	3.00217934e+02
1240            	3.00217763e+02
1241            	3.00217678e+02
1242            	3.00217636e+02
1243            	3.00217653e+02
1244            	3.00217705e+02
1245            	3.00217447e+02
1246            	3.00217599e+02
1247            	3.00217629e+02
1248            	3.00217578e+02
1249            	3.00217491e+02
1250            	3.00217435e+02
1251            	3.00217367e+02
1252            	3.00217309e+02
1253            	3.00217282e+02
1254            	3.00217273e+02
1255            	3.00217290e+02
1256            	3.00217300e+02
1257            	3.00217306e+02
1258            	3.00217301e+02
1259            	3.00217357e+02
1260            	3.00217352e+02
1261            	3.00217466e+02
1262            	3.00217425e+02
1263            	3.00217434e+02
1264            	3.00217476e+02
1265            	3.00217568e+02
1266            	3.00217662e+02
1267            	3.00217737e+02
1268            	3.00217804e+02
1269            	3.00217856e+02
1270            	3.00217853e+02
1271            	3.00217805e+02
1272            	3.00217751e+02
1273            	3.00217803e+02
1274            	3.00217814e+02
1275            	3.00217787e+02
1276            	3.00217721e+02
1277            	3.00217686e+02
1278            	3.00217749e+02
1279            	3.00217800e+02
1280            	3.00217677e+02
1281            	3.00217609e+02
1282            	3.00217594e+02
1283            	3.00217568e+02
1284            	3.00217535e+02
1285            	3.00217522e+02
1286            	3.00217529e+02
1287            	3.00217525e+02
1288            	3.00217503e+02
1289            	3.00217480e+02
1290            	3.00217343e+02
1291            	3.00217217e+02
1292            	3.00217306e+02
1293            	3.00217308e+02
1294            	3.00217277e+02
1295            	3.00217308e+02
1296            	3.00217249e+02
1297            	3.00217293e+02
1298            	3.00217422e+02
1299            	3.00217272e+02
1300            	3.00217231e+02
1301            	3.00217251e+02
1302            	3.00217308e+02
1303            	3.00217397e+02
1304            	3.00217482e+02
1305            	3.00217437e+02
1306            	3.00217396e+02
1307            	3.00217504e+02
1308            	3.00217561e+02
1309            	3.00217536e+02
1310            	3.00217491e+02
1311            	3.00217421e+02
1312            	3.00217366e+02
1313            	3.00217411e+02
1314            	3.00217592e+02
1315            	3.00217479e+02
1316            	3.00217464e+02
1317            	3.00217483e+02
1318            	3.00217475e+02
1319            	3.00217462e+02
1320            	3.00217454e+02
1321            	3.00217417e+02
1322            	3.00217429e+02
1323            	3.00217422e+02
1324            	3.00217400e+02
1325            	3.00217421e+02
1326            	3.00217432e+02
1327            	3.00217352e+02
1328            	3.00217384e+02
1329            	3.00217113e+02
1330            	3.00217208e+02
1331            	3.00217266e+02
1332            	3.00217271e+02
1333            	3.00217246e+02
1334            	3.00217451e+02
1335            	3.00217282e+02
1336            	3.00217189e+02
1337            	3.00217150e+02
1338            	3.00217144e+02
1339            	3.00217153e+02
1340            	3.00217195e+02
1341            	3.00217246e+02
1342            	3.00217292e+02
1343            	3.00217335e+02
1344            	3.00217383e+02
1345            	3.00217379e+02
1346            	3.00217359e+02
1347            	3.00217315e+02
1348            	3.00217381e+02
1349            	3.00217396e+02
1350            	3.00217395e+02
1351            	3.00217396e+02
1352            	3.00217325e+02
1353            	3.00217265e+02
1354            	3.00217239e+02
1355            	3.00217240e+02
1356            	3.00217344e+02
1357            	3.00217343e+02
1358            	3.00217277e+02
1359            	3.00217263e+02
1360            	3.00217223e+02
1361            	3.00217257e+02
1362            	3.00217226e+02
1363            	3.00217063e+02
1364            	3.00217169e+02
1365            	3.00217154e+02
1366            	3.00217133e+02
1367            	3.00217125e+02
1368            	3.00217096e+02
1369            	3.00217071e+02
1370            	3.00217060e+02
1371            	3.00217063e+02
1372            	3.00217080e+02
1373            	3.00217080e+02
1374            	3.00217061e+02
1375            	3.00217060e+02
1376            	3.00217069e+02
1377            	3.00217079e+02
1378            	3.00217108e+02
1379            	3.00217125e+02
1380            	3.00217166e+02
1381            	3.00217206e+02
1382            	3.00217243e+02
1383            	3.00217254e+02
1384            	3.00217269e+02
1385            	3.00217280e+02
1386            	3.00217300e+02
1387            	3.00217335e+02
1388            	3.00217311e+02
1389            	3.00217307e+02
1390            	3.00217293e+02
1391            	3.00217281e+02
1392            	3.00217268e+02
1393            	3.00217267e+02
1394            	3.00217270e+02
1395            	3.00217274e+02
1396            	3.00217260e+02
1397            	3.00217242e+02
1398            	3.00217214e+02
1399            	3.00217183e+02
1400            	3.00217140e+02
1401            	3.00217095e+02
1402            	3.00217052e+02
1403            	3.00217019e+02
1404            	3.00216982e+02
1405            	3.00216961e+02
1406            	3.00216950e+02
1407            	3.00216949e+02
1408            	3.00216952e+02
1409            	3.00216951e+02
1410            	3.00216958e+02
1411            	3.00216968e+02
1412            	3.00216963e+02
1413            	3.00216973e+02
1414            	3.00216972e+02
1415            	3.00216976e+02
1416            	3.00216983e+02
1417            	3.00216988e+02
1418            	3.00216988e+02
1419            	3.00216988e+02
1420            	3.00216924e+02
1421            	3.00216981e+02
1422            	3.00217024e+02
1423            	3.00217038e+02
1424            	3.00217037e+02
1425            	3.00217028e+02
1426            	3.00217009e+02
1427            	3.00216995e+02
1428            	3.00217060e+02
1429            	3.00217078e+02
1430            	3.00217015e+02
1431            	3.00216981e+02
1432            	3.00216959e+02
1433            	3.00216943e+02
1434            	3.00216937e+02
1435            	3.00216919e+02
1436            	3.00216881e+02
1437            	3.00216879e+02
1438            	3.00216932e+02
1439            	3.00216953e+02
1440            	3.00216981e+02
1441            	3.00216956e+02
1442            	3.00217001e+02
1443            	3.00217026e+02
1444            	3.00217045e+02
1445            	3.00217050e+02
1446            	3.00217050e+02
1447            	3.00217044e+02
1448            	3.00217038e+02
1449            	3.00217023e+02
1450            	3.00217009e+02
1451            	3.00217014e+02
1452            	3.00217021e+02
1453            	3.00217042e+02
1454            	3.00217029e+02
1455            	3.00217025e+02
1456            	3.00217026e+02
1457            	3.00217026e+02
1458            	3.00217025e+02
1459            	3.00217032e+02
1460            	3.00217003e+02
1461            	3.00216966e+02
1462            	3.00216945e+02
1463            	3.00216905e+02
1464            	3.00216864e+02
1465            	3.00216818e+02
1466            	3.00216772e+02
1467            	3.00216733e+02
1468            	3.00216697e+02
1469            	3.00216669e+02
1470            	3.00216642e+02
1471            	3.00216620e+02
1472            	3.00216613e+02
1473            	3.00216592e+02
1474            	3.00216578e+02
1475            	3.00216575e+02
1476            	3.00216579e+02
1477            	3.00216580e+02
1478            	3.00216588e+02
1479            	3.00216594e+02
1480            	3.00216603e+02
1481            	3.00216616e+02
1482            	3.00216634e+02
1483            	3.00216660e+02
1484            	3.00216689e+02
1485            	3.00216690e+02
1486            	3.00216713e+02
1487            	3.00216684e+02
1488            	3.00216664e+02
1489            	3.00216701e+02
1490            	3.00216716e+02
1491            	3.00216720e+02
1492            	3.00216708e+02
1493            	3.00216693e+02
1494            	3.00216658e+02
1495            	3.00216704e+02
1496            	3.00216669e+02
1497            	3.00216647e+02
1498            	3.00216635e+02
1499            	3.00216672e+02
1500            	3.00216586e+02
1501            	3.00216544e+02
1502            	3.00216509e+02
1503            	3.00216472e+02
1504            	3.00216418e+02
1505            	3.00216419e+02
1506            	3.00216466e+02
1507            	3.00216510e+02
1508            	3.00216491e+02
1509            	3.00216460e+02
1510            	3.00216461e+02
1511            	3.00216506e+02
1512            	3.00216500e+02
1513            	3.00216514e+02
1514            	3.00216517e+02
1515            	3.00216503e+02
1516            	3.00216517e+02
1517            	3.00216528e+02
1518            	3.00216543e+02
1519            	3.00216569e+02
1520            	3.00216571e+02
1521            	3.00216581e+02
1522            	3.00216630e+02
1523            	3.00216630e+02
1524            	3.00216706e+02
1525            	3.00216748e+02
1526            	3.00216731e+02
1527            	3.00216766e+02
1528            	3.00216800e+02
1529            	3.00216825e+02
1530            	3.00216829e+02
1531            	3.00216856e+02
1532            	3.00216886e+02
1533            	3.00216876e+02
1534            	3.00216895e+02
1535            	3.00216782e+02
1536            	3.00216798e+02
1537            	3.00216804e+02
1538            	3.00216786e+02
1539            	3.00216758e+02
1540            	3.00216721e+02
1541            	3.00216692e+02
1542            	3.00216669e+02
1543            	3.00216653e+02
1544            	3.00216637e+02
1545            	3.00216588e+02
1546            	3.00216560e+02
1547            	3.00216538e+02
1548            	3.00216516e+02
1549            	3.00216497e+02
1550            	3.00216486e+02
1551            	3.00216499e+02
1552            	3.00216569e+02
1553            	3.00216550e+02
1554            	3.00216559e+02
1555            	3.00216594e+02
1556            	3.00216635e+02
1557            	3.00216670e+02
1558            	3.00216695e+02
1559            	3.00216709e+02
1560            	3.00216737e+02
1561            	3.00216769e+02
1562            	3.00216800e+02
1563            	3.00216830e+02
1564            	3.00216846e+02
1565            	3.00216872e+02
1566            	3.00216958e+02
1567            	3.00217005e+02
1568            	3.00217029e+02
1569            	3.00217024e+02
1570            	3.00217001e+02
1571            	3.00216945e+02
1572            	3.00216900e+02
1573            	3.00216845e+02
1574            	3.00216798e+02
1575            	3.00216764e+02
1576            	3.00216753e+02
1577            	3.00216778e+02
1578            	3.00216742e+02
1579            	3.00216697e+02
1580            	3.00216646e+02
1581            	3.00216609e+02
1582            	3.00216574e+02
1583            	3.00216541e+02
1584            	3.00216504e+02
1585            	3.00216480e+02
1586            	3.00216474e+02
1587            	3.00216468e+02
1588            	3.00216484e+02
1589            	3.00216505e+02
1590            	3.00216527e+02
1591            	3.00216487e+02
1592            	3.00216489e+02
1593            	3.00216539e+02
1594            	3.00216565e+02
1595            	3.00216579e+02
1596            	3.00216600e+02
1597            	3.00216626e+02
1598            	3.00216650e+02
1599            	3.00216670e+02
1600            	3.00216689e+02
1601            	3.00216700e+02
1602            	3.00216709e+02
1603            	3.00216712e+02
1604            	3.00216727e+02
1605            	3.00216776e+02
1606            	3.00216747e+02
1607            	3.00216750e+02
1608            	3.00216723e+02
1609            	3.00216697e+02
1610            	3.00216675e+02
1611            	3.00216651e+02
1612            	3.00216626e+02
1613            	3.00216597e+02
1614            	3.00216568e+02
1615            	3.00216540e+02
1616            	3.00216508e+02
1617            	3.00216473e+02
1618            	3.00216436e+02
1619            	3.00216412e+02
1620            	3.00216385e+02
1621            	3.00216354e+02
1622            	3.00216372e+02
1623            	3.00216374e+02
1624            	3.00216382e+02
1625            	3.00216397e+02
1626            	3.00216419e+02
1627            	3.00216440e+02
1628            	3.00216450e+02
1629            	3.00216389e+02
1630            	3.00216421e+02
1631            	3.00216433e+02
1632            	3.00216438e+02
1633            	3.00216437e+02
1634            	3.00216437e+02
1635            	3.00216434e+02
1636            	3.00216435e+02
1637            	3.00216439e+02
1638            	3.00216450e+02
1639            	3.00216470e+02
1640            	3.00216512e+02
1641            	3.00216565e+02
1642            	3.00216547e+02
1643            	3.00216545e+02
1644            	3.00216549e+02
1645            	3.00216550e+02
1646            	3.00216553e+02
1647            	3.00216539e+02
1648            	3.00216449e+02
1649            	3.00216511e+02
1650            	3.00216546e+02
1651            	3.00216556e+02
1652            	3.00216552e+02
1653            	3.00216529e+02
1654            	3.00216485e+02
1655            	3.00216455e+02
1656            	3.00216422e+02
1657            	3.00216392e+02
1658            	3.00216447e+02
1659            	3.00216470e+02
1660            	3.00216429e+02
1661            	3.00216434e+02
1662            	3.00216443e+02
1663            	3.00216467e+02
1664            	3.00216497e+02
1665            	3.00216513e+02
1666            	3.00216534e+02
1667            	3.00216546e+02
1668            	3.00216542e+02
1669            	3.00216520e+02
1670            	3.00216461e+02
1671            	3.00216524e+02
1672            	3.00216534e+02
1673            	3.00216531e+02
1674            	3.00216532e+02
1675            	3.00216525e+02
1676            	3.00216516e+02
1677            	3.00216561e+02
1678            	3.00216674e+02
1679            	3.00216576e+02
1680            	3.00216537e+02
1681            	3.00216529e+02
1682            	3.00216536e+02
1683            	3.00216563e+02
1684            	3.00216578e+02
1685            	3.00216530e+02
1686            	3.00216426e+02
1687            	3.00216467e+02
1688            	3.00216467e+02
1689            	3.00216421e+02
1690            	3.00216381e+02
1691            	3.00216342e+02
1692            	3.00216309e+02
1693            	3.00216258e+02
1694            	3.00216220e+02
1695            	3.00216250e+02
1696            	3.00216210e+02
1697            	3.00216202e+02
1698            	3.00216192e+02
1699            	3.00216286e+02
1700            	3.00216253e+02
1701            	3.00216242e+02
1702            	3.00216247e+02
1703            	3.00216265e+02
1704            	3.00216286e+02
1705            	3.00216312e+02
1706            	3.00216222e+02
1707            	3.00216258e+02
1708            	3.00216343e+02
1709            	3.00216390e+02
1710            	3.00216392e+02
1711            	3.00216397e+02
1712            	3.00216388e+02
1713            	3.00216372e+02
1714            	3.00216369e+02
1715            	3.00216381e+02
1716            	3.00216425e+02
1717            	3.00216389e+02
1718            	3.00216396e+02
1719            	3.00216380e+02
1720            	3.00216330e+02
1721            	3.00216295e+02
1722            	3.00216268e+02
1723            	3.00216252e+02
1724            	3.00216238e+02
1725            	3.00216225e+02
1726            	3.00216221e+02
1727            	3.00216215e+02
1728            	3.00216183e+02
1729            	3.00216156e+02
1730            	3.00216160e+02
1731            	3.00216153e+02
1732            	3.00216061e+02
1733            	3.00216103e+02
1734            	3.00216123e+02
1735            	3.00216133e+02
1736            	3.00216127e+02
1737            	3.00216128e+02
1738            	3.00216109e+02
1739            	3.00216105e+02
1740            	3.00216111e+02
1741            	3.00216116e+02
1742            	3.00216109e+02
1743            	3.00216114e+02
1744            	3.00216193e+02
1745            	3.00216185e+02
1746            	3.00216209e+02
1747            	3.00216219e+02
1748            	3.00216228e+02
1749            	3.00216242e+02
1750            	3.00216255e+02
1751            	3.00216269e+02
1752            	3.00216299e+02
1753            	3.00216301e+02
1754            	3.00216302e+02
1755            	3.00216309e+02
1756            	3.00216299e+02
1757            	3.00216295e+02
1758            	3.00216298e+02
1759            	3.00216253e+02
1760            	3.00216204e+02
1761            	3.00216224e+02
1762            	3.00216226e+02
1763            	3.00216216e+02
1764            	3.00216202e+02
1765            	3.00216185e+02
1766            	3.00216159e+02
1767            	3.00216204e+02
1768            	3.00216127e+02
1769            	3.00216076e+02
1770            	3.00216026e+02
1771            	3.00215995e+02
1772            	3.00215985e+02
1773            	3.00216012e+02
1774            	3.00216013e+02
1775            	3.00216029e+02
1776            	3.00216061e+02
1777            	3.00216093e+02
1778            	3.00216109e+02
1779            	3.00216111e+02
1780            	3.00216127e+02
1781            	3.00216087e+02
1782            	3.00216111e+02
1783            	3.00216130e+02
1784            	3.00216156e+02
1785            	3.00216181e+02
1786            	3.00216195e+02
1787            	3.00216208e+02
1788            	3.00216227e+02
1789            	3.00216247e+02
1790            	3.00216258e+02
1791            	3.00216265e+02
1792            	3.00216260e+02
1793            	3.00216246e+02
1794            	3.00216226e+02
1795            	3.00216222e+02
1796            	3.00216251e+02
1797            	3.00216206e+02
1798            	3.00216172e+02
1799            	3.00216149e+02
1800            	3.00216129e+02
1801            	3.00216113e+02
1802            	3.00216096e+02
1803            	3.00216078e+02
1804            	3.00216054e+02
1805            	3.00216002e+02
1806            	3.00215993e+02
1807            	3.00215995e+02
1808            	3.00215994e+02
1809            	3.00215993e+02
1810            	3.00215999e+02
1811            	3.00215995e+02
1812            	3.00215986e+02
1813            	3.00215997e+02
1814            	3.00216000e+02
1815            	3.00216006e+02
1816            	3.00216009e+02
1817            	3.00216013e+02
1818            	3.00216030e+02
1819            	3.00216047e+02
1820            	3.00216070e+02
1821            	3.00216089e+02
1822            	3.00216108e+02
1823            	3.00216131e+02
1824            	3.00216153e+02
1825            	3.00216171e+02
1826            	3.00216186e+02
1827            	3.00216200e+02
1828            	3.00216191e+02
1829            	3.00216181e+02
1830            	3.00216175e+02
1831            	3.00216164e+02
1832            	3.00216148e+02
1833            	3.00216145e+02
1834            	3.00216120e+02
1835            	3.00216098e+02
1836            	3.00216066e+02
1837            	3.00216032e+02
1838            	3.00215996e+02
1839            	3.00215978e+02
1840            	3.00215965e+02
1841            	3.00215952e+02
1842            	3.00215946e+02
1843            	3.00215946e+02
1844            	3.00215943e+02
1845            	3.00215930e+02
1846            	3.00215918e+02
1847            	3.00215911e+02
1848            	3.00215903e+02
1849            	3.00215897e+02
1850            	3.00215883e+02
1851            	3.00215880e+02
1852            	3.00215877e+02
1853            	3.00215883e+02
1854            	3.00215896e+02
1855            	3.00215918e+02
1856            	3.00215949e+02
1857            	3.00215967e+02
1858            	3.00215994e+02
1859            	3.00216022e+02
1860            	3.00216043e+02
1861            	3.00216063e+02
1862            	3.00216084e+02
1863            	3.00216087e+02
1864            	3.00216099e+02
1865            	3.00216105e+02
1866            	3.00216105e+02
1867            	3.00216106e+02
1868            	3.00216103e+02
1869            	3.00216075e+02
1870            	3.00216079e+02
1871            	3.00216079e+02
1872            	3.00216076e+02
1873            	3.00216062e+02
1874            	3.00216042e+02
1875            	3.00216019e+02
1876            	3.00215997e+02
1877            	3.00215986e+02
1878            	3.00215996e+02
1879            	3.00215946e+02
1880            	3.00215915e+02
1881            	3.00215901e+02
1882            	3.00215894e+02
1883            	3.00215894e+02
1884            	3.00215905e+02
1885            	3.00215923e+02
1886            	3.00215948e+02
1887            	3.00215972e+02
1888            	3.00215991e+02
1889            	3.00216013e+02
1890            	3.00216038e+02
1891            	3.00216050e+02
1892            	3.00216073e+02
1893            	3.00216101e+02
1894            	3.00216116e+02
1895            	3.00216145e+02
1896            	3.00216169e+02
1897            	3.00216200e+02
1898            	3.00216225e+02
1899            	3.00216244e+02
1900            	3.00216264e+02
1901            	3.00216274e+02
1902            	3.00216279e+02
1903            	3.00216277e+02
1904            	3.00216277e+02
1905            	3.00216262e+02
1906            	3.00216244e+02
1907            	3.00216229e+02
1908            	3.00216221e+02
1909            	3.00216207e+02
1910            	3.00216188e+02
1911            	3.00216161e+02
1912            	3.00216131e+02
1913            	3.00216094e+02
1914            	3.00216049e+02
1915            	3.00216004e+02
1916            	3.00215999e+02
1917            	3.00215962e+02
1918            	3.00215941e+02
1919            	3.00215946e+02
1920            	3.00215935e+02
1921            	3.00215933e+02
1922            	3.00215949e+02
1923            	3.00215975e+02
1924            	3.00216008e+02
1925            	3.00216047e+02
1926            	3.00216085e+02
1927            	3.00216128e+02
1928            	3.00216157e+02
1929            	3.00216167e+02
1930            	3.00216213e+02
1931            	3.00216246e+02
1932            	3.00216283e+02
1933            	3.00216304e+02
1934            	3.00216345e+02
1935            	3.00216384e+02
1936            	3.00216423e+02
1937            	3.00216458e+02
1938            	3.00216485e+02
1939            	3.00216516e+02
1940            	3.00216519e+02
1941            	3.00216526e+02
1942            	3.00216544e+02
1943            	3.00216549e+02
1944            	3.00216534e+02
1945            	3.00216515e+02
1946            	3.00216484e+02
1947            	3.00216450e+02
1948            	3.00216424e+02
1949            	3.00216478e+02
1950            	3.00216396e+02
1951            	3.00216342e+02
1952            	3.00216295e+02
1953            	3.00216264e+02
1954            	3.00216247e+02
1955            	3.00216254e+02
1956            	3.00216260e+02
1957            	3.00216262e+02
1958            	3.00216274e+02
1959            	3.00216298e+02
1960            	3.00216326e+02
1961            	3.00216300e+02
1962            	3.00216261e+02
1963            	3.00216367e+02
1964            	3.00216436e+02
1965            	3.00216491e+02
1966            	3.00216524e+02
1967            	3.00216518e+02
1968            	3.00216523e+02
1969            	3.00216526e+02
1970            	3.00216526e+02
1971            	3.00216571e+02
1972            	3.00216615e+02
1973            	3.00216626e+02
1974            	3.00216659e+02
1975            	3.00216725e+02
1976            	3.00216758e+02
1977            	3.00216734e+02
1978            	3.00216684e+02
1979            	3.00216634e+02
1980            	3.00216599e+02
1981            	3.00216581e+02
1982            	3.00216575e+02
1983            	3.00216589e+02
1984            	3.00216583e+02
1985            	3.00216553e+02
1986            	3.00216502e+02
1987            	3.00216448e+02
1988            	3.00216424e+02
1989            	3.00216405e+02
1990            	3.00216390e+02
1991            	3.00216414e+02
1992            	3.00216426e+02
1993            	3.00216429e+02
1994            	3.00216446e+02
1995            	3.00216467e+02
1996            	3.00216468e+02
1997            	3.00216492e+02
1998            	3.00216466e+02
1999            	3.00216509e+02
2000            	3.00216536e+02
